0 0.44636363636363635 0.27305825242718446 0.07090909090909092 0.12864077669902915
0 0.8318181818181818 0.4599514563106796 0.12545454545454549 0.13349514563106796
1 0.17636363636363633 0.35558252427184467 0.15999999999999998 0.23058252427184467
1 0.7336363636363636 0.46116504854368934 0.10000000000000009 0.1407766990291262
1 0.6481818181818182 0.5012135922330097 0.09636363636363643 0.16262135922330095
1 0.5872727272727273 0.337378640776699 0.10181818181818181 0.1553398058252427
1 0.71 0.29490291262135926 0.08181818181818179 0.14320388349514562
1 0.6527272727272727 0.3495145631067961 0.06909090909090909 0.11650485436893204
1 0.8909090909090909 0.308252427184466 0.050909090909090904 0.07766990291262138
1 0.9409090909090909 0.2645631067961165 0.041818181818181754 0.06310679611650483
1 0.8509090909090908 0.2633495145631068 0.039999999999999925 0.06553398058252424
1 0.7754545454545454 0.24514563106796117 0.030909090909090886 0.05339805825242719
1 0.3490909090909091 0.40533980582524276 0.09454545454545454 0.1553398058252427
1 0.28454545454545455 0.3252427184466019 0.1072727272727273 0.17475728155339804
1 0.7827272727272727 0.2912621359223301 0.041818181818181754 0.06310679611650488
1 0.9218181818181819 0.2997572815533981 0.047272727272727244 0.07524271844660196
1 0.8318181818181818 0.3640776699029126 0.08545454545454545 0.10194174757281549
