0 0.0325 0.3716666666666667 0.06 0.10333333333333333
0 0.0875 0.3566666666666667 0.05 0.08000000000000002
0 0.05375 0.31666666666666665 0.042499999999999996 0.06666666666666665
0 0.22375 0.33333333333333337 0.0625 0.10000000000000003
0 0.19374999999999998 0.31833333333333336 0.04250000000000001 0.07
0 0.31375 0.30666666666666664 0.03750000000000003 0.06
0 0.345 0.32999999999999996 0.04999999999999999 0.08000000000000002
0 0.41500000000000004 0.30500000000000005 0.02999999999999997 0.04999999999999999
0 0.42874999999999996 0.33333333333333337 0.03250000000000003 0.06
0 0.54375 0.3416666666666667 0.05249999999999999 0.07666666666666666
0 0.6325000000000001 0.31166666666666665 0.039999999999999925 0.0633333333333333
0 0.72 0.3616666666666667 0.07499999999999996 0.13666666666666666
0 0.85125 0.3416666666666667 0.07250000000000001 0.1233333333333333
