0 0.18375 0.37898686679174487 0.08500000000000002 0.15759849906191364
1 0.40437500000000004 0.375234521575985 0.058750000000000024 0.09380863039399628
1 0.66625 0.37429643527204504 0.04749999999999999 0.08442776735459662
1 0.7381249999999999 0.33208255159474676 0.05625000000000002 0.10506566604127582
1 0.815625 0.32645403377110693 0.06375000000000008 0.1200750469043152
1 0.89375 0.40056285178236395 0.0625 0.09568480300187615
1 0.968125 0.3283302063789869 0.06374999999999997 0.12382739212007504
0 0.78375 0.3339587242026266 0.032500000000000084 0.08630393996247654
1 0.6012500000000001 0.38649155722326456 0.0675 0.11257035647279551
1 0.5325 0.3630393996247655 0.08750000000000002 0.13696060037523455
1 0.22499999999999998 0.3827392120075047 0.04250000000000001 0.0863039399624766
0 0.12125 0.39399624765478425 0.03750000000000002 0.075046904315197
0 0.014374999999999999 0.38555347091932457 0.02625 0.05816135084427765
1 0.0875 0.3236397748592871 0.052500000000000005 0.08442776735459662
