0 0.323 0.0666156202143951 0.09399999999999997 0.07503828483920369
0 0.397 0.10183767228177641 0.045999999999999985 0.0444104134762634
0 0.488 0.25344563552833077 0.18799999999999994 0.1546707503828484
0 0.73 0.09341500765696784 0.07600000000000007 0.06125574272588055
0 0.441 0.12021439509954059 0.02200000000000002 0.016845329249617153
0 0.476 0.13552833078101073 0.019999999999999962 0.019908116385911195
0 0.571 0.13629402756508424 0.017999999999999905 0.015313935681470131
0 0.612 0.1339969372128637 0.020000000000000018 0.013782542113323137
0 0.64 0.15849923430321594 0.02400000000000002 0.016845329249617153
0 0.539 0.13935681470137826 0.018000000000000016 0.015313935681470159
0 0.515 0.14165390505359876 0.018000000000000016 0.016845329249617153
