0 0.4394444444444444 0.5183333333333333 0.023333333333333373 0.046666666666666634
0 0.49833333333333335 0.5008333333333334 0.02777777777777779 0.04833333333333334
0 0.7177777777777778 0.5 0.013333333333333308 0.020000000000000018
0 0.5622222222222222 0.5166666666666666 0.00666666666666671 0.013333333333333308
0 0.47333333333333333 0.5125 0.011111111111111072 0.018333333333333313
0 0.6766666666666666 0.5008333333333334 0.011111111111111072 0.018333333333333368
0 0.7061111111111111 0.5008333333333334 0.010000000000000009 0.014999999999999958
0 0.5383333333333333 0.5116666666666667 0.012222222222222134 0.01666666666666672
0 0.34833333333333333 0.5233333333333333 0.010000000000000009 0.020000000000000018
0 0.8027777777777778 0.5058333333333334 0.012222222222222245 0.021666666666666723
0 0.8427777777777778 0.4975 0.012222222222222245 0.021666666666666612
