0 0.20083333333333334 0.41374999999999995 0.07166666666666666 0.11249999999999999
0 0.3325 0.3325 0.05499999999999999 0.10000000000000003
0 0.425 0.31875 0.033333333333333326 0.057499999999999996
0 0.45999999999999996 0.34625 0.03666666666666668 0.0625
0 0.475 0.3175 0.02999999999999997 0.05499999999999999
0 0.6225 0.36125 0.03500000000000003 0.0625
0 0.8275 0.36125 0.03499999999999992 0.057499999999999996
1 0.09833333333333333 0.3825 0.03333333333333334 0.04500000000000004
1 0.245 0.31875 0.023333333333333317 0.04250000000000004
1 0.27 0.34125 0.020000000000000018 0.03749999999999998
1 0.2891666666666667 0.33375 0.021666666666666667 0.03249999999999997
