0 0.395 0.24371859296482412 0.09000000000000002 0.16582914572864324
0 0.5116666666666667 0.17336683417085424 0.06999999999999995 0.13567839195979897
0 0.6483333333333333 0.17336683417085427 0.050000000000000044 0.08542713567839194
0 0.725 0.20351758793969849 0.07666666666666666 0.14572864321608037
0 0.7833333333333334 0.24120603015075376 0.033333333333333326 0.060301507537688454
0 0.845 0.2361809045226131 0.036666666666666625 0.07035175879396985
0 0.89 0.23115577889447236 0.06666666666666665 0.1507537688442211
0 0.095 0.10552763819095477 0.18333333333333335 0.20100502512562815
1 0.10833333333333334 0.31909547738693467 0.21000000000000002 0.26633165829145733
1 0.23833333333333334 0.23618090452261306 0.030000000000000027 0.040201005025125636
0 0.28833333333333333 0.22110552763819097 0.023333333333333317 0.04020100502512561
1 0.9433333333333334 0.364321608040201 0.11333333333333329 0.6884422110552764
