0 0.509 0.27439024390243905 0.09400000000000003 0.1463414634146341
0 0.74 0.47865853658536583 0.19999999999999996 0.29878048780487804
1 0.191 0.5060975609756098 0.20199999999999999 0.3353658536585366
1 0.05 0.22865853658536583 0.096 0.1524390243902439
1 0.25 0.22713414634146342 0.04400000000000001 0.08231707317073172
1 0.28700000000000003 0.31097560975609756 0.057999999999999996 0.11585365853658536
1 0.882 0.15701219512195122 0.06000000000000005 0.11280487804878048
1 0.968 0.09451219512195122 0.052000000000000046 0.12195121951219512
1 0.808 0.12804878048780488 0.051999999999999935 0.09146341463414633
1 0.776 0.10670731707317074 0.02400000000000002 0.060975609756097573
1 0.726 0.09908536585365854 0.05600000000000005 0.08841463414634146
1 0.636 0.1524390243902439 0.040000000000000036 0.06707317073170732
1 0.6040000000000001 0.28048780487804875 0.08399999999999996 0.12804878048780485
1 0.562 0.11128048780487804 0.03199999999999992 0.06402439024390243
1 0.536 0.12195121951219512 0.02400000000000002 0.04878048780487804
1 0.499 0.12195121951219512 0.026000000000000023 0.04878048780487804
1 0.603 0.14176829268292684 0.02200000000000002 0.05182926829268293
1 0.21200000000000002 0.19817073170731708 0.036000000000000004 0.048780487804878064
1 0.33299999999999996 0.17073170731707316 0.045999999999999985 0.08536585365853658
1 0.43600000000000005 0.1524390243902439 0.06 0.11585365853658536
1 0.382 0.1326219512195122 0.03600000000000003 0.05792682926829269
1 0.25 0.11128048780487806 0.04000000000000001 0.05182926829268293
1 0.194 0.12957317073170732 0.016000000000000014 0.03353658536585365
1 0.215 0.13567073170731708 0.014000000000000012 0.0274390243902439
1 0.198 0.15548780487804878 0.015999999999999986 0.024390243902439046
1 0.344 0.1173780487804878 0.019999999999999962 0.027439024390243913
1 0.692 0.14329268292682928 0.027999999999999914 0.05487804878048781
1 0.654 0.13414634146341464 0.03200000000000003 0.060975609756097573
