0 0.8345864661654134 0.7698412698412698 0.07218045112781957 0.11111111111111105
0 0.9834586466165414 0.7222222222222222 0.03308270676691727 0.0793650793650793
0 0.6827067669172933 0.717687074829932 0.05714285714285716 0.09297052154195007
0 0.7578947368421053 0.7222222222222222 0.0541353383458647 0.0748299319727892
0 0.7849624060150375 0.6360544217687074 0.03609022556390984 0.061224489795918324
0 0.8443609022556391 0.6700680272108843 0.05563909774436082 0.08843537414965985
0 0.9015037593984963 0.6723356009070295 0.043609022556390986 0.061224489795918435
0 0.5496240601503759 0.6621315192743764 0.046616541353383445 0.07256235827664392
0 0.5180451127819549 0.7925170068027212 0.07067669172932328 0.10204081632653061
0 0.4676691729323308 0.6303854875283447 0.03909774436090224 0.05895691609977316
0 0.27593984962406015 0.7142857142857142 0.05563909774436093 0.09523809523809523
0 0.3466165413533835 0.6700680272108843 0.04962406015037596 0.07029478458049887
0 0.3015037593984963 0.5997732426303855 0.031578947368421095 0.05668934240362811
0 0.18721804511278195 0.6326530612244898 0.03759398496240601 0.05895691609977327
0 0.1849624060150376 0.5952380952380952 0.0330827067669173 0.04308390022675734
0 0.15112781954887217 0.5748299319727891 0.022556390977443636 0.03401360544217691
0 0.12631578947368421 0.5589569160997733 0.02406015037593985 0.03401360544217691
0 0.5323308270676692 0.5861678004535147 0.021052631578947323 0.02947845804988669
0 0.5842105263157895 0.5759637188208617 0.025563909774436122 0.031746031746031744
0 0.624812030075188 0.6224489795918366 0.0345864661654135 0.05215419501133789
0 0.6541353383458647 0.6666666666666667 0.03909774436090219 0.05895691609977327
0 0.6894736842105262 0.6133786848072562 0.02857142857142858 0.04308390022675734
0 0.7345864661654136 0.6519274376417233 0.03759398496240596 0.05668934240362811
0 0.7556390977443609 0.5861678004535147 0.02556390977443601 0.038548752834467126
0 0.7225563909774435 0.590702947845805 0.02857142857142858 0.038548752834467126
0 0.9225563909774437 0.6213151927437641 0.0345864661654135 0.04535147392290251
0 0.9263157894736842 0.5351473922902494 0.024060150375939893 0.03628117913832196
0 0.8120300751879699 0.5612244897959184 0.018045112781954864 0.02947845804988669
0 0.7909774436090226 0.562358276643991 0.021052631578947434 0.03628117913832196
0 0.662406015037594 0.5170068027210883 0.019548872180451093 0.031746031746031744
0 0.6909774436090226 0.5226757369614512 0.019548872180451093 0.02947845804988669
0 0.412781954887218 0.6133786848072562 0.03157894736842104 0.04308390022675734
0 0.37593984962406013 0.5861678004535147 0.024060150375939837 0.0340136054421768
0 0.2661654135338346 0.5952380952380952 0.03007518796992481 0.04308390022675734
0 0.23834586466165414 0.5714285714285714 0.025563909774436122 0.03628117913832196
0 0.22030075187969925 0.5668934240362812 0.022556390977443608 0.03628117913832196
0 0.4789473684210526 0.5929705215419501 0.025563909774436122 0.0340136054421768
0 0.8729323308270677 0.5657596371882085 0.016541353383458635 0.024943310657596363
0 0.5669172932330827 0.5748299319727892 0.018045112781954975 0.024943310657596363
0 0.606015037593985 0.5612244897959184 0.021052631578947323 0.02947845804988669
0 0.6157894736842106 0.5736961451247166 0.019548872180451093 0.027210884353741527
0 0.6300751879699249 0.5408163265306123 0.015037593984962405 0.020408163265306034
0 0.6473684210526316 0.5759637188208617 0.022556390977443552 0.031746031746031744
0 0.7022556390977444 0.5521541950113378 0.015037593984962405 0.024943310657596363
0 0.7646616541353384 0.5589569160997732 0.016541353383458635 0.024943310657596363
0 0.4255639097744361 0.5714285714285714 0.021052631578947323 0.031746031746031744
0 0.40902255639097745 0.5861678004535147 0.02706766917293235 0.0340136054421768
0 0.46466165413533833 0.5816326530612246 0.02706766917293235 0.038548752834467126
0 0.487218045112782 0.5736961451247165 0.02105263157894738 0.031746031746031744
0 0.5398496240601505 0.5555555555555556 0.015037593984962405 0.027210884353741527
0 0.7353383458646616 0.5612244897959183 0.015037593984962405 0.020408163265306145
0 0.5278195488721804 0.6519274376417235 0.02706766917293235 0.05215419501133789
0 0.5639097744360901 0.536281179138322 0.012030075187969946 0.015873015873015928
0 0.5827067669172932 0.5374149659863945 0.016541353383458746 0.02267573696145131
0 0.44436090225563907 0.5657596371882085 0.01954887218045115 0.02947845804988669
0 0.7804511278195488 0.6065759637188208 0.03007518796992481 0.038548752834467126
0 0.0406015037593985 0.8537414965986394 0.07819548872180451 0.147392290249433
0 0.058646616541353384 0.7267573696145124 0.06917293233082707 0.10657596371882094
0 0.06090225563909774 0.6609977324263039 0.05864661654135338 0.05668934240362811
0 0.06390977443609022 0.6303854875283447 0.049624060150375945 0.049886621315192725
0 0.0699248120300752 0.5895691609977325 0.04360902255639097 0.04535147392290251
0 0.09323308270676692 0.5782312925170068 0.027067669172932324 0.03628117913832196
0 0.07969924812030076 0.5521541950113379 0.018045112781954892 0.02947845804988658
0 0.19323308270676692 0.5600907029478458 0.01954887218045112 0.027210884353741527
0 0.30601503759398496 0.5555555555555556 0.016541353383458635 0.0226757369614512
0 0.34962406015037595 0.5714285714285714 0.019548872180451093 0.031746031746031744
0 0.3315789473684211 0.5532879818594104 0.01654135338345869 0.0226757369614512
0 0.37894736842105264 0.5566893424036281 0.018045112781954864 0.024943310657596363
0 0.04962406015037594 0.49433106575963714 0.015037593984962405 0.02721088435374147
0 0.06090225563909774 0.5340136054421769 0.01654135338345865 0.024943310657596363
0 0.12105263157894736 0.5306122448979591 0.013533834586466162 0.01814058956916098
0 0.23458646616541354 0.5430839002267573 0.015037593984962405 0.020408163265306145
0 0.2195488721804511 0.5419501133786848 0.012030075187969919 0.01814058956916098
0 0.8428571428571429 0.6145124716553287 0.03759398496240607 0.04081632653061218
0 0.8210526315789474 0.63718820861678 0.03007518796992481 0.04081632653061229
0 0.9639097744360903 0.5804988662131519 0.018045112781954864 0.027210884353741527
0 0.9834586466165414 0.5839002267573696 0.024060150375939893 0.03401360544217691
0 0.9233082706766917 0.7233560090702948 0.069172932330827 0.09523809523809523
0 0.41203007518796997 0.7142857142857143 0.05413533834586465 0.07709750566893425
0 0.33233082706766914 0.5839002267573696 0.024060150375939837 0.038548752834467126
0 0.8421052631578947 0.5600907029478458 0.015037593984962405 0.0226757369614512
0 0.8548872180451128 0.5600907029478458 0.016541353383458635 0.0226757369614512
0 0.9593984962406015 0.5521541950113379 0.012030075187969946 0.020408163265306145
0 0.8932330827067669 0.5634920634920635 0.018045112781954864 0.024943310657596474
0 0.6112781954887219 0.528344671201814 0.010526315789473606 0.018140589569161092
0 0.8233082706766918 0.5328798185941044 0.013533834586466176 0.01814058956916098
0 0.849624060150376 0.5385487528344671 0.012030075187969835 0.020408163265306145
