0 0.0325 0.3616666666666667 0.06 0.11666666666666664
0 0.08625 0.35833333333333334 0.052500000000000005 0.08999999999999997
0 0.055 0.32499999999999996 0.045 0.07
0 0.71875 0.3616666666666667 0.0774999999999999 0.13
0 0.855 0.3466666666666667 0.07499999999999996 0.12
0 0.6375 0.31 0.04999999999999993 0.07333333333333336
0 0.54625 0.3416666666666667 0.05249999999999999 0.08999999999999997
0 0.4275 0.33166666666666667 0.040000000000000036 0.06333333333333335
0 0.41500000000000004 0.30833333333333335 0.02999999999999997 0.05666666666666664
0 0.34375 0.32999999999999996 0.04249999999999998 0.08000000000000002
0 0.2225 0.335 0.05499999999999999 0.09666666666666668
0 0.31625000000000003 0.31000000000000005 0.04250000000000004 0.06
0 0.19 0.33166666666666667 0.035 0.07666666666666666
