0 0.08937500000000001 0.36652977412731 0.08125 0.14989733059548255
0 0.195625 0.42299794661190965 0.07125000000000001 0.1273100616016427
0 0.195 0.3182751540041068 0.07 0.1190965092402464
0 0.28874999999999995 0.3860369609856263 0.065 0.13552361396303902
0 0.325625 0.4127310061601643 0.03874999999999995 0.10266940451745377
0 0.345625 0.40143737166324434 0.04125000000000001 0.11704312114989734
0 0.398125 0.4260780287474333 0.06374999999999997 0.1211498973305955
0 0.44875 0.4568788501026694 0.04999999999999999 0.10882956878850097
0 0.604375 0.4127310061601643 0.0462499999999999 0.11088295687885008
0 0.6275 0.36652977412731 0.05999999999999994 0.1211498973305955
0 0.6725000000000001 0.3624229979466119 0.04749999999999999 0.10882956878850103
0 0.725625 0.3839835728952772 0.053749999999999964 0.10677618069815192
0 0.76375 0.3757700205338809 0.04249999999999998 0.09856262833675566
0 0.8425 0.43737166324435317 0.050000000000000044 0.10266940451745382
0 0.88625 0.4260780287474333 0.050000000000000044 0.09650924024640656
0 0.934375 0.43121149897330596 0.04375000000000007 0.09856262833675566
1 0.533125 0.40246406570841886 0.06125000000000003 0.11088295687885014
1 0.02125 0.43326488706365507 0.04 0.10266940451745382
0 0.256875 0.3757700205338809 0.04125000000000004 0.09856262833675566
