0 0.5708661417322834 0.2584856396866841 0.16850393700787403 0.391644908616188
1 0.15984251968503937 0.2754569190600522 0.14330708661417324 0.31592689295039167
1 0.04566929133858268 0.16449086161879897 0.08818897637795275 0.20887728459530028
1 0.1590551181102362 0.1122715404699739 0.14173228346456693 0.1566579634464752
1 0.4086614173228347 0.08616187989556134 0.11496062992125983 0.16710182767624018
1 0.28346456692913385 0.4712793733681462 0.19212598425196847 0.3315926892950391
1 0.7921259842519686 0.47780678851174935 0.18582677165354322 0.3342036553524804
1 0.8944881889763779 0.27415143603133163 0.21102362204724412 0.2976501305483029
1 0.8322834645669291 0.13185378590078328 0.14330708661417324 0.22715404699738903
1 0.7307086614173228 0.13838120104438642 0.10078740157480315 0.22454308093994776
1 0.621259842519685 0.10052219321148824 0.11181102362204731 0.19582245430809397
1 0.489763779527559 0.12663185378590078 0.11968503937007874 0.22193211488250653
1 0.3629921259842519 0.8368146214099217 0.35433070866141725 0.3263707571801566
