0 0.07555555555555557 0.6383333333333334 0.12888888888888891 0.2366666666666667
0 0.18777777777777777 0.7050000000000001 0.15333333333333332 0.30333333333333334
0 0.3511111111111111 0.4633333333333334 0.10222222222222221 0.2
0 0.32333333333333336 0.2816666666666667 0.055555555555555525 0.1166666666666667
0 0.29444444444444445 0.2866666666666667 0.033333333333333326 0.07999999999999999
0 0.39 0.3 0.05111111111111111 0.08666666666666667
0 0.42666666666666664 0.37 0.07111111111111107 0.1266666666666667
0 0.4966666666666667 0.30666666666666664 0.05111111111111116 0.10000000000000003
0 0.47555555555555556 0.2633333333333333 0.03555555555555556 0.07333333333333333
0 0.4488888888888889 0.25666666666666665 0.03111111111111109 0.07333333333333333
0 0.6144444444444445 0.32499999999999996 0.06000000000000005 0.12333333333333335
0 0.7011111111111111 0.32166666666666666 0.046666666666666634 0.10999999999999999
0 0.7722222222222223 0.2733333333333333 0.046666666666666634 0.09333333333333335
0 0.8077777777777777 0.20833333333333331 0.028888888888888853 0.06333333333333332
0 0.7044444444444444 0.23500000000000001 0.03555555555555556 0.07
0 0.5366666666666666 0.21333333333333335 0.0377777777777778 0.08000000000000002
0 0.5888888888888889 0.2416666666666667 0.04444444444444451 0.07666666666666669
0 0.5811111111111111 0.185 0.033333333333333326 0.07
0 0.6544444444444444 0.18666666666666668 0.028888888888888853 0.06
0 0.6111111111111112 0.19333333333333336 0.022222222222222254 0.04666666666666666
0 0.6955555555555555 0.17333333333333334 0.022222222222222254 0.04666666666666666
0 0.7577777777777778 0.15333333333333332 0.022222222222222143 0.04666666666666666
0 0.7177777777777778 0.19666666666666666 0.026666666666666727 0.04666666666666666
0 0.8566666666666667 0.15666666666666668 0.028888888888888853 0.06
0 0.6277777777777778 0.17666666666666667 0.02444444444444449 0.04666666666666669
0 0.8166666666666667 0.14166666666666666 0.020000000000000018 0.03666666666666667
