0 0.26594202898550723 0.5762548262548263 0.1579710144927536 0.2335907335907335
0 0.7739130434782608 0.48166023166023164 0.11014492753623184 0.16023166023166024
0 0.6130434782608696 0.31177606177606176 0.05797101449275366 0.09073359073359072
0 0.5543478260869565 0.2644787644787645 0.047826086956521685 0.07335907335907338
0 0.5195652173913043 0.22393822393822393 0.050724637681159424 0.0772200772200772
0 0.3804347826086957 0.3426640926640927 0.05652173913043479 0.09073359073359072
0 0.37246376811594206 0.4372586872586872 0.08115942028985507 0.12934362934362936
0 0.4036231884057971 0.24517374517374518 0.050724637681159424 0.08108108108108106
0 0.49492753623188407 0.1554054054054054 0.036231884057971064 0.06370656370656369
0 0.25217391304347825 0.29054054054054057 0.060869565217391286 0.08687258687258687
0 0.0746376811594203 0.4218146718146718 0.07971014492753623 0.10231660231660233
0 0.27318840579710146 0.23262548262548263 0.04782608695652171 0.06370656370656375
1 0.17318840579710146 0.16891891891891891 0.030434782608695643 0.05212355212355213
1 0.9449275362318841 0.21814671814671815 0.04637681159420293 0.0694980694980695
0 0.8427536231884059 0.21042471042471042 0.033333333333333326 0.04633204633204635
0 0.6442028985507247 0.06563706563706564 0.02463768115942022 0.04633204633204634
1 0.059420289855072465 0.14478764478764478 0.037681159420289864 0.05405405405405404
1 0.12753623188405797 0.14092664092664092 0.028985507246376815 0.038610038610038616
1 0.15579710144927536 0.14478764478764478 0.02753623188405796 0.03474903474903476
1 0.2217391304347826 0.11486486486486486 0.026086956521739146 0.03281853281853281
0 0.25434782608695655 0.1138996138996139 0.027536231884057988 0.04247104247104248
1 0.2753623188405797 0.06563706563706564 0.023188405797101463 0.03474903474903475
1 0.30289855072463767 0.06467181467181467 0.023188405797101463 0.028957528957528955
1 0.40797101449275364 0.166988416988417 0.030434782608695643 0.044401544401544424
0 0.45507246376811594 0.12548262548262548 0.02608695652173909 0.0386100386100386
1 0.40289855072463765 0.09652509652509653 0.026086956521739146 0.038610038610038616
