0 0.135 0.28488372093023256 0.06666666666666667 0.10930232558139533
0 0.16249999999999998 0.3244186046511628 0.04166666666666666 0.08139534883720934
0 0.36916666666666664 0.3058139534883721 0.028333333333333377 0.06744186046511624
0 0.395 0.3069767441860465 0.03999999999999998 0.06976744186046507
0 0.42000000000000004 0.3383720930232558 0.04999999999999999 0.09069767441860466
0 0.4741666666666666 0.3441860465116279 0.051666666666666694 0.09767441860465115
0 0.525 0.3581395348837209 0.06000000000000005 0.10697674418604652
0 0.5416666666666666 0.3023255813953488 0.040000000000000036 0.06511627906976741
0 0.5841666666666667 0.29186046511627906 0.04166666666666663 0.0674418604651163
0 0.6058333333333333 0.34186046511627904 0.06833333333333336 0.11162790697674418
0 0.665 0.3174418604651163 0.04999999999999993 0.09069767441860466
0 0.7391666666666667 0.313953488372093 0.06166666666666665 0.10232558139534886
0 0.8316666666666667 0.34069767441860466 0.06666666666666665 0.11860465116279073
