0 0.2654166666666667 0.350625 0.08583333333333334 0.14125
0 0.875 0.36124999999999996 0.08166666666666678 0.15999999999999998
0 0.7270833333333333 0.395625 0.02749999999999997 0.053749999999999964
0 0.021666666666666667 0.14 0.018333333333333333 0.0325
0 0.08208333333333334 0.34375 0.015833333333333324 0.030000000000000027
0 0.32791666666666663 0.35687500000000005 0.01583333333333331 0.028749999999999998
1 0.14666666666666667 0.3375 0.016666666666666663 0.024999999999999967
1 0.14458333333333334 0.323125 0.015833333333333338 0.026249999999999996
0 0.16333333333333333 0.25375000000000003 0.011666666666666659 0.02250000000000002
0 0.2808333333333334 0.266875 0.011666666666666659 0.021250000000000047
