0 0.7922222222222222 0.29166666666666663 0.046666666666666745 0.08333333333333331
0 0.9311111111111111 0.2583333333333333 0.057777777777777706 0.10333333333333333
1 0.35 0.30666666666666664 0.055555555555555525 0.11999999999999997
1 0.22 0.27166666666666667 0.0977777777777778 0.17
1 0.54 0.29500000000000004 0.10666666666666669 0.21000000000000002
1 0.46555555555555556 0.315 0.07333333333333336 0.15000000000000002
1 0.6055555555555555 0.31833333333333336 0.05111111111111111 0.09000000000000002
1 0.6655555555555556 0.2583333333333333 0.05111111111111111 0.10333333333333333
1 0.6211111111111112 0.2816666666666667 0.0377777777777778 0.07666666666666666
1 0.4922222222222222 0.22833333333333333 0.02444444444444449 0.05000000000000002
1 0.8733333333333333 0.325 0.022222222222222254 0.030000000000000027
1 0.9922222222222222 0.31 0.015555555555555545 0.053333333333333344
