0 0.38363636363636366 0.10079575596816977 0.10181818181818186 0.1962864721485411
0 0.6618181818181819 0.12466843501326261 0.11272727272727268 0.17506631299734748
0 0.8372727272727272 0.22413793103448276 0.034545454545454546 0.0557029177718833
0 0.7918181818181818 0.19098143236074272 0.030909090909090886 0.05835543766578247
0 0.5481818181818181 0.2042440318302387 0.030909090909090886 0.04774535809018568
0 0.05181818181818182 0.16312997347480107 0.030909090909090914 0.06100795755968169
0 0.11636363636363636 0.2771883289124668 0.029090909090909098 0.05039787798408485
0 0.17727272727272728 0.2692307692307693 0.023636363636363622 0.03448275862068967
0 0.9736363636363636 0.17771883289124668 0.049090909090909074 0.09018567639257294
0 0.3109090909090909 0.1830238726790451 0.025454545454545452 0.037135278514588865
