0 0.05236486486486487 0.5028818443804035 0.10135135135135136 0.3198847262247838
0 0.20692567567567569 0.3126801152737752 0.16385135135135137 0.2968299711815562
0 0.35304054054054057 0.32708933717579247 0.13513513513513514 0.2507204610951008
0 0.5211148648648649 0.23054755043227665 0.10641891891891891 0.1786743515850144
0 0.6021959459459459 0.45244956772334294 0.10979729729729737 0.25936599423631124
0 0.785472972972973 0.23631123919308358 0.07770270270270274 0.15561959654178675
1 0.683277027027027 0.23487031700288186 0.0726351351351352 0.1527377521613833
1 0.8944256756756757 0.08501440922190201 0.10304054054054057 0.1642651296829971
0 0.9738175675675675 0.10086455331412104 0.048986486486486513 0.19020172910662825
1 0.8217905405405406 0.1930835734870317 0.03209459459459463 0.06916426512968299
0 0.25929054054054057 0.1873198847262248 0.021959459459459485 0.04034582132564843
