0 0.0875 0.38963963963963966 0.05500000000000001 0.1216216216216216
0 0.16312500000000002 0.36599099099099097 0.04874999999999999 0.10135135135135137
0 0.22125 0.36373873873873874 0.03999999999999998 0.08783783783783783
0 0.281875 0.38175675675675674 0.03375 0.0788288288288288
0 0.355625 0.4009009009009009 0.03125 0.07207207207207206
0 0.4375 0.3592342342342343 0.03249999999999997 0.06981981981981983
0 0.50625 0.3761261261261261 0.03249999999999997 0.07657657657657657
0 0.5625 0.3738738738738739 0.03499999999999992 0.07657657657657657
0 0.641875 0.3457207207207207 0.03374999999999995 0.07432432432432429
0 0.660625 0.3873873873873874 0.03374999999999995 0.08108108108108109
0 0.701875 0.37612612612612617 0.03874999999999995 0.09459459459459457
0 0.7875 0.4009009009009009 0.050000000000000044 0.11261261261261263
0 0.88375 0.3186936936936937 0.04999999999999993 0.11486486486486486
