0 0.07714285714285715 0.4838709677419355 0.04571428571428572 0.11827956989247307
0 0.12714285714285714 0.4731182795698925 0.04285714285714286 0.09677419354838707
0 0.18285714285714286 0.46505376344086025 0.03428571428571431 0.08064516129032256
0 0.21714285714285714 0.4946236559139785 0.03428571428571428 0.06451612903225806
0 0.5485714285714286 0.4838709677419355 0.03428571428571425 0.07526881720430106
0 0.6 0.45967741935483875 0.03428571428571425 0.08064516129032256
0 0.43857142857142856 0.47043010752688175 0.037142857142857144 0.08064516129032256
0 0.40285714285714286 0.45967741935483875 0.02857142857142858 0.06989247311827956
0 0.35714285714285715 0.47043010752688175 0.03428571428571425 0.08064516129032256
0 0.2785714285714286 0.48118279569892475 0.037142857142857144 0.06989247311827956
0 0.6342857142857143 0.47043010752688175 0.02857142857142858 0.08064516129032256
0 0.49571428571428566 0.4731182795698925 0.03714285714285709 0.07526881720430106
1 0.7314285714285714 0.49193548387096775 0.03428571428571425 0.06989247311827956
0 0.7871428571428571 0.49193548387096775 0.03142857142857136 0.06989247311827956
