0 0.71375 0.3616666666666667 0.07250000000000001 0.12333333333333335
0 0.8512500000000001 0.34 0.0675 0.12
0 0.635 0.31 0.04499999999999993 0.06666666666666665
0 0.5449999999999999 0.33499999999999996 0.04999999999999993 0.08333333333333331
0 0.425 0.33166666666666667 0.03500000000000003 0.06333333333333335
0 0.3425 0.335 0.044999999999999984 0.07666666666666666
0 0.315 0.30833333333333335 0.030000000000000027 0.05666666666666664
0 0.22375 0.33333333333333337 0.057499999999999996 0.09333333333333332
0 0.03375 0.3666666666666667 0.0625 0.10000000000000003
0 0.08875 0.3516666666666667 0.042499999999999996 0.08333333333333331
