0 0.26 0.7004504504504505 0.122 0.18768768768768773
0 0.196 0.6313813813813813 0.066 0.10960960960960964
0 0.2895 0.5990990990990991 0.046999999999999986 0.06606606606606613
0 0.696 0.6569069069069069 0.06599999999999995 0.09759759759759756
0 0.867 0.6133633633633634 0.04800000000000004 0.07057057057057059
0 0.8365 0.5938438438438438 0.031000000000000028 0.05555555555555558
0 0.815 0.5705705705705706 0.025999999999999912 0.048048048048048075
0 0.6455 0.6148648648648649 0.041000000000000036 0.06756756756756765
0 0.395 0.6118618618618619 0.04799999999999999 0.0795795795795795
0 0.4245 0.5788288288288288 0.029000000000000026 0.06156156156156156
0 0.444 0.5645645645645645 0.02400000000000002 0.048048048048047964
0 0.5485 0.5510510510510511 0.02100000000000002 0.036036036036036
0 0.605 0.5803303303303303 0.03400000000000003 0.052552552552552534
0 0.5680000000000001 0.5645645645645645 0.019999999999999907 0.03903903903903905
0 0.584 0.5773273273273274 0.02400000000000002 0.0495495495495496
0 0.751 0.5900900900900901 0.040000000000000036 0.0570570570570571
0 0.725 0.5690690690690691 0.02400000000000002 0.033033033033033066
0 0.6835 0.557057057057057 0.016999999999999904 0.033033033033032955
0 0.65 0.5660660660660661 0.030000000000000027 0.03903903903903905
0 0.3595 0.5630630630630631 0.029000000000000026 0.04504504504504503
0 0.39449999999999996 0.5593093093093093 0.024999999999999967 0.04054054054054057
0 0.38 0.49624624624624625 0.016000000000000014 0.03153153153153149
0 0.458 0.5615615615615616 0.018000000000000016 0.033033033033033066
0 0.27449999999999997 0.5510510510510511 0.020999999999999963 0.036036036036036
0 0.3045 0.506006006006006 0.01100000000000001 0.027027027027026973
0 0.33799999999999997 0.5510510510510511 0.01799999999999996 0.033033033033032955
0 0.222 0.557057057057057 0.02400000000000002 0.042042042042042094
0 0.17049999999999998 0.5593093093093093 0.033 0.04654654654654655
0 0.1165 0.5630630630630631 0.035 0.06306306306306309
0 0.0645 0.5 0.043 0.06606606606606608
0 0.023 0.5915915915915917 0.044 0.08408408408408408
1 0.7335 0.5157657657657657 0.019000000000000017 0.028528528528528496
