0 0.490625 0.09747706422018348 0.043749999999999956 0.08486238532110091
0 0.446875 0.11238532110091742 0.03750000000000003 0.06422018348623852
0 0.47109375 0.3853211009174312 0.06093750000000003 0.11009174311926606
0 0.4078125 0.6238532110091743 0.10000000000000003 0.1513761467889908
0 0.5296875 0.4461009174311927 0.06875000000000003 0.11238532110091748
0 0.6359375 0.42201834862385323 0.07187500000000002 0.11009174311926606
0 0.6625 0.11123853211009174 0.046875 0.08027522935779817
0 0.22109375 0.18692660550458717 0.05156250000000001 0.09403669724770644
0 0.24765625000000002 0.41055045871559637 0.1078125 0.1605504587155963
1 0.4625 0.1628440366972477 0.04375000000000001 0.08256880733944953
0 0.60859375 0.16169724770642202 0.0390625 0.0665137614678899
1 0.0484375 0.3772935779816514 0.065625 0.08944954128440369
