0 0.3640625 0.8458333333333333 0.078125 0.11250000000000004
0 0.63046875 0.8416666666666667 0.0703125 0.12916666666666665
0 0.915625 0.8291666666666666 0.078125 0.11249999999999993
0 0.96875 0.6885416666666666 0.043749999999999956 0.060416666666666674
0 0.85546875 0.7562500000000001 0.06406249999999991 0.08750000000000002
0 0.78984375 0.7291666666666667 0.05781249999999993 0.07500000000000007
0 0.7328125 0.7270833333333333 0.046875 0.0625
0 0.59375 0.7333333333333334 0.050000000000000044 0.07083333333333341
0 0.4234375 0.7708333333333333 0.05937500000000001 0.08750000000000002
0 0.2015625 0.7791666666666667 0.06562499999999999 0.07916666666666661
0 0.109375 0.8541666666666667 0.08124999999999999 0.10833333333333328
0 0.11640624999999999 0.6760416666666667 0.0359375 0.05625000000000002
0 0.0625 0.6916666666666667 0.037500000000000006 0.05833333333333335
0 0.26875 0.6583333333333333 0.03125 0.054166666666666696
0 0.31171875 0.7260416666666667 0.0390625 0.06458333333333333
0 0.34140625 0.7145833333333333 0.0390625 0.0625
0 0.91796875 0.684375 0.035937499999999956 0.05208333333333337
0 0.83203125 0.6499999999999999 0.026562500000000044 0.04166666666666663
0 0.80859375 0.6416666666666666 0.0234375 0.033333333333333326
0 0.87421875 0.6458333333333333 0.0234375 0.03749999999999998
0 0.5648437500000001 0.665625 0.029687499999999978 0.043749999999999956
0 0.26796875 0.7677083333333333 0.05468749999999997 0.07708333333333339
0 0.40703125 0.6552083333333333 0.0234375 0.03125
0 0.61171875 0.6541666666666666 0.0234375 0.033333333333333326
0 0.47265625 0.634375 0.020312499999999956 0.027083333333333348
0 0.54453125 0.6604166666666667 0.020312499999999956 0.03749999999999998
0 0.5375000000000001 0.6312500000000001 0.025000000000000022 0.029166666666666674
0 0.33203125 0.6260416666666666 0.017187500000000022 0.027083333333333237
0 0.3171875 0.6166666666666667 0.015625 0.025000000000000022
0 0.3671875 0.69375 0.034375000000000044 0.04583333333333339
0 0.678125 0.678125 0.03125 0.043749999999999956
0 0.70234375 0.7114583333333333 0.03281250000000002 0.04791666666666672
