0 0.4246153846153846 0.3954183266932271 0.03692307692307695 0.06573705179282868
0 0.4753846153846154 0.4033864541832669 0.03384615384615386 0.05776892430278885
0 0.47923076923076924 0.2749003984063745 0.023076923076923106 0.03187250996015939
0 0.2723076923076923 0.4173306772908366 0.040000000000000036 0.061752988047808766
0 0.19076923076923077 0.40239043824701193 0.046153846153846156 0.06374501992031872
0 0.05076923076923077 0.351593625498008 0.033846153846153845 0.049800796812749015
0 0.09692307692307692 0.3894422310756972 0.04615384615384614 0.061752988047808766
0 0.24615384615384617 0.35358565737051795 0.03692307692307695 0.0458167330677291
0 0.2907692307692308 0.3615537848605578 0.03076923076923077 0.049800796812749015
0 0.39 0.3356573705179283 0.02307692307692305 0.02988047808764943
0 0.3438461538461538 0.3237051792828685 0.02615384615384614 0.03784860557768921
0 0.3169230769230769 0.3615537848605578 0.027692307692307683 0.049800796812749015
0 0.40692307692307694 0.2539840637450199 0.02615384615384614 0.02589641434262946
