0 0.535 0.5780780780780781 0.03400000000000003 0.05705705705705699
1 0.649 0.5780780780780781 0.03400000000000003 0.05705705705705699
1 0.496 0.7102102102102101 0.028000000000000025 0.05105105105105101
0 0.495 0.6726726726726726 0.030000000000000027 0.048048048048047964
1 0.478 0.5195195195195195 0.023999999999999966 0.04804804804804802
1 0.5589999999999999 0.44594594594594594 0.02199999999999991 0.04504504504504503
1 0.8109999999999999 0.13513513513513514 0.017999999999999905 0.030030030030030033
1 0.697 0.16066066066066065 0.014000000000000012 0.02702702702702703
1 0.674 0.15915915915915915 0.016000000000000014 0.03003003003003002
1 0.664 0.13663663663663664 0.016000000000000014 0.02702702702702703
1 0.708 0.15015015015015015 0.01200000000000001 0.024024024024024038
1 0.735 0.1966966966966967 0.014000000000000012 0.02702702702702703
1 0.722 0.20120120120120122 0.01200000000000001 0.02402402402402401
1 0.589 0.21171171171171171 0.014000000000000012 0.02102102102102102
1 0.576 0.2072072072072072 0.01200000000000001 0.024024024024024038
1 0.562 0.2072072072072072 0.0119999999999999 0.024024024024024038
1 0.523 0.2057057057057057 0.014000000000000012 0.02702702702702703
1 0.509 0.21921921921921922 0.014000000000000012 0.024024024024024038
1 0.483 0.24174174174174173 0.014000000000000012 0.02102102102102099
1 0.486 0.21621621621621623 0.016000000000000014 0.02402402402402401
1 0.456 0.17567567567567566 0.016000000000000014 0.03303303303303304
1 0.46699999999999997 0.16966966966966968 0.013999999999999957 0.02702702702702703
0 0.41500000000000004 0.14864864864864866 0.021999999999999964 0.03903903903903905
1 0.307 0.13963963963963966 0.010000000000000009 0.02102102102102102
1 0.377 0.20270270270270271 0.014000000000000012 0.02702702702702703
1 0.49 0.18018018018018017 0.016000000000000014 0.02402402402402401
1 0.482 0.1891891891891892 0.01200000000000001 0.02402402402402401
1 0.574 0.1366366366366366 0.01200000000000001 0.02102102102102102
1 0.574 0.11861861861861862 0.01200000000000001 0.02102102102102102
1 0.645 0.1906906906906907 0.014000000000000012 0.02702702702702703
1 0.268 0.06006006006006006 0.016000000000000014 0.030030030030030033
