0 0.5913043478260869 0.49891304347826093 0.02898550724637683 0.06304347826086959
0 0.5398550724637681 0.49130434782608695 0.030434782608695587 0.060869565217391286
0 0.4905797101449275 0.49565217391304345 0.030434782608695643 0.060869565217391286
0 0.28405797101449276 0.3195652173913044 0.02608695652173909 0.05217391304347824
0 0.33768115942028987 0.32717391304347826 0.026086956521739146 0.05869565217391304
0 0.33768115942028987 0.5076086956521739 0.03188405797101451 0.05869565217391304
0 0.3855072463768116 0.4945652173913043 0.02898550724637683 0.05869565217391304
0 0.4384057971014493 0.4869565217391304 0.0304347826086957 0.06086956521739134
0 0.49347826086956526 0.40217391304347827 0.024637681159420277 0.05217391304347829
0 0.5304347826086957 0.32717391304347826 0.02608695652173909 0.04565217391304344
0 0.5710144927536231 0.3358695652173913 0.023188405797101463 0.050000000000000044
0 0.6231884057971014 0.3282608695652174 0.026086956521739202 0.05217391304347829
0 0.6702898550724637 0.3467391304347826 0.02463768115942022 0.050000000000000044
0 0.6681159420289855 0.30978260869565216 0.026086956521739202 0.036956521739130443
0 0.4920289855072464 0.3315217391304348 0.024637681159420277 0.04565217391304349
0 0.36594202898550726 0.3282608695652174 0.02753623188405796 0.05217391304347829
0 0.39420289855072466 0.3152173913043478 0.026086956521739146 0.05217391304347824
0 0.42391304347826086 0.31630434782608696 0.024637681159420333 0.05434782608695654
0 0.4557971014492754 0.3239130434782609 0.02753623188405796 0.05652173913043479
0 0.2644927536231884 0.30217391304347824 0.02753623188405796 0.05652173913043479
0 0.6434782608695653 0.35434782608695653 0.02608695652173909 0.05652173913043479
0 0.30797101449275366 0.3108695652173913 0.024637681159420277 0.043478260869565244
