0 0.2740740740740741 0.4448574969021066 0.12222222222222223 0.16356877323420072
0 0.43148148148148147 0.459727385377943 0.09074074074074073 0.15365551425030977
0 0.5106481481481482 0.4838909541511772 0.07870370370370378 0.1325898389095415
0 0.5435185185185185 0.4560099132589839 0.0537037037037037 0.1090458488228005
0 0.6263888888888889 0.442998760842627 0.11388888888888893 0.16232961586121442
0 0.8203703703703704 0.48946716232961585 0.05740740740740746 0.08178438661710036
0 0.8555555555555556 0.459727385377943 0.04999999999999993 0.08426270136307307
0 0.04027777777777778 0.49504337050805447 0.0787037037037037 0.1895910780669145
1 0.7662037037037037 0.4962825278810409 0.06018518518518512 0.11276332094175956
1 0.7138888888888889 0.49256505576208176 0.051851851851851816 0.09293680297397766
0 0.9888888888888889 0.4640644361833953 0.020370370370370372 0.06815365551425029
