0 0.6466666666666667 0.7138888888888889 0.023333333333333317 0.016666666666666607
0 0.21166666666666667 0.6394444444444445 0.020000000000000018 0.014444444444444371
0 0.33333333333333337 0.53 0.016666666666666663 0.013333333333333308
0 0.5658333333333333 0.5 0.018333333333333313 0.013333333333333364
0 0.5366666666666666 0.5072222222222222 0.01666666666666672 0.012222222222222245
0 0.26 0.6188888888888888 0.016666666666666663 0.013333333333333308
0 0.17333333333333334 0.5233333333333333 0.016666666666666663 0.011111111111111072
0 0.14750000000000002 0.38722222222222225 0.014999999999999986 0.01222222222222219
0 0.8841666666666667 0.5461111111111111 0.018333333333333313 0.012222222222222134
0 0.9275 0.4338888888888889 0.015000000000000013 0.010000000000000009
0 0.19666666666666666 0.8466666666666667 0.023333333333333345 0.01777777777777778
0 0.8 0.45333333333333337 0.01666666666666672 0.013333333333333364
0 0.14916666666666667 0.5933333333333334 0.021666666666666667 0.015555555555555545
0 0.2866666666666667 0.5011111111111111 0.020000000000000018 0.013333333333333308
0 0.1625 0.4638888888888889 0.015000000000000013 0.010000000000000009
0 0.09916666666666667 0.45166666666666666 0.015000000000000013 0.012222222222222245
0 0.25083333333333335 0.4338888888888889 0.015000000000000013 0.012222222222222245
0 0.5216666666666667 0.5127777777777778 0.01666666666666672 0.012222222222222134
0 0.7566666666666666 0.45333333333333337 0.01666666666666672 0.011111111111111127
0 0.6916666666666667 0.4077777777777778 0.013333333333333308 0.011111111111111127
0 0.9291666666666667 0.5183333333333333 0.018333333333333313 0.014444444444444482
1 0.03 0.5383333333333333 0.016666666666666663 0.012222222222222134
0 0.2125 0.675 0.021666666666666667 0.01666666666666672
0 0.03666666666666667 0.7938888888888889 0.02666666666666667 0.02111111111111108
0 0.8816666666666667 0.6577777777777778 0.020000000000000018 0.015555555555555545
