0 0.7024353120243532 0.8546603475513428 0.12024353120243536 0.2622432859399684
0 0.819634703196347 0.844391785150079 0.13850837138508365 0.2764612954186414
0 0.9406392694063926 0.8878357030015798 0.1095890410958904 0.20221169036334907
0 0.32496194824961944 0.8475513428120063 0.2450532724505327 0.28278041074249605
0 0.6027397260273972 0.8056872037914692 0.1095890410958904 0.19905213270142186
1 0.617199391171994 0.6003159557661928 0.04718417047184176 0.08530805687203802
1 0.8729071537290716 0.4462875197472354 0.031963470319634646 0.04581358609794628
1 0.819634703196347 0.4462875197472354 0.028919330289193246 0.04581358609794628
1 0.5471841704718416 0.4344391785150079 0.028919330289193357 0.037914691943127965
1 0.9353120243531202 0.5197472353870458 0.09284627092846276 0.13902053712480256
1 0.819634703196347 0.514218009478673 0.06544901065449005 0.09320695102685628
0 0.7420091324200913 0.5260663507109005 0.14764079147640785 0.21484992101105843
