0 0.05272727272727273 0.28142076502732244 0.10181818181818182 0.38251366120218583
0 0.21000000000000002 0.18306010928961747 0.13272727272727272 0.2185792349726776
0 0.3381818181818182 0.15573770491803277 0.15636363636363637 0.24590163934426226
0 0.5490909090909091 0.17896174863387979 0.1490909090909091 0.3087431693989071
0 0.6927272727272727 0.2827868852459016 0.17454545454545456 0.33060109289617484
0 0.7427272727272727 0.5382513661202186 0.18727272727272726 0.33879781420765026
0 0.9390909090909091 0.5327868852459017 0.12181818181818183 0.30601092896174864
0 0.9418181818181819 0.36338797814207646 0.11636363636363634 0.26775956284153
0 0.8054545454545454 0.1693989071038251 0.16727272727272724 0.21311475409836061
0 0.9745454545454546 0.12021857923497269 0.050909090909090904 0.21311475409836067
1 0.19363636363636366 0.46448087431693985 0.16909090909090913 0.38797814207650266
