0 0.24705882352941178 0.3928571428571429 0.05882352941176472 0.10714285714285715
0 0.9 0.5267857142857143 0.05882352941176472 0.08928571428571425
0 0.8323529411764705 0.4910714285714286 0.05294117647058816 0.08928571428571425
0 0.4852941176470588 0.46875 0.04117647058823526 0.0625
0 0.42058823529411765 0.4642857142857143 0.04117647058823526 0.05357142857142855
0 0.30000000000000004 0.4419642857142857 0.047058823529411764 0.0982142857142857
0 0.1588235294117647 0.4151785714285714 0.10588235294117647 0.11607142857142855
0 0.6882352941176471 0.5133928571428571 0.07058823529411762 0.11607142857142855
0 0.3764705882352941 0.4419642857142857 0.03529411764705881 0.08035714285714285
0 0.34411764705882353 0.4598214285714286 0.04117647058823526 0.08035714285714285
