0 0.574 0.736842105263158 0.020000000000000018 0.04210526315789476
0 0.503 0.7350877192982457 0.018000000000000016 0.038596491228070184
0 0.487 0.7228070175438597 0.02200000000000002 0.04210526315789476
0 0.472 0.7157894736842105 0.01599999999999996 0.042105263157894646
0 0.426 0.7385964912280703 0.020000000000000018 0.038596491228070184
0 0.38 0.7333333333333334 0.020000000000000018 0.04210526315789476
0 0.312 0.7315789473684211 0.020000000000000018 0.04561403508771933
0 0.28500000000000003 0.7350877192982457 0.021999999999999964 0.04561403508771933
0 0.848 0.7578947368421052 0.01200000000000001 0.021052631578947323
0 0.893 0.7491228070175439 0.010000000000000009 0.01754385964912286
0 0.828 0.7614035087719297 0.008000000000000007 0.021052631578947323
0 0.78 0.7403508771929825 0.01200000000000001 0.021052631578947323
0 0.77 0.7333333333333334 0.01200000000000001 0.021052631578947323
