0 0.1323076923076923 0.5104166666666667 0.04615384615384614 0.2152777777777778
1 0.7915384615384615 0.4756944444444444 0.0476923076923077 0.22916666666666669
1 0.8446153846153845 0.5208333333333334 0.03692307692307695 0.18055555555555558
1 0.4915384615384615 0.7847222222222223 0.019999999999999962 0.09722222222222221
1 0.4769230769230769 0.7222222222222222 0.018461538461538474 0.08333333333333326
1 0.44461538461538463 0.6875 0.018461538461538474 0.08333333333333326
1 0.3953846153846154 0.7881944444444444 0.018461538461538418 0.10416666666666663
1 0.5638461538461539 0.7326388888888888 0.01692307692307693 0.09027777777777779
1 0.5961538461538463 0.8020833333333333 0.01692307692307693 0.07638888888888895
1 0.6292307692307693 0.8506944444444444 0.015384615384615441 0.0625
