0 0.18046875 0.34375 0.010937500000000017 0.01749999999999996
0 0.21953125 0.12125 0.010937500000000017 0.0175
0 0.2046875 0.71 0.012500000000000011 0.025000000000000022
0 0.75078125 0.8674999999999999 0.014062499999999978 0.019999999999999907
0 0.7796875 0.8887499999999999 0.012499999999999956 0.01749999999999996
0 0.8796875 0.8475 0.015625 0.020000000000000018
0 0.77265625 0.29125 0.010937499999999933 0.022499999999999964
0 0.60703125 0.11249999999999999 0.010937500000000044 0.020000000000000004
0 0.91015625 0.25125 0.010937500000000044 0.017500000000000016
0 0.903125 0.2675 0.009375000000000022 0.015000000000000013
0 0.22265625 0.7737499999999999 0.014062499999999978 0.022500000000000075
0 0.8796875 0.36 0.012500000000000067 0.020000000000000018
0 0.7546875 0.2975 0.012500000000000067 0.020000000000000018
