0 0.023749999999999997 0.2625418060200669 0.042499999999999996 0.08361204013377929
0 0.0325 0.25585284280936454 0.055 0.09698996655518397
0 0.10125 0.2591973244147157 0.0475 0.09030100334448163
0 0.17125 0.24749163879598662 0.047500000000000014 0.0936454849498328
0 0.14625 0.2508361204013378 0.0325 0.07357859531772573
0 0.20875 0.2792642140468228 0.037500000000000006 0.07692307692307693
0 0.2375 0.2625418060200669 0.04000000000000001 0.07023411371237462
0 0.28375 0.2625418060200669 0.04249999999999998 0.07692307692307696
0 0.31625000000000003 0.2642140468227425 0.027500000000000024 0.060200668896321086
0 0.34750000000000003 0.2876254180602007 0.03999999999999998 0.07357859531772576
0 0.37375 0.27090301003344486 0.03750000000000003 0.06688963210702342
0 0.40375 0.2976588628762542 0.03749999999999998 0.06688963210702342
0 0.43625 0.2959866220735786 0.03750000000000003 0.06354515050167225
0 0.46875 0.2876254180602007 0.03249999999999997 0.06688963210702342
0 0.49 0.3010033444816054 0.034999999999999976 0.06688963210702342
0 0.53625 0.32608695652173914 0.0625 0.09698996655518394
0 0.49874999999999997 0.2508361204013378 0.02749999999999997 0.03344481605351168
0 0.585 0.27257525083612044 0.030000000000000027 0.05685618729096992
0 0.62 0.28428093645484953 0.040000000000000036 0.060200668896321086
0 0.68375 0.3060200668896321 0.03249999999999997 0.05685618729096992
0 0.71875 0.30267558528428096 0.03750000000000009 0.05685618729096992
0 0.79 0.27424749163879597 0.06999999999999995 0.1137123745819398
0 0.8812500000000001 0.2993311036789298 0.04749999999999999 0.06354515050167225
0 0.85625 0.3076923076923077 0.02749999999999997 0.05351170568561875
0 0.9375 0.3210702341137124 0.04499999999999993 0.07357859531772576
0 0.98125 0.32441471571906355 0.03749999999999998 0.07357859531772576
