0 0.46166666666666667 0.5491071428571429 0.1233333333333333 0.18750000000000006
0 0.3633333333333333 0.5513392857142857 0.09333333333333332 0.13839285714285715
0 0.06333333333333332 0.6026785714285714 0.11333333333333333 0.1785714285714286
0 0.10500000000000001 0.5178571428571428 0.07666666666666667 0.11607142857142855
0 0.8966666666666667 0.5178571428571429 0.08666666666666656 0.13392857142857145
0 0.7533333333333333 0.4977678571428572 0.06666666666666665 0.10267857142857145
0 0.7183333333333333 0.4575892857142857 0.043333333333333335 0.07589285714285715
0 0.665 0.4709821428571428 0.05666666666666664 0.08482142857142855
0 0.6183333333333334 0.4665178571428571 0.04999999999999993 0.08482142857142855
0 0.5683333333333334 0.4598214285714286 0.043333333333333335 0.05357142857142855
0 0.17166666666666666 0.38839285714285715 0.043333333333333335 0.0625
0 0.42833333333333334 0.4107142857142857 0.030000000000000027 0.04464285714285715
0 0.46166666666666667 0.4330357142857143 0.030000000000000027 0.05357142857142855
0 0.49333333333333335 0.43526785714285715 0.026666666666666727 0.0401785714285714
0 0.5216666666666667 0.4375 0.036666666666666736 0.044642857142857095
0 0.39666666666666667 0.4107142857142857 0.020000000000000018 0.0357142857142857
0 0.5166666666666666 0.375 0.019999999999999907 0.0267857142857143
0 0.46499999999999997 0.3683035714285714 0.016666666666666663 0.022321428571428548
1 0.5783333333333334 0.3482142857142857 0.023333333333333317 0.04464285714285715
1 0.7933333333333333 0.484375 0.05333333333333323 0.0848214285714286
1 0.5316666666666667 0.2589285714285714 0.023333333333333317 0.026785714285714274
