0 0.08636363636363636 0.3641791044776119 0.07818181818181819 0.14925373134328357
0 0.19363636363636363 0.31343283582089554 0.07090909090909092 0.10746268656716418
0 0.19363636363636363 0.4238805970149254 0.06727272727272726 0.11343283582089553
0 0.28727272727272724 0.3791044776119403 0.06181818181818183 0.13134328358208952
0 0.25545454545454543 0.3746268656716418 0.03818181818181818 0.09850746268656718
0 0.32545454545454544 0.408955223880597 0.036363636363636376 0.08955223880597019
0 0.3463636363636363 0.4 0.04181818181818181 0.11343283582089553
0 0.39545454545454545 0.426865671641791 0.052727272727272734 0.11343283582089553
0 0.44272727272727275 0.4447761194029851 0.04181818181818181 0.08955223880597013
0 0.6 0.41194029850746267 0.043636363636363695 0.09552238805970148
0 0.6254545454545455 0.3567164179104477 0.050909090909090904 0.09850746268656713
0 0.6718181818181819 0.3597014925373134 0.041818181818181865 0.10447761194029848
0 0.7236363636363636 0.3820895522388059 0.047272727272727355 0.10149253731343283
0 0.760909090909091 0.3761194029850746 0.041818181818181865 0.08358208955223878
0 0.8445454545454545 0.43582089552238806 0.049090909090909185 0.08955223880597019
0 0.8836363636363636 0.41492537313432837 0.047272727272727244 0.08358208955223878
0 0.9336363636363636 0.4313432835820895 0.041818181818181865 0.09253731343283583
1 0.5345454545454545 0.4014925373134328 0.06181818181818177 0.11044776119402983
1 0.02181818181818182 0.4328358208955224 0.04 0.10149253731343283
