0 0.7362500000000001 0.3617021276595745 0.04749999999999999 0.07801418439716312
0 0.7737499999999999 0.3599290780141844 0.032500000000000084 0.06028368794326244
0 0.22625 0.2641843971631206 0.027499999999999997 0.04609929078014188
1 0.31125 0.21276595744680848 0.1275 0.23404255319148934
1 0.16375 0.3563829787234043 0.0325 0.06028368794326239
1 0.8925000000000001 0.4148936170212766 0.039999999999999925 0.049645390070922
1 0.10750000000000001 0.3546099290780142 0.045 0.07092198581560283
1 0.03875 0.41312056737588654 0.042499999999999996 0.07446808510638298
1 0.011250000000000001 0.35638297872340424 0.0175 0.046099290780141855
0 0.14375 0.349290780141844 0.022499999999999992 0.0460992907801418
0 0.37375 0.36524822695035464 0.03250000000000003 0.06382978723404259
