0 0.12875 0.42833333333333334 0.20750000000000002 0.29000000000000004
0 0.53875 0.33666666666666667 0.11249999999999999 0.16000000000000003
0 0.7925 0.3666666666666667 0.12 0.15999999999999998
0 0.975 0.425 0.050000000000000044 0.15000000000000002
0 0.8525 0.4 0.04500000000000004 0.0733333333333333
1 0.47250000000000003 0.41833333333333333 0.065 0.10999999999999999
1 0.35125 0.3983333333333333 0.0625 0.10999999999999999
1 0.28625 0.45666666666666667 0.08750000000000002 0.12000000000000005
1 0.0775 0.24666666666666667 0.125 0.14666666666666667
1 0.66125 0.42166666666666663 0.08749999999999991 0.12333333333333335
