0 0.483 0.3117469879518072 0.04999999999999999 0.1174698795180723
0 0.515 0.28463855421686746 0.04600000000000004 0.1355421686746988
0 0.56 0.28463855421686746 0.07999999999999996 0.1536144578313253
0 0.5700000000000001 0.1506024096385542 0.04399999999999993 0.0783132530120482
0 0.646 0.2183734939759036 0.052000000000000046 0.1355421686746988
0 0.7190000000000001 0.16716867469879518 0.134 0.25
0 0.875 0.2891566265060241 0.19799999999999995 0.3192771084337349
0 0.829 0.17018072289156627 0.09399999999999997 0.1355421686746988
0 0.98 0.2168674698795181 0.040000000000000036 0.18674698795180728
1 0.196 0.19126506024096385 0.14800000000000002 0.3042168674698795
1 0.073 0.2710843373493976 0.057999999999999996 0.09036144578313252
1 0.268 0.18072289156626503 0.08399999999999999 0.19879518072289154
