0 0.49537037037037035 0.23353909465020575 0.07716049382716056 0.12551440329218105
0 0.8765432098765432 0.18004115226337447 0.11111111111111116 0.15020576131687244
0 0.7361111111111112 0.33333333333333337 0.05246913580246915 0.09053497942386829
0 0.6566358024691359 0.3148148148148148 0.0478395061728395 0.07818930041152261
0 0.6373456790123457 0.3611111111111111 0.06481481481481477 0.10082304526748975
0 0.6905864197530864 0.3395061728395061 0.03240740740740744 0.06172839506172839
1 0.5308641975308642 0.3271604938271605 0.08333333333333331 0.11934156378600824
1 0.8063271604938271 0.2829218106995885 0.07253086419753085 0.1049382716049383
1 0.1566358024691358 0.2983539094650206 0.09413580246913579 0.12345679012345681
1 0.29706790123456794 0.3487654320987654 0.06327160493827161 0.10082304526748975
1 0.37731481481481477 0.2808641975308642 0.08796296296296297 0.16255144032921812
1 0.4097222222222222 0.3168724279835391 0.060185185185185175 0.10699588477366251
1 0.05015432098765432 0.32510288065843623 0.05092592592592593 0.06995884773662553
1 0.19290123456790123 0.3487654320987654 0.04938271604938271 0.08024691358024694
1 0.22608024691358025 0.3261316872427984 0.04166666666666666 0.06790123456790126
1 0.25462962962962965 0.3292181069958848 0.037037037037037035 0.07818930041152261
1 0.5987654320987654 0.3271604938271605 0.03703703703703698 0.07407407407407407
