0 0.44416666666666665 0.4824561403508772 0.3783333333333333 0.6390977443609023
0 0.14166666666666666 0.6804511278195489 0.10333333333333333 0.1929824561403508
0 0.008333333333333333 0.713032581453634 0.013333333333333332 0.04260651629072687
0 0.0125 0.7017543859649122 0.021666666666666667 0.040100250626566414
0 0.095 0.7142857142857142 0.016666666666666663 0.05513784461152882
0 0.2025 0.7305764411027569 0.04166666666666666 0.07268170426065157
0 0.22916666666666669 0.7243107769423558 0.03166666666666665 0.06516290726817042
0 0.25583333333333336 0.7205513784461153 0.021666666666666667 0.04761904761904767
0 0.2825 0.7205513784461153 0.034999999999999976 0.06766917293233088
0 0.5775 0.7280701754385965 0.04166666666666674 0.08270676691729328
0 0.6366666666666667 0.7167919799498748 0.033333333333333326 0.06516290726817042
0 0.7124999999999999 0.7167919799498748 0.025000000000000022 0.05513784461152882
0 0.8266666666666667 0.6929824561403508 0.046666666666666634 0.07769423558897237
0 0.8775 0.7005012531328321 0.025000000000000022 0.04260651629072676
0 0.8991666666666667 0.7042606516290726 0.021666666666666723 0.045112781954887216
0 0.9808333333333333 0.6992481203007519 0.03166666666666673 0.05513784461152882
0 0.8566666666666667 0.6791979949874687 0.023333333333333317 0.05012531328320802
0 0.9291666666666667 0.7005012531328321 0.02833333333333332 0.04761904761904767
1 0.6741666666666666 0.7092731829573935 0.025000000000000022 0.045112781954887216
