0 0.15909090909090912 0.24316939890710382 0.056363636363636366 0.13114754098360656
0 0.21 0.23770491803278687 0.06 0.1366120218579235
0 0.26636363636363636 0.20355191256830601 0.07090909090909092 0.13934426229508198
0 0.31545454545454543 0.2459016393442623 0.05636363636363634 0.1366120218579235
0 0.35818181818181816 0.2336065573770492 0.06181818181818183 0.16120218579234974
0 0.39 0.25546448087431695 0.027272727272727282 0.0628415300546448
0 0.44636363636363635 0.24180327868852458 0.06727272727272726 0.13934426229508198
0 0.5209090909090909 0.26502732240437155 0.06363636363636366 0.13114754098360654
0 0.5700000000000001 0.20081967213114754 0.06727272727272726 0.1612021857923497
0 0.6490909090909092 0.19398907103825136 0.039999999999999925 0.09289617486338797
0 0.6827272727272727 0.22540983606557377 0.06000000000000005 0.12841530054644806
0 0.7009090909090909 0.15710382513661203 0.056363636363636394 0.09016393442622951
0 0.7918181818181819 0.1448087431693989 0.052727272727272734 0.09836065573770492
0 0.8127272727272727 0.180327868852459 0.06909090909090909 0.1256830601092896
1 0.4118181818181818 0.3907103825136612 0.06727272727272726 0.14207650273224043
