0 0.5092857142857143 0.7354124748490946 0.021428571428571463 0.026156941649899457
0 0.7357142857142858 0.5905432595573441 0.017142857142857237 0.026156941649899346
0 0.7907142857142857 0.5845070422535211 0.018571428571428572 0.026156941649899457
0 0.7571428571428571 0.5915492957746479 0.017142857142857126 0.024144869215291687
0 0.7692857142857144 0.6116700201207244 0.018571428571428572 0.024144869215291687
0 0.5578571428571428 0.6016096579476862 0.010000000000000009 0.012072434607645843
0 0.10857142857142857 0.6086519114688129 0.008571428571428563 0.014084507042253502
0 0.14500000000000002 0.5935613682092555 0.009999999999999981 0.016096579476861272
0 0.19857142857142857 0.5774647887323944 0.005714285714285727 0.012072434607645954
0 0.31785714285714284 0.619718309859155 0.010000000000000009 0.01609657947686116
0 0.3657142857142857 0.5764587525150906 0.008571428571428563 0.014084507042253613
0 0.9099999999999999 0.635814889336016 0.014285714285714346 0.024144869215291798
