0 0.8225 0.49333333333333335 0.06000000000000005 0.09333333333333338
0 0.85375 0.46 0.05249999999999999 0.053333333333333344
0 0.9875 0.5433333333333333 0.025000000000000022 0.09333333333333332
0 0.7737499999999999 0.49333333333333335 0.04749999999999999 0.07333333333333336
0 0.69875 0.5016666666666667 0.04749999999999999 0.08333333333333331
0 0.7262500000000001 0.49333333333333335 0.02749999999999997 0.053333333333333344
0 0.62125 0.4766666666666667 0.05249999999999999 0.0733333333333333
0 0.5925 0.4733333333333334 0.025000000000000022 0.06666666666666671
0 0.5349999999999999 0.495 0.04500000000000004 0.0633333333333333
0 0.50125 0.4866666666666667 0.022499999999999964 0.05333333333333329
0 0.4425 0.4683333333333333 0.040000000000000036 0.06333333333333335
0 0.40375 0.475 0.03749999999999998 0.07
0 0.37 0.4716666666666667 0.025000000000000022 0.03666666666666668
0 0.34375 0.4666666666666667 0.03249999999999997 0.053333333333333344
0 0.31125 0.48333333333333334 0.027500000000000024 0.053333333333333344
0 0.27125 0.4833333333333333 0.02749999999999997 0.03999999999999998
0 0.25125 0.47333333333333333 0.02250000000000002 0.046666666666666634
0 0.21250000000000002 0.49833333333333335 0.03 0.043333333333333335
1 0.05 0.46499999999999997 0.08 0.11000000000000004
