0 0.935 0.46499999999999997 0.029999999999999916 0.03666666666666668
0 0.45125000000000004 0.49 0.017500000000000016 0.03333333333333338
0 0.44125000000000003 0.48 0.017500000000000016 0.026666666666666672
0 0.385 0.49 0.020000000000000018 0.03333333333333338
0 0.07875 0.4966666666666667 0.017499999999999988 0.026666666666666672
0 0.025 0.5 0.024999999999999998 0.03333333333333338
0 0.095 0.5066666666666667 0.015 0.026666666666666672
0 0.3425 0.4916666666666667 0.019999999999999962 0.030000000000000027
0 0.21250000000000002 0.5 0.01999999999999999 0.03333333333333338
0 0.23125 0.51 0.022499999999999992 0.03333333333333327
1 0.52 0.4983333333333333 0.015000000000000013 0.02999999999999997
