0 0.36444444444444446 0.3203125 0.12 0.22187500000000002
1 0.5633333333333334 0.3078125 0.05555555555555558 0.08437499999999998
1 0.6233333333333333 0.3265625 0.05555555555555558 0.078125
1 0.76 0.3078125 0.06222222222222218 0.109375
1 0.9233333333333333 0.4875 0.12222222222222223 0.22499999999999998
1 0.9133333333333333 0.3421875 0.12 0.128125
1 0.6966666666666667 0.3265625 0.015555555555555545 0.02812500000000001
1 0.28444444444444444 0.33125000000000004 0.0444444444444444 0.07500000000000001
1 0.22999999999999998 0.33906250000000004 0.03777777777777777 0.06562499999999999
1 0.11333333333333334 0.29375 0.21333333333333335 0.375
