0 0.8531249999999999 0.5409090909090909 0.13124999999999998 0.21363636363636362
0 0.15781250000000002 0.7306818181818182 0.1 0.12954545454545452
0 0.5125 0.2534090909090909 0.021874999999999978 0.03863636363636361
0 0.425 0.32386363636363635 0.021874999999999978 0.038636363636363635
0 0.40703125 0.3125 0.017187500000000022 0.03409090909090906
0 0.32890625 0.48863636363636365 0.029687499999999978 0.050000000000000044
0 0.20078125000000002 0.38863636363636367 0.029687500000000006 0.04545454545454547
1 0.56640625 0.825 0.14218749999999997 0.2272727272727273
1 0.3953125 0.6761363636363636 0.11875000000000002 0.15227272727272734
0 0.63203125 0.2 0.014062499999999978 0.022727272727272735
0 0.49140625 0.2954545454545454 0.017187500000000022 0.027272727272727282
1 0.48984375 0.43068181818181817 0.0234375 0.02954545454545454
0 0.5859375 0.19090909090909092 0.018750000000000044 0.027272727272727282
1 0.09296874999999999 0.6636363636363636 0.07031249999999999 0.10909090909090902
1 0.0390625 0.6375 0.0625 0.10227272727272729
1 0.025 0.6954545454545455 0.046875 0.15000000000000002
1 0.40703125 0.8852272727272728 0.20468750000000002 0.2295454545454545
