0 0.37652947719688545 0.3540925266903915 0.056729699666295874 0.09964412811387896
0 0.5556173526140156 0.2846975088967971 0.04783092324805338 0.0889679715302491
0 0.7758620689655173 0.39501779359430605 0.04560622914349277 0.07829181494661919
0 0.7018909899888766 0.6619217081850535 0.0422691879866518 0.07473309608540923
0 0.6379310344827587 0.6690391459074733 0.03448275862068961 0.06405693950177938
0 0.6017797552836485 0.697508896797153 0.031145717463848754 0.053380782918149516
0 0.5634037819799778 0.6165480427046264 0.04338153503893216 0.08007117437722422
0 0.5 0.6548042704626335 0.0411568409343715 0.06405693950177938
0 0.46885428253615125 0.6690391459074734 0.03448275862068967 0.05693950177935936
0 0.3375973303670745 0.6797153024911032 0.0411568409343715 0.05693950177935947
