0 0.35 0.3328402366863905 0.055555555555555525 0.09763313609467456
0 0.1922222222222222 0.3624260355029586 0.08666666666666667 0.13313609467455623
0 0.052222222222222225 0.3698224852071006 0.05555555555555555 0.09467455621301779
0 0.011111111111111112 0.4245562130177515 0.017777777777777778 0.13905325443786987
0 0.41000000000000003 0.33727810650887574 0.055555555555555525 0.08284023668639051
0 0.4833333333333333 0.3136094674556213 0.055555555555555525 0.10650887573964496
0 0.5422222222222222 0.33579881656804733 0.07111111111111101 0.121301775147929
0 0.7244444444444444 0.3150887573964497 0.1333333333333333 0.1923076923076923
0 0.8111111111111111 0.29289940828402367 0.06666666666666665 0.14201183431952666
0 0.9144444444444444 0.27366863905325445 0.06444444444444442 0.12130177514792898
