0 0.561875 0.2288135593220339 0.08125000000000004 0.160075329566855
0 0.88125 0.2815442561205273 0.11749999999999994 0.22033898305084743
0 0.7875000000000001 0.13465160075329566 0.08750000000000002 0.19397363465160075
0 0.69 0.1120527306967985 0.06999999999999995 0.1374764595103578
0 0.5406249999999999 0.11299435028248589 0.05874999999999997 0.11676082862523542
0 0.4625 0.15065913370998119 0.0675 0.1544256120527307
0 0.365 0.192090395480226 0.08000000000000002 0.16195856873822978
0 0.3325 0.11581920903954801 0.0625 0.12241054613935969
1 0.38125 0.0687382297551789 0.034999999999999976 0.06591337099811677
1 0.494375 0.03295668549905838 0.02624999999999994 0.05084745762711864
1 0.595 0.096045197740113 0.02749999999999997 0.04519774011299435
1 0.613125 0.08192090395480225 0.02124999999999999 0.04708097928436912
1 0.635 0.07250470809792844 0.02499999999999991 0.03954802259887006
1 0.6575 0.09792843691148775 0.015000000000000013 0.03389830508474577
1 0.73125 0.12146892655367231 0.022500000000000075 0.05838041431261769
1 0.78125 0.007532956685499058 0.01750000000000007 0.011299435028248588
1 0.72875 0.00847457627118644 0.015000000000000013 0.013182674199623351
1 0.925625 0.009416195856873822 0.018750000000000044 0.015065913370998116
1 0.9475 0.192090395480226 0.03249999999999997 0.06779661016949151
1 0.950625 0.14124293785310735 0.03125 0.045197740112994336
1 0.1 0.035781544256120526 0.020000000000000004 0.03389830508474577
1 0.083125 0.03483992467043315 0.023750000000000007 0.035781544256120526
1 0.135 0.023540489642184557 0.05500000000000001 0.04331450094161959
