0 0.19 0.11095890410958904 0.12181818181818183 0.21643835616438356
0 0.39454545454545453 0.2684931506849315 0.08000000000000002 0.136986301369863
0 0.4872727272727273 0.28493150684931506 0.05454545454545451 0.0876712328767123
0 0.5754545454545454 0.34657534246575344 0.038181818181818206 0.05753424657534245
0 0.6090909090909091 0.37123287671232874 0.032727272727272716 0.0520547945205479
0 0.6354545454545455 0.38082191780821917 0.023636363636363567 0.03835616438356165
0 0.6845454545454546 0.38219178082191785 0.023636363636363678 0.0410958904109589
0 0.7145454545454546 0.3904109589041096 0.025454545454545507 0.03561643835616435
0 0.7536363636363637 0.40273972602739727 0.023636363636363678 0.03835616438356165
0 0.7936363636363636 0.4054794520547945 0.016363636363636358 0.0383561643835616
