0 0.09625 0.4191729323308271 0.0325 0.05639097744360905
0 0.11624999999999999 0.424812030075188 0.022500000000000006 0.05263157894736842
0 0.16625 0.42105263157894735 0.0325 0.05263157894736842
0 0.18875 0.41541353383458646 0.02250000000000002 0.048872180451127845
0 0.24125000000000002 0.40789473684210525 0.0325 0.05639097744360899
0 0.30374999999999996 0.4172932330827067 0.027500000000000024 0.05263157894736842
0 0.3825 0.40789473684210525 0.030000000000000027 0.05639097744360899
0 0.40375 0.42857142857142855 0.022499999999999964 0.045112781954887216
0 0.43875 0.41165413533834583 0.03250000000000003 0.0639097744360902
0 0.48125 0.43609022556390975 0.02749999999999997 0.045112781954887216
0 0.54875 0.41541353383458646 0.03249999999999997 0.05639097744360899
0 0.6025 0.4323308270676691 0.030000000000000027 0.05263157894736842
0 0.63375 0.42669172932330823 0.022499999999999964 0.05639097744360905
0 0.6525 0.4323308270676691 0.030000000000000027 0.06766917293233082
0 0.7112499999999999 0.424812030075188 0.04250000000000009 0.09022556390977443
0 0.7525 0.42293233082706766 0.03500000000000003 0.0714285714285714
0 0.7875000000000001 0.44172932330827064 0.03500000000000003 0.07142857142857145
0 0.82375 0.4492481203007519 0.0625 0.10902255639097747
0 0.94 0.4323308270676692 0.05999999999999994 0.10526315789473684
0 0.9862500000000001 0.4417293233082707 0.02749999999999997 0.15413533834586468
1 0.33999999999999997 0.42105263157894735 0.034999999999999976 0.06015037593984962
1 0.88125 0.4548872180451128 0.07250000000000001 0.12030075187969924
1 0.5149999999999999 0.4342105263157895 0.025000000000000022 0.04135338345864664
