0 0.06717877094972068 0.36933333333333335 0.010893854748603361 0.016000000000000014
0 0.09217877094972067 0.36644444444444446 0.010055865921787699 0.015555555555555545
0 0.12094972067039106 0.36088888888888887 0.009497206703910618 0.01777777777777778
0 0.1525139664804469 0.36244444444444446 0.009497206703910605 0.01733333333333331
0 0.17751396648044693 0.35755555555555557 0.01033519553072626 0.01733333333333331
0 0.164804469273743 0.3215555555555556 0.00893854748603351 0.016444444444444428
0 0.13226256983240223 0.3237777777777778 0.009217877094972071 0.016444444444444484
0 0.10321229050279329 0.3228888888888889 0.009217877094972071 0.016444444444444484
0 0.07779329608938548 0.3237777777777778 0.009217877094972057 0.016444444444444484
0 0.18631284916201118 0.31777777777777777 0.008379888268156416 0.016000000000000014
0 0.08980446927374301 0.29088888888888886 0.008659217877094977 0.019111111111111134
0 0.11466480446927374 0.28555555555555556 0.009776536312849166 0.01822222222222225
0 0.12388268156424581 0.2551111111111111 0.008659217877094963 0.016000000000000014
0 0.09329608938547486 0.25377777777777777 0.009497206703910605 0.016888888888888925
0 0.1005586592178771 0.22799999999999998 0.011173184357541902 0.015999999999999986
0 0.11075418994413408 0.2 0.01033519553072626 0.015999999999999986
0 0.1409217877094972 0.20311111111111113 0.01033519553072626 0.015111111111111103
0 0.13268156424581007 0.2288888888888889 0.008938547486033538 0.01777777777777778
0 0.15921787709497207 0.2346666666666667 0.00893854748603351 0.015111111111111103
0 0.18533519553072625 0.2291111111111111 0.009217877094972071 0.01733333333333334
0 0.16955307262569833 0.19911111111111113 0.008379888268156443 0.01688888888888887
0 0.19399441340782125 0.20022222222222222 0.008659217877094977 0.015555555555555545
0 0.21284916201117318 0.20155555555555554 0.009497206703910632 0.016444444444444456
0 0.20991620111731843 0.23133333333333334 0.009217877094972071 0.015555555555555545
0 0.2032122905027933 0.3655555555555555 0.009217877094972071 0.017333333333333367
0 0.2155027932960894 0.3171111111111111 0.009776536312849166 0.016444444444444428
0 0.23798882681564246 0.36133333333333334 0.010055865921787699 0.01777777777777778
0 0.23505586592178773 0.39666666666666667 0.009776536312849166 0.015555555555555545
0 0.26075418994413413 0.39555555555555555 0.009217877094972071 0.016888888888888898
0 0.263268156424581 0.3631111111111111 0.008659217877095005 0.01777777777777778
0 0.24916201117318437 0.31977777777777777 0.009497206703910632 0.015555555555555545
0 0.26927374301675977 0.31866666666666665 0.00893854748603351 0.016888888888888898
0 0.22751396648044692 0.4302222222222222 0.009776536312849166 0.016888888888888898
0 0.2488826815642458 0.4331111111111111 0.009497206703910632 0.012888888888888839
0 0.22458100558659216 0.46177777777777773 0.009497206703910605 0.018666666666666665
0 0.24357541899441343 0.4713333333333334 0.009497206703910605 0.014666666666666661
0 0.2187150837988827 0.5044444444444445 0.011173184357541888 0.017777777777777726
0 0.23184357541899442 0.49711111111111117 0.010055865921787699 0.019111111111111134
0 0.23575418994413408 0.5311111111111111 0.010614525139664821 0.019555555555555548
0 0.20865921787709496 0.526888888888889 0.011731843575418982 0.01822222222222225
0 0.1708100558659218 0.5171111111111111 0.010893854748603354 0.015555555555555545
0 0.16298882681564245 0.5386666666666666 0.011452513966480449 0.01866666666666672
0 0.14231843575418995 0.514888888888889 0.010893854748603354 0.01911111111111119
0 0.13743016759776536 0.5457777777777777 0.012290502793296076 0.01777777777777778
0 0.11592178770949721 0.510888888888889 0.010614525139664807 0.01822222222222225
0 0.10824022346368715 0.5462222222222222 0.011452513966480449 0.015111111111111186
0 0.5275139664804469 0.4464444444444444 0.009776536312849138 0.0155555555555556
0 0.5272346368715084 0.5084444444444445 0.008659217877095005 0.01777777777777778
0 0.44259776536312845 0.512888888888889 0.008659217877094949 0.01866666666666672
0 0.4458100558659218 0.4395555555555556 0.008938547486033566 0.018666666666666665
0 0.9103351955307263 0.5177777777777778 0.013407821229050265 0.019555555555555548
0 0.8808659217877095 0.518888888888889 0.010893854748603271 0.01911111111111119
0 0.8976256983240223 0.47333333333333333 0.010893854748603382 0.021333333333333315
0 0.8668994413407821 0.47533333333333333 0.01033519553072626 0.020000000000000018
0 0.8864525139664805 0.434 0.009776536312849138 0.020000000000000018
0 0.8582402234636872 0.4355555555555556 0.009776536312849138 0.01599999999999996
0 0.8541899441340782 0.4008888888888889 0.010614525139664766 0.01777777777777778
0 0.8741620111731844 0.40644444444444444 0.01033519553072626 0.01733333333333331
0 0.8942737430167598 0.36888888888888893 0.01033519553072626 0.018666666666666665
0 0.9162011173184357 0.36177777777777775 0.011173184357541888 0.01599999999999996
0 0.9391061452513967 0.36488888888888893 0.010055865921787643 0.01511111111111113
0 0.9231843575418994 0.32911111111111113 0.010055865921787754 0.017333333333333367
0 0.9023743016759777 0.3308888888888889 0.01033519553072626 0.016444444444444428
0 0.8832402234636871 0.33044444444444443 0.011173184357541888 0.015555555555555545
0 0.8673184357541899 0.36644444444444446 0.010614525139664877 0.019111111111111134
0 0.8578212290502794 0.33577777777777773 0.010055865921787754 0.016444444444444428
0 0.840782122905028 0.3706666666666667 0.010055865921787754 0.018666666666666665
0 0.8296089385474861 0.3377777777777778 0.011173184357541888 0.01777777777777778
0 0.8445530726256983 0.30666666666666664 0.009217877094972016 0.01777777777777778
0 0.8226256983240223 0.3071111111111111 0.00893854748603351 0.016888888888888842
0 0.8414804469273742 0.2862222222222222 0.009217877094972127 0.016000000000000014
0 0.6817039106145251 0.18622222222222223 0.008100558659217882 0.015111111111111103
0 0.7008379888268157 0.18422222222222223 0.007821229050279377 0.016444444444444456
0 0.7100558659217877 0.22155555555555556 0.007821229050279266 0.019111111111111106
0 0.7244413407821229 0.2831111111111111 0.009217877094972127 0.01777777777777778
0 0.7244413407821229 0.3142222222222222 0.01033519553072626 0.020444444444444432
0 0.7046089385474861 0.3102222222222222 0.01033519553072626 0.018666666666666665
0 0.7089385474860335 0.33399999999999996 0.010614525139664877 0.018222222222222195
0 0.6972067039106145 0.2897777777777778 0.008379888268156388 0.016888888888888898
0 0.6958100558659217 0.26222222222222225 0.007821229050279377 0.01599999999999996
0 0.6912011173184358 0.24177777777777776 0.008100558659217882 0.017777777777777753
0 0.6832402234636872 0.22155555555555556 0.008379888268156388 0.016444444444444428
0 0.7163407821229051 0.24688888888888888 0.008659217877094894 0.01733333333333331
0 0.720391061452514 0.25422222222222224 0.006703910614525244 0.01777777777777781
0 0.7139664804469273 0.3731111111111111 0.00893854748603351 0.01822222222222225
0 0.7417597765363129 0.36844444444444446 0.009217877094972016 0.018666666666666665
0 0.7759776536312849 0.3726666666666667 0.00893854748603351 0.019111111111111134
0 0.7685754189944134 0.33666666666666667 0.009776536312849138 0.01733333333333331
0 0.7392458100558659 0.33666666666666667 0.008659217877094894 0.01733333333333331
0 0.8156424581005587 0.2813333333333333 0.00893854748603351 0.019555555555555548
0 0.8040502793296089 0.37244444444444447 0.008659217877095005 0.018666666666666665
0 0.7988826815642458 0.33755555555555555 0.009497206703910632 0.01911111111111108
0 0.8101955307262569 0.25422222222222224 0.008100558659217882 0.018666666666666665
0 0.8329608938547486 0.25044444444444447 0.008379888268156499 0.019111111111111106
0 0.8277932960893855 0.2331111111111111 0.008100558659217882 0.016444444444444456
0 0.8206703910614526 0.20800000000000002 0.008379888268156388 0.01688888888888887
0 0.8025139664804469 0.22599999999999998 0.00893854748603351 0.01733333333333334
0 0.7925977653631284 0.2111111111111111 0.008659217877094894 0.01777777777777778
0 0.7840782122905028 0.18866666666666665 0.009497206703910521 0.019111111111111106
0 0.813268156424581 0.18377777777777776 0.009776536312849138 0.01733333333333334
0 0.9407821229050279 0.7737777777777778 0.016201117318435765 0.022222222222222143
0 0.9259776536312849 0.8260000000000001 0.01508379888268152 0.020888888888888846
0 0.9215083798882682 0.8668888888888889 0.015642458100558643 0.023555555555555552
0 0.8761173184357542 0.7475555555555555 0.01592178770949715 0.022222222222222254
0 0.5428770949720669 0.9324444444444444 0.012569832402234637 0.02400000000000002
0 0.5106145251396648 0.7575555555555555 0.014525139664804398 0.023555555555555552
0 0.4871508379888268 0.7695555555555555 0.011173184357541888 0.022666666666666613
0 0.4662011173184357 0.7544444444444445 0.010055865921787699 0.023555555555555552
0 0.4406424581005587 0.762888888888889 0.011452513966480449 0.020888888888888846
0 0.4238826815642458 0.8706666666666667 0.01312849162011176 0.021333333333333315
0 0.4328212290502793 0.73 0.012569832402234637 0.01911111111111108
0 0.015223463687150838 0.7557777777777778 0.0164804469273743 0.022666666666666613
0 0.10013966480446927 0.7453333333333334 0.015921787709497204 0.01866666666666672
0 0.08002793296089386 0.516 0.010335195530726246 0.01866666666666661
0 0.0717877094972067 0.5484444444444445 0.01229050279329609 0.01866666666666672
0 0.040921787709497205 0.5526666666666666 0.011452513966480449 0.020000000000000018
0 0.0164804469273743 0.5475555555555556 0.014525139664804468 0.022222222222222254
0 0.03547486033519553 0.5115555555555555 0.013407821229050276 0.01777777777777778
0 0.23701117318435755 0.2351111111111111 0.008659217877094977 0.015999999999999986
0 0.24064245810055868 0.20866666666666667 0.008659217877094977 0.018222222222222195
0 0.26648044692737427 0.23244444444444445 0.008379888268156443 0.016888888888888898
0 0.2850558659217877 0.2331111111111111 0.008100558659217882 0.015555555555555572
0 0.2896648044692738 0.20444444444444443 0.007821229050279321 0.015999999999999986
0 0.26927374301675977 0.20533333333333334 0.008379888268156388 0.016000000000000014
