0 0.47250000000000003 0.3738738738738739 0.044999999999999984 0.08468468468468471
0 0.51125 0.41981981981981986 0.03999999999999998 0.06846846846846849
0 0.59 0.436036036036036 0.04249999999999998 0.06846846846846849
0 0.64 0.45495495495495497 0.03249999999999997 0.05945945945945946
0 0.69125 0.4495495495495495 0.03249999999999997 0.05945945945945946
0 0.746875 0.4369369369369369 0.04125000000000001 0.05945945945945946
0 0.2075 0.3216216216216216 0.07 0.10630630630630633
0 0.310625 0.36936936936936937 0.05625000000000002 0.09369369369369374
0 0.39 0.4126126126126126 0.04249999999999998 0.06846846846846844
0 0.975625 0.5873873873873874 0.008750000000000036 0.01441441441441449
