0 0.6285714285714286 0.17872340425531913 0.037142857142857144 0.059574468085106386
0 0.40714285714285714 0.6031914893617021 0.042857142857142816 0.06595744680851057
0 0.08928571428571427 0.14148936170212767 0.03571428571428571 0.061702127659574474
0 0.12714285714285714 0.1 0.034285714285714294 0.0723404255319149
0 0.1657142857142857 0.1297872340425532 0.031428571428571445 0.059574468085106386
0 0.42928571428571427 0.09787234042553192 0.03857142857142859 0.05957446808510637
1 0.21214285714285713 0.5414893617021277 0.04428571428571429 0.08297872340425527
1 0.06428571428571428 0.4723404255319149 0.04285714285714286 0.06808510638297866
1 0.18214285714285713 0.3148936170212766 0.03285714285714286 0.06808510638297871
1 0.20642857142857143 0.2542553191489362 0.0357142857142857 0.0617021276595745
1 0.18714285714285714 0.23191489361702128 0.03142857142857142 0.05106382978723403
1 0.19 0.15638297872340423 0.03428571428571431 0.05319148936170212
1 0.615 0.12659574468085105 0.027142857142857135 0.04893617021276596
