0 0.472 0.10778443113772455 0.08000000000000002 0.15568862275449102
0 0.654 0.17365269461077842 0.03600000000000003 0.06586826347305388
0 0.802 0.1661676646706587 0.04799999999999993 0.08682634730538921
0 0.901 0.12574850299401197 0.04600000000000004 0.0778443113772455
0 0.369 0.15868263473053892 0.026000000000000023 0.047904191616766456
0 0.33599999999999997 0.17065868263473055 0.02799999999999997 0.047904191616766484
0 0.07 0.16916167664670656 0.020000000000000004 0.038922155688622756
0 0.091 0.17365269461077842 0.021999999999999992 0.047904191616766484
0 0.11699999999999999 0.17365269461077842 0.013999999999999999 0.023952095808383228
0 0.131 0.15119760479041916 0.03399999999999999 0.06886227544910178
0 0.182 0.1721556886227545 0.01200000000000001 0.020958083832335328
0 0.192 0.16766467065868262 0.01200000000000001 0.023952095808383228
0 0.20900000000000002 0.17664670658682635 0.013999999999999985 0.023952095808383228
0 0.222 0.17514970059880242 0.016000000000000014 0.038922155688622756
0 0.235 0.17065868263473055 0.013999999999999985 0.023952095808383228
0 0.262 0.17664670658682635 0.01200000000000001 0.023952095808383228
0 0.28400000000000003 0.17365269461077845 0.01599999999999996 0.035928143712574856
0 0.272 0.17664670658682635 0.008000000000000007 0.023952095808383228
0 0.306 0.1781437125748503 0.01200000000000001 0.020958083832335328
0 0.353 0.1721556886227545 0.014000000000000012 0.03293413173652693
0 0.325 0.18113772455089822 0.010000000000000009 0.032934131736526956
0 0.433 0.1691616766467066 0.026000000000000023 0.044910179640718584
