0 0.095 0.3956766917293233 0.065 0.09586466165413532
0 0.16875 0.3984962406015038 0.05250000000000002 0.05639097744360905
0 0.1725 0.4605263157894737 0.07499999999999998 0.11278195488721798
0 0.2975 0.42199248120300753 0.057499999999999996 0.08082706766917291
0 0.41874999999999996 0.3599624060150376 0.05499999999999999 0.09586466165413532
0 0.485 0.39849624060150374 0.04499999999999993 0.09022556390977443
0 0.415625 0.47462406015037595 0.08625 0.1146616541353383
0 0.61875 0.412593984962406 0.06000000000000005 0.07706766917293228
0 0.6875 0.41165413533834583 0.05249999999999999 0.09774436090225563
0 0.730625 0.43796992481203006 0.04125000000000001 0.0714285714285714
