0 0.21545454545454545 0.14438502673796794 0.06727272727272726 0.10695187165775402
0 0.3381818181818182 0.1229946524064171 0.08727272727272728 0.1443850267379679
0 0.3781818181818182 0.19117647058823528 0.032727272727272716 0.07219251336898394
0 0.06636363636363637 0.13903743315508021 0.06727272727272728 0.12834224598930483
0 0.12454545454545454 0.1804812834224599 0.052727272727272734 0.09893048128342247
0 0.2990909090909091 0.516042780748663 0.19818181818181818 0.34759358288770054
0 0.4509090909090909 0.47994652406417115 0.1454545454545455 0.2647058823529412
0 0.5172727272727273 0.15240641711229946 0.06727272727272726 0.11764705882352942
1 0.6636363636363636 0.19919786096256686 0.08363636363636362 0.16310160427807488
1 0.7190909090909091 0.22860962566844922 0.041818181818181754 0.10427807486631016
1 0.7790909090909091 0.14304812834224598 0.18000000000000005 0.24331550802139038
1 0.6163636363636364 0.18716577540106952 0.05818181818181822 0.15508021390374332
1 0.2627272727272727 0.17914438502673796 0.06363636363636366 0.10695187165775402
