0 0.5163636363636364 0.2362924281984334 0.06545454545454543 0.11749347258485637
0 0.32272727272727275 0.2963446475195822 0.06727272727272732 0.1174934725848564
0 0.2927272727272727 0.07963446475195822 0.025454545454545452 0.0496083550913838
0 0.18363636363636363 0.02349869451697128 0.025454545454545452 0.03655352480417755
0 0.6254545454545455 0.26109660574412535 0.036363636363636376 0.08877284595300264
0 0.6554545454545455 0.27154046997389036 0.027272727272727226 0.05221932114882505
0 0.7554545454545454 0.27154046997389036 0.038181818181818206 0.0783289817232376
0 0.8009090909090909 0.2584856396866841 0.049090909090909074 0.11488250652741516
0 0.8327272727272728 0.283289817232376 0.014545454545454528 0.028720626631853763
0 0.3572727272727273 0.10443864229765012 0.016363636363636358 0.03133159268929504
0 0.4181818181818182 0.1422976501305483 0.014545454545454584 0.02872062663185379
1 0.8681818181818182 0.2845953002610966 0.027272727272727337 0.041775456919060094
