0 0.46699999999999997 0.5761245674740485 0.05399999999999999 0.12110726643598613
0 0.376 0.5346020761245674 0.040000000000000036 0.0726643598615917
0 0.36 0.6089965397923875 0.06 0.12456747404844282
0 0.32699999999999996 0.6020761245674741 0.045999999999999985 0.11764705882352944
0 0.26 0.5311418685121108 0.040000000000000036 0.10034602076124571
0 0.184 0.6470588235294117 0.11199999999999999 0.1522491349480969
0 0.183 0.8079584775086506 0.16200000000000003 0.2110726643598616
0 0.56 0.6141868512110726 0.07199999999999995 0.1349480968858131
0 0.589 0.5501730103806228 0.050000000000000044 0.08304498269896188
0 0.562 0.5224913494809689 0.03599999999999992 0.06920415224913495
0 0.634 0.6107266435986158 0.06400000000000006 0.12110726643598613
0 0.6839999999999999 0.5155709342560554 0.04399999999999993 0.0761245674740485
0 0.71 0.5674740484429066 0.051999999999999935 0.09688581314878897
0 0.796 0.5190311418685121 0.039999999999999925 0.08304498269896199
0 0.898 0.532871972318339 0.04400000000000004 0.07612456747404844
0 0.9099999999999999 0.6141868512110726 0.07599999999999996 0.10726643598615915
0 0.948 0.5501730103806228 0.051999999999999935 0.08304498269896188
1 0.845 0.5934256055363323 0.06599999999999995 0.10726643598615915
1 0.841 0.5380622837370242 0.05400000000000005 0.05882352941176472
1 0.986 0.5397923875432526 0.028000000000000025 0.06920415224913501
1 0.539 0.3027681660899654 0.026000000000000023 0.05882352941176466
1 0.439 0.5865051903114187 0.026000000000000023 0.08650519031141868
