1 0.05876685934489402 0.31551724137931036 0.025048169556840076 0.05862068965517242
1 0.2716763005780347 0.22672413793103446 0.017341040462427737 0.032758620689655155
1 0.33092485549132944 0.2517241379310345 0.018304431599229287 0.041379310344827586
1 0.38198458574181116 0.25775862068965516 0.026011560693641633 0.05000000000000002
1 0.41859344894026973 0.278448275862069 0.024084778420038533 0.046551724137931016
1 0.40703275529865124 0.22155172413793103 0.018304431599229287 0.036206896551724155
1 0.3940269749518305 0.19655172413793104 0.015414258188824637 0.031034482758620696
1 0.37283236994219654 0.19310344827586207 0.015414258188824692 0.03448275862068967
1 0.3911368015414258 0.1732758620689655 0.013487475915221592 0.025862068965517265
1 0.40944123314065506 0.17155172413793102 0.017341040462427737 0.03620689655172413
1 0.44412331406551064 0.21465517241379312 0.017341040462427737 0.03620689655172413
1 0.441233140655106 0.17586206896551723 0.013487475915221592 0.027586206896551724
1 0.4393063583815029 0.1543103448275862 0.013487475915221592 0.022413793103448265
1 0.4682080924855491 0.14310344827586208 0.013487475915221592 0.027586206896551724
1 0.48121387283236994 0.15517241379310345 0.012524084778420042 0.027586206896551724
1 0.48073217726396916 0.18448275862068966 0.015414258188824692 0.031034482758620696
1 0.4633911368015414 0.2189655172413793 0.019267822736030782 0.041379310344827586
1 0.5120423892100192 0.2189655172413793 0.01830443159922923 0.03793103448275861
1 0.523121387283237 0.1853448275862069 0.01734104046242768 0.0396551724137931
1 0.4975915221579962 0.1413793103448276 0.012524084778420097 0.031034482758620696
1 0.5269749518304432 0.1413793103448276 0.011560693641618491 0.027586206896551724
1 0.539980732177264 0.14310344827586208 0.010597302504816941 0.02413793103448275
1 0.5447976878612717 0.19224137931034485 0.018304431599229343 0.0396551724137931
1 0.5390173410404624 0.125 0.00867052023121384 0.022413793103448265
1 0.5510597302504816 0.14310344827586208 0.009633911368015391 0.017241379310344834
1 0.5674373795761078 0.14482758620689656 0.011560693641618491 0.02413793103448278
1 0.5804431599229287 0.12844827586206897 0.00867052023121384 0.02241379310344828
1 0.5895953757225434 0.1706896551724138 0.017341040462427793 0.027586206896551724
1 0.5953757225433527 0.13706896551724138 0.011560693641618491 0.03275862068965517
1 0.605009633911368 0.12327586206896551 0.009633911368015391 0.022413793103448265
1 0.6127167630057804 0.11206896551724138 0.011560693641618491 0.027586206896551724
1 0.6271676300578035 0.12931034482758622 0.013487475915221592 0.031034482758620696
1 0.6184971098265897 0.16896551724137931 0.015414258188824692 0.03448275862068967
1 0.6411368015414258 0.12327586206896551 0.014450867052023142 0.03275862068965517
1 0.6579961464354528 0.14913793103448275 0.015414258188824581 0.03620689655172413
1 0.6565510597302505 0.1163793103448276 0.012524084778420042 0.029310344827586224
1 0.6608863198458574 0.12155172413793103 0.011560693641618491 0.025862068965517238
1 0.6859344894026975 0.12327586206896551 0.013487475915221592 0.02931034482758621
1 0.6946050096339114 0.11206896551724138 0.011560693641618491 0.031034482758620696
1 0.7109826589595376 0.11810344827586206 0.011560693641618491 0.03275862068965517
1 0.5708092485549132 0.2775862068965517 0.026011560693641633 0.05862068965517242
1 0.5833333333333333 0.2517241379310345 0.026011560693641633 0.0482758620689655
1 0.6343930635838151 0.24568965517241378 0.022157996146435432 0.04999999999999999
1 0.6180154142581888 0.23448275862068965 0.016377649325626242 0.031034482758620696
1 0.6618497109826589 0.20086206896551723 0.017341040462427793 0.03620689655172413
1 0.680635838150289 0.2120689655172414 0.022157996146435432 0.051724137931034475
1 0.6753371868978806 0.278448275862069 0.026974951830443183 0.046551724137931016
1 0.7071290944123314 0.19224137931034485 0.01734104046242768 0.04310344827586207
1 0.7345857418111753 0.1422413793103448 0.012524084778420042 0.03620689655172413
1 0.7495183044315992 0.14741379310344827 0.009633911368015391 0.02931034482758621
1 0.7577071290944124 0.16034482758620688 0.01637764932562613 0.03103448275862067
1 0.7427745664739884 0.1896551724137931 0.015414258188824581 0.03448275862068964
1 0.7596339113680154 0.20603448275862069 0.018304431599229343 0.0396551724137931
1 0.7658959537572254 0.2517241379310345 0.01734104046242768 0.041379310344827586
1 0.7745664739884393 0.3017241379310345 0.030828516377649273 0.05862068965517242
1 0.7355491329479769 0.2681034482758621 0.022157996146435432 0.053448275862068934
1 0.7316955684007707 0.24741379310344827 0.022157996146435432 0.043103448275862044
1 0.8270712909441233 0.30948275862068964 0.026011560693641633 0.04999999999999999
1 0.7923892100192678 0.21982758620689655 0.01830443159922923 0.036206896551724155
1 0.8424855491329479 0.2413793103448276 0.01637764932562613 0.044827586206896586
1 0.8680154142581888 0.2732758620689655 0.026974951830443183 0.05344827586206896
1 0.9094412331406552 0.3586206896551724 0.026974951830443072 0.06551724137931036
1 0.9224470134874759 0.3077586206896552 0.016377649325626242 0.04999999999999999
1 0.8954720616570327 0.24655172413793103 0.018304431599229343 0.031034482758620724
1 0.9219653179190752 0.2853448275862069 0.019267822736030893 0.036206896551724155
1 0.9335260115606936 0.23620689655172414 0.017341040462427793 0.04137931034482761
1 0.9499036608863198 0.225 0.009633911368015391 0.02931034482758621
1 0.9489402697495184 0.19482758620689655 0.011560693641618491 0.027586206896551724
1 0.9503853564547207 0.17413793103448275 0.01637764932562613 0.027586206896551724
1 0.9147398843930636 0.16810344827586207 0.014450867052023031 0.02931034482758621
1 0.9070327552986512 0.19051724137931034 0.014450867052023142 0.03275862068965518
1 0.846820809248555 0.2025862068965517 0.021194605009633993 0.032758620689655155
1 0.8111753371868979 0.16379310344827586 0.017341040462427793 0.03448275862068967
1 0.8025048169556841 0.13879310344827586 0.015414258188824692 0.02931034482758621
1 0.7789017341040463 0.14482758620689656 0.01637764932562613 0.03103448275862067
1 0.823699421965318 0.1482758620689655 0.011560693641618491 0.02413793103448275
1 0.8400770712909442 0.16120689655172415 0.013487475915221592 0.03620689655172413
1 0.8564547206165702 0.15258620689655172 0.011560693641618491 0.018965517241379293
1 0.8790944123314066 0.1732758620689655 0.014450867052023031 0.029310344827586182
1 0.8930635838150289 0.1560344827586207 0.011560693641618491 0.022413793103448265
1 0.8607899807321773 0.18620689655172412 0.014450867052023142 0.03103448275862067
