1 0.12125 0.33833333333333326 0.22999999999999998 0.5399999999999999
1 0.260625 0.3225 0.028750000000000026 0.031666666666666676
1 0.2575 0.2891666666666667 0.030000000000000027 0.034999999999999976
1 0.38875 0.22916666666666669 0.025000000000000022 0.035
1 0.35375 0.27749999999999997 0.017500000000000016 0.021666666666666667
1 0.361875 0.29166666666666663 0.018750000000000044 0.026666666666666672
1 0.505 0.2875 0.04750000000000004 0.05833333333333329
1 0.5549999999999999 0.3058333333333333 0.06500000000000006 0.07500000000000001
1 0.605 0.2833333333333333 0.05499999999999994 0.06333333333333335
1 0.74125 0.28833333333333333 0.0675 0.06999999999999995
1 0.7493749999999999 0.25666666666666665 0.04625000000000001 0.053333333333333316
1 0.860625 0.27416666666666667 0.05874999999999997 0.07833333333333337
1 0.926875 0.2816666666666667 0.09624999999999995 0.12333333333333332
1 0.8225 0.2683333333333333 0.030000000000000027 0.03666666666666668
1 0.79 0.2758333333333334 0.02749999999999997 0.031666666666666676
1 0.46375 0.3075 0.03249999999999997 0.04500000000000004
1 0.44125000000000003 0.2875 0.024999999999999967 0.031666666666666676
1 0.405625 0.2825 0.016249999999999987 0.021666666666666667
