1 0.06583333333333333 0.33111111111111113 0.034999999999999996 0.048888888888888926
1 0.09666666666666666 0.3488888888888889 0.04000000000000001 0.048888888888888926
1 0.14833333333333332 0.3611111111111111 0.03666666666666665 0.05555555555555558
1 0.18583333333333335 0.37555555555555553 0.04500000000000001 0.05777777777777776
1 0.27416666666666667 0.35111111111111115 0.03166666666666662 0.04444444444444445
1 0.30833333333333335 0.3511111111111111 0.033333333333333326 0.04888888888888887
1 0.34750000000000003 0.32333333333333336 0.021666666666666667 0.03333333333333338
1 0.37916666666666665 0.35111111111111115 0.031666666666666676 0.04444444444444445
1 0.38916666666666666 0.4122222222222222 0.06166666666666665 0.08666666666666667
1 0.45333333333333337 0.3488888888888889 0.026666666666666672 0.03999999999999998
1 0.47583333333333333 0.35 0.02833333333333332 0.04666666666666669
1 0.5266666666666666 0.3255555555555556 0.029999999999999916 0.04666666666666669
1 0.65 0.27444444444444444 0.036666666666666625 0.05111111111111111
1 0.5033333333333333 0.43 0.07 0.10444444444444445
1 0.5841666666666667 0.38666666666666666 0.04166666666666663 0.07111111111111112
1 0.6733333333333333 0.39222222222222225 0.053333333333333344 0.07777777777777778
1 0.7116666666666667 0.3522222222222222 0.040000000000000036 0.05111111111111111
1 0.765 0.37555555555555553 0.040000000000000036 0.062222222222222234
1 0.8083333333333333 0.43777777777777777 0.06333333333333335 0.10222222222222221
1 0.895 0.4911111111111111 0.1166666666666667 0.16000000000000003
1 0.9066666666666667 0.3844444444444445 0.05999999999999994 0.08444444444444449
