1 0.16458333333333333 0.3502475247524752 0.04583333333333334 0.06930693069306931
1 0.18541666666666667 0.32363861386138615 0.030833333333333324 0.05074257425742573
1 0.21333333333333332 0.28155940594059403 0.04000000000000001 0.07301980198019803
1 0.24666666666666665 0.30569306930693074 0.04000000000000001 0.06930693069306931
1 0.3158333333333333 0.2902227722772277 0.05499999999999999 0.0977722772277228
1 0.33375 0.25185643564356436 0.04249999999999998 0.07054455445544552
1 0.38625 0.26113861386138615 0.059166666666666645 0.10148514851485149
1 0.4391666666666667 0.28712871287128716 0.04999999999999999 0.09405940594059409
1 0.5025 0.2592821782178218 0.048333333333333284 0.07549504950495048
1 0.54125 0.20792079207920794 0.08083333333333331 0.1410891089108911
1 0.6495833333333334 0.2790841584158416 0.054166666666666585 0.09282178217821782
1 0.7166666666666667 0.3001237623762376 0.050000000000000044 0.08787128712871284
1 0.8529166666666667 0.26113861386138615 0.060833333333333295 0.10396039603960397
