1 0.15940685820203893 0.49014778325123154 0.04633920296570898 0.07717569786535305
1 0.2738646895273401 0.26354679802955666 0.01760889712696939 0.03776683087027913
1 0.2910101946246525 0.2824302134646962 0.018535681186283626 0.0394088669950739
1 0.2974976830398517 0.24794745484400657 0.020389249304911983 0.032840722495894925
1 0.3503243744207599 0.2750410509031199 0.02224281742354034 0.047619047619047616
1 0.3790546802594995 0.2783251231527094 0.020389249304911983 0.04105090311986864
1 0.3767377201112141 0.24220032840722497 0.019462465245597804 0.04105090311986864
1 0.3674698795180723 0.1921182266009852 0.015755329008341035 0.026272577996715923
1 0.37766450417052827 0.20607553366174056 0.01575532900834109 0.027914614121510695
1 0.4040778498609824 0.18472906403940886 0.014828544949026856 0.027914614121510667
1 0.4179796107506951 0.17980295566502463 0.020389249304911983 0.037766830870279156
1 0.4360518999073216 0.1592775041050903 0.01760889712696939 0.032840722495894925
1 0.44346617238183506 0.18719211822660098 0.015755329008341035 0.0328407224958949
1 0.4592215013901761 0.19293924466338258 0.019462465245597804 0.031198686371100154
1 0.44856348470806306 0.229064039408867 0.024096385542168697 0.04105090311986864
1 0.4735866543095459 0.22660098522167488 0.022242817423540284 0.03612479474548441
1 0.4810009267840593 0.1954022988505747 0.016682113067655213 0.036124794745484384
1 0.4782205746061168 0.1559934318555008 0.014828544949026856 0.026272577996715923
1 0.47080630213160335 0.14614121510673234 0.0129749768303985 0.026272577996715923
1 0.4962928637627433 0.1633825944170772 0.013901760889712733 0.027914614121510667
1 0.5018535681186284 0.14203612479474548 0.01204819277108432 0.02463054187192118
1 0.5222428174235403 0.19704433497536947 0.019462465245597804 0.0394088669950739
1 0.5083410565338276 0.180623973727422 0.01760889712696939 0.03612479474548441
1 0.5157553290083411 0.14942528735632182 0.013901760889712733 0.02955665024630541
1 0.5375347544022243 0.1781609195402299 0.014828544949026856 0.03448275862068967
1 0.5301204819277109 0.12397372742200329 0.014828544949026856 0.031198686371100154
1 0.5444856348470806 0.1272577996715928 0.010194624652455908 0.02463054187192118
1 0.5574606116774792 0.13218390804597702 0.013901760889712733 0.027914614121510667
1 0.5746061167747915 0.1412151067323481 0.014828544949026856 0.026272577996715923
1 0.5658016682113067 0.180623973727422 0.017608897126969447 0.032840722495894925
1 0.5843373493975903 0.12479474548440066 0.013901760889712622 0.026272577996715923
1 0.5922150139017608 0.10837438423645321 0.0129749768303985 0.022988505747126436
1 0.6093605189990732 0.15106732348111657 0.01575532900834109 0.0328407224958949
1 0.6144578313253013 0.12889983579638753 0.0129749768303985 0.02463054187192118
1 0.6135310472659871 0.10426929392446634 0.011121408711770142 0.021346469622331693
1 0.6413345690454124 0.10426929392446634 0.01297497683039861 0.02463054187192118
1 0.6445783132530121 0.11904761904761904 0.010194624652456019 0.024630541871921194
1 0.6538461538461539 0.1412151067323481 0.012048192771084265 0.022988505747126436
1 0.6631139944392956 0.11576354679802955 0.013901760889712733 0.02791461412151068
1 0.6987951807228916 0.1059113300492611 0.0129749768303985 0.031198686371100168
1 0.5695088044485634 0.24302134646962234 0.019462465245597804 0.0394088669950739
1 0.5588507877664504 0.30295566502463056 0.027803521779425355 0.05418719211822659
1 0.5231696014828545 0.2848932676518884 0.02873030583873959 0.047619047619047616
1 0.618164967562558 0.26108374384236455 0.02409638554216864 0.04926108374384236
1 0.6320667284522706 0.30295566502463056 0.027803521779425466 0.060755336617405564
1 0.6311399443929564 0.20689655172413793 0.01853568118628368 0.03612479474548441
1 0.6556997219647822 0.2134646962233169 0.02131603336422616 0.042692939244663386
1 0.6594068582020389 0.16748768472906403 0.02131603336422616 0.042692939244663386
1 0.6677479147358665 0.16830870279146143 0.017608897126969336 0.027914614121510667
1 0.6904541241890639 0.18308702791461412 0.01853568118628357 0.037766830870279156
1 0.7136237256719185 0.17077175697865354 0.014828544949026856 0.026272577996715923
1 0.7233549582947174 0.20853858784893267 0.019462465245597804 0.04597701149425287
1 0.7085264133456904 0.2684729064039409 0.02873030583873959 0.057471264367816105
1 0.6950880444856349 0.30952380952380953 0.03707136237256725 0.07389162561576357
1 0.73725671918443 0.3415435139573071 0.03614457831325302 0.07224958949096877
1 0.767840593141798 0.2742200328407225 0.0324374420759963 0.05582922824302136
1 0.7502316960148285 0.21839080459770116 0.019462465245597693 0.042692939244663386
1 0.7284522706209453 0.12561576354679801 0.016682113067655213 0.03776683087027914
1 0.7386468952734013 0.14367816091954022 0.016682113067655213 0.03448275862068964
1 0.7604263206672845 0.13218390804597702 0.01575532900834109 0.03119868637110018
1 0.7743280815569973 0.1535303776683087 0.017608897126969336 0.03448275862068967
1 0.8063021316033364 0.15599343185550082 0.020389249304912038 0.032840722495894925
1 0.7771084337349398 0.1986863711001642 0.02131603336422616 0.042692939244663386
1 0.8058387395736794 0.23973727422003285 0.025023169601482875 0.042692939244663386
1 0.8266913809082483 0.19950738916256158 0.02409638554216864 0.04433497536945813
1 0.8225208526413346 0.1412151067323481 0.01575532900834098 0.02955665024630541
1 0.8262279888785913 0.12233169129720854 0.013901760889712733 0.027914614121510667
1 0.8447636700648748 0.1691297208538588 0.013901760889712733 0.03940886699507387
1 0.849860982391103 0.14367816091954022 0.016682113067655213 0.031198686371100154
1 0.8614457831325302 0.13464696223316913 0.013901760889712622 0.032840722495894925
1 0.892029657089898 0.13957307060755336 0.013901760889712622 0.03284072249589491
1 0.8860055607043559 0.16995073891625617 0.011121408711770142 0.03448275862068964
1 0.8744207599629287 0.21182266009852216 0.02131603336422616 0.04597701149425287
1 0.8646895273401297 0.26108374384236455 0.022242817423540284 0.04597701149425287
1 0.8053753475440222 0.3185550082101806 0.027803521779425355 0.059113300492610876
1 0.8137164040778498 0.3825944170771757 0.035217794253938894 0.07553366174055826
1 0.8989805375347544 0.36863711001642036 0.040778498609823854 0.08702791461412152
1 0.9138090824837812 0.3054187192118226 0.02409638554216864 0.05911330049261082
1 0.9096385542168675 0.25369458128078815 0.019462465245597693 0.04105090311986864
1 0.9138090824837812 0.21264367816091956 0.01853568118628368 0.031198686371100154
1 0.9244670991658943 0.24630541871921183 0.019462465245597804 0.0394088669950739
1 0.9221501390176089 0.1559934318555008 0.011121408711770142 0.022988505747126436
