1 0.14278198653198654 0.3282828282828283 0.04061447811447812 0.08017676767676768
1 0.19654882154882156 0.33349116161616166 0.031565656565656575 0.06534090909090912
1 0.21506734006734007 0.4098800505050505 0.04082491582491582 0.07039141414141414
1 0.2543139730639731 0.5007891414141414 0.032196969696969724 0.06534090909090906
1 0.3265993265993266 0.5566603535353536 0.051767676767676796 0.07986111111111105
1 0.4644360269360269 0.5392992424242424 0.05387205387205385 0.08743686868686873
1 0.5672348484848484 0.5492424242424243 0.05197811447811451 0.09027777777777779
1 0.6811868686868687 0.5093118686868687 0.04292929292929293 0.09059343434343436
1 0.2473695286195286 0.3388573232323232 0.036405723905723913 0.05460858585858591
1 0.27041245791245794 0.22522095959595959 0.029461279461279466 0.052714646464646464
1 0.3048190235690236 0.31833964646464646 0.030934343434343425 0.05776515151515149
1 0.3571127946127946 0.31470959595959597 0.03577441077441079 0.06944444444444442
1 0.3546927609427609 0.21559343434343434 0.02798821548821545 0.05681818181818182
1 0.4089856902356902 0.35290404040404044 0.03851010101010105 0.07260101010101011
1 0.4476010101010101 0.3104482323232323 0.031565656565656575 0.06092171717171713
1 0.4307659932659933 0.22301136363636365 0.03156565656565652 0.060921717171717155
1 0.5176767676767677 0.2410037878787879 0.027356902356902357 0.054608585858585884
1 0.4917929292929293 0.33254419191919193 0.03577441077441085 0.06723484848484851
1 0.5556607744107744 0.3161300505050505 0.038510101010100994 0.07481060606060608
1 0.5956439393939394 0.3372790404040404 0.038510101010101105 0.07039141414141414
1 0.5851220538720538 0.23832070707070707 0.03430134680134678 0.06628787878787878
1 0.6790824915824916 0.2058080808080808 0.04124579124579131 0.07260101010101011
1 0.6703493265993266 0.3262310606060606 0.04061447811447805 0.07986111111111116
1 0.7348484848484849 0.30571338383838387 0.04335016835016836 0.08301767676767674
1 0.7639941077441077 0.29040404040404044 0.051136363636363646 0.08396464646464646
1 0.7537878787878788 0.2168560606060606 0.040824915824915875 0.06313131313131315
1 0.8400673400673401 0.3109217171717171 0.057659932659932744 0.09154040404040403
1 0.9705387205387206 0.3336489898989899 0.0559764309764309 0.101010101010101
