1 0.040287990196078434 0.40175653594771243 0.07383578431372549 0.11642156862745096
1 0.18903186274509803 0.338031045751634 0.06495098039215685 0.09436274509803921
1 0.29181985294117646 0.30800653594771243 0.05238970588235292 0.08660130718954245
1 0.3717830882352941 0.39276960784313725 0.08363970588235292 0.12050653594771243
1 0.4247855392156863 0.272671568627451 0.040134803921568596 0.07557189542483661
1 0.4950980392156863 0.36397058823529416 0.07904411764705888 0.11437908496732024
1 0.5197610294117647 0.27512254901960786 0.049325980392156854 0.07883986928104575
1 0.5574448529411764 0.29758986928104575 0.04871323529411764 0.06985294117647056
1 0.5940563725490196 0.32945261437908496 0.06495098039215697 0.09354575163398693
1 0.6314338235294117 0.2906454248366013 0.04718137254901966 0.06985294117647062
1 0.6818321078431373 0.29370915032679734 0.059742647058823484 0.08169934640522875
1 0.6848958333333333 0.23386437908496732 0.04013480392156865 0.06576797385620914
1 0.8412990196078431 0.20506535947712418 0.044117647058823595 0.06781045751633988
1 0.8667279411764706 0.26266339869281047 0.054534313725490224 0.08578431372549022
1 0.8783700980392157 0.20649509803921567 0.03860294117647067 0.05514705882352941
1 0.9404105392156863 0.2277369281045752 0.049325980392156854 0.06576797385620917
1 0.9453125 0.18709150326797386 0.03952205882352944 0.05555555555555558
