1 0.2296334012219959 0.36837294332723947 0.06211812627291241 0.11882998171846432
1 0.4434826883910387 0.2230347349177331 0.025458248472505107 0.04753199268738573
1 0.4694501018329939 0.23948811700182815 0.020366598778004064 0.04387568555758681
1 0.5336048879837068 0.20383912248628883 0.020366598778004064 0.045703839122486295
1 0.6196537678207739 0.1992687385740402 0.021384928716904228 0.05118829981718462
1 0.6369653767820773 0.23308957952468007 0.025458248472505107 0.05301645338208408
1 0.6807535641547862 0.2093235831809872 0.025458248472505107 0.053016453382084106
1 0.6715885947046842 0.17093235831809872 0.0193482688391039 0.04570383912248627
1 0.7158859470468432 0.18555758683729434 0.018329938900203624 0.038391224862888484
1 0.6894093686354379 0.2586837294332724 0.02851323828920571 0.049360146252285214
1 0.7275967413441955 0.3062157221206582 0.025458248472505107 0.053016453382084106
1 0.8238289205702647 0.2449725776965265 0.02647657841140527 0.05484460694698351
1 0.870162932790224 0.24954296160877515 0.025458248472505107 0.05301645338208408
1 0.9073319755600815 0.31352833638025596 0.02851323828920571 0.06398537477148081
1 0.9378818737270875 0.32175502742230344 0.03054989816700615 0.06946983546617919
