1 0.155 0.6171508903467666 0.10375000000000001 0.1921274601686973
1 0.1525 0.49531396438612935 0.09000000000000001 0.11902530459231497
1 0.123125 0.4283036551077788 0.06375 0.10121836925960642
1 0.0878125 0.37910028116213684 0.053125000000000006 0.0759137769447048
1 0.145 0.3561387066541706 0.03875000000000001 0.04873477038425489
1 0.1615625 0.39971883786316775 0.03437499999999999 0.07778819119025304
1 0.1365625 0.3341143392689785 0.03937499999999999 0.0515463917525773
1 0.2665625 0.3125585754451734 0.040624999999999994 0.06654170571696344
1 0.4603125 0.30084348641049674 0.03187499999999999 0.05248359887535142
1 0.529375 0.4597000937207123 0.09625 0.16213683223992503
1 0.5890625 0.3064667291471415 0.02937500000000004 0.05435801312089972
1 0.63625 0.3130271790065604 0.03249999999999997 0.05810684161199625
1 0.6896875 0.28725398313027184 0.024375000000000036 0.049671977507029064
1 0.6984375 0.33270852858481725 0.03187499999999999 0.05623242736644796
1 0.7328125 0.3397375820056232 0.034375000000000044 0.06654170571696344
1 0.7440625000000001 0.30927835051546393 0.028125000000000067 0.04498594189315841
1 0.786875 0.3556701030927835 0.036250000000000004 0.06841611996251173
1 0.8003125 0.32849109653233366 0.034375000000000044 0.042174320524835995
1 0.8359375 0.3397375820056232 0.03312500000000007 0.07216494845360827
1 0.8846875000000001 0.3425492033739457 0.04312499999999997 0.07403936269915651
1 0.9450000000000001 0.3650421743205249 0.03874999999999995 0.07403936269915651
1 0.9665625 0.39550140581068416 0.05062499999999992 0.08622305529522023
