1 0.11234329797492767 0.27796901893287435 0.01832208293153327 0.03614457831325302
1 0.3404050144648023 0.21428571428571427 0.015429122468659573 0.03270223752151463
1 0.4026036644165863 0.24698795180722893 0.018322082931533257 0.04302925989672979
1 0.4185149469623915 0.21600688468158347 0.015429122468659573 0.03270223752151463
1 0.44214079074252655 0.2117039586919105 0.02025072324011573 0.04475043029259895
1 0.502410800385728 0.21600688468158347 0.025072324011571778 0.039586919104991375
1 0.512536162005786 0.1884681583476764 0.018322082931533257 0.0395869191049914
1 0.5366441658630665 0.193631669535284 0.018322082931533257 0.0395869191049914
1 0.5877531340405014 0.16609294320137694 0.022179363548698205 0.03614457831325302
1 0.6272902603664416 0.12392426850258176 0.012536162005786 0.030981067125645426
1 0.6374156219864995 0.25645438898450945 0.02507232401157189 0.048192771084337366
1 0.6629701060752169 0.1901893287435456 0.018322082931533257 0.04647160068846817
1 0.7025072324011572 0.1927710843373494 0.018322082931533257 0.03786574870912221
1 0.7193828351012537 0.2960413080895009 0.030858244937319257 0.06884681583476765
1 0.8404050144648023 0.33218588640275387 0.022179363548698205 0.0688468158347676
1 0.8654773384763741 0.2857142857142857 0.020250723240115787 0.05507745266781411
1 0.8336547733847637 0.2280550774526678 0.018322082931533257 0.04991394148020653
1 0.8413693346190936 0.20137693631669534 0.018322082931533257 0.034423407917383825
1 0.8871745419479267 0.22547332185886404 0.01928640308582452 0.04475043029259898
1 0.9411764705882353 0.24010327022375216 0.017357762777242103 0.039586919104991375
1 0.9271938283510126 0.2908777969018933 0.018322082931533257 0.04130808950086057
