1 0.16899999999999998 0.3933933933933934 0.038000000000000006 0.07207207207207206
1 0.214 0.4399399399399399 0.08400000000000002 0.15915915915915912
1 0.255 0.3933933933933934 0.05000000000000002 0.09009009009009011
1 0.31499999999999995 0.35285285285285284 0.066 0.09909909909909909
1 0.348 0.39039039039039036 0.064 0.10810810810810806
1 0.348 0.509009009009009 0.07200000000000001 0.12312312312312312
1 0.377 0.6231231231231231 0.11399999999999999 0.23123123123123124
1 0.41800000000000004 0.484984984984985 0.09200000000000003 0.14114114114114118
1 0.41400000000000003 0.39789789789789787 0.064 0.08708708708708707
1 0.46099999999999997 0.3063063063063063 0.062 0.11411411411411415
1 0.49 0.43543543543543545 0.07200000000000001 0.14414414414414412
1 0.5389999999999999 0.4084084084084084 0.09799999999999998 0.19219219219219214
1 0.5760000000000001 0.527027027027027 0.132 0.23723723723723722
1 0.509 0.3408408408408409 0.062000000000000055 0.08708708708708707
1 0.5940000000000001 0.33333333333333337 0.06399999999999995 0.10210210210210208
1 0.6719999999999999 0.3483483483483484 0.039999999999999925 0.09009009009009011
1 0.726 0.3633633633633634 0.10399999999999998 0.1921921921921922
1 0.819 0.3213213213213213 0.07799999999999996 0.15015015015015015
1 0.839 0.3708708708708709 0.09399999999999997 0.16516516516516516
1 0.8560000000000001 0.539039039039039 0.11599999999999999 0.21921921921921927
1 0.899 0.3513513513513513 0.05800000000000005 0.12012012012012013
