1 0.06328125 0.3273542600896861 0.0546875 0.06726457399103136
1 0.01875 0.32286995515695066 0.034374999999999996 0.06726457399103136
1 0.11249999999999999 0.3217488789237668 0.062499999999999986 0.07399103139013452
1 0.23593750000000002 0.46860986547085204 0.09375000000000003 0.11659192825112102
1 0.28046875 0.3710762331838565 0.06093749999999998 0.0829596412556054
1 0.35468750000000004 0.3329596412556054 0.05937500000000001 0.07399103139013452
1 0.4234375 0.31614349775784756 0.04375000000000001 0.06278026905829598
1 0.44609375 0.41031390134529144 0.09218749999999998 0.10762331838565026
1 0.51953125 0.3318385650224215 0.042187500000000044 0.06726457399103142
1 0.525 0.2982062780269058 0.034375000000000044 0.04484304932735422
1 0.625 0.29372197309417036 0.03750000000000009 0.04932735426008966
1 0.69375 0.3609865470852018 0.078125 0.11210762331838564
1 0.69765625 0.29260089686098656 0.051562499999999956 0.0829596412556054
1 0.7984375 0.3038116591928251 0.0625 0.08744394618834084
1 0.8875 0.3688340807174888 0.06874999999999998 0.07847533632286996
1 0.8421875000000001 0.3340807174887892 0.04062500000000002 0.07174887892376686
1 0.96015625 0.4977578475336323 0.07968750000000002 0.16143497757847536
1 0.94453125 0.2645739910313901 0.04843750000000002 0.04932735426008969
