1 0.2541620421753607 0.22986247544204322 0.019977802441731418 0.043222003929273056
1 0.32241953385127636 0.2043222003929273 0.01664816870144281 0.031434184675834975
1 0.3718091009988901 0.20235756385068762 0.015538290788013331 0.031434184675834975
1 0.37402885682574916 0.18172888015717092 0.017758046614872347 0.029469548133595286
1 0.41620421753607106 0.16895874263261296 0.01331853496115426 0.027504911591355596
1 0.44006659267480575 0.17681728880157171 0.018867924528301938 0.035363457760314354
1 0.44173140954495005 0.15127701375245578 0.011098779134295245 0.023575638506876245
1 0.46170921198668147 0.17288801571709234 0.015538290788013276 0.031434184675834975
1 0.4728079911209767 0.17288801571709234 0.01331853496115426 0.031434184675834975
1 0.46337402885682577 0.2131630648330059 0.018867924528301883 0.041257367387033395
1 0.4827968923418424 0.15717092337917485 0.015538290788013331 0.027504911591355596
1 0.4794672586015538 0.13064833005893908 0.015538290788013331 0.021611001964636542
1 0.5033296337402886 0.17976424361493124 0.018867924528301938 0.037328094302554016
1 0.49667036625971145 0.1286836935166994 0.01220865704772478 0.025540275049115907
1 0.537180910099889 0.2220039292730845 0.017758046614872347 0.027504911591355596
1 0.5394006659267481 0.14931237721021612 0.017758046614872347 0.031434184675834975
1 0.5760266370699223 0.18860510805500982 0.017758046614872347 0.035363457760314354
1 0.5688124306326304 0.13752455795677798 0.01442841287458374 0.03143418467583496
1 0.5832408435072143 0.1257367387033399 0.01220865704772478 0.019646365422396866
1 0.5921198668146503 0.14341846758349705 0.014428412874583851 0.027504911591355596
1 0.6176470588235294 0.17288801571709234 0.01220865704772478 0.023575638506876218
1 0.6165371809100999 0.10805500982318271 0.01220865704772467 0.019646365422396866
1 0.6254162042175361 0.13261296660117877 0.01220865704772467 0.021611001964636542
1 0.6637069922308546 0.13654223968565815 0.013318534961154205 0.0294695481335953
1 0.6620421753607104 0.11689587426326128 0.009988901220865709 0.017681728880157163
1 0.6753607103218646 0.11394891944990176 0.009988901220865709 0.023575638506876218
1 0.7125416204217536 0.12082514734774066 0.011098779134295245 0.021611001964636542
1 0.6875693673695893 0.17092337917485265 0.016648168701442922 0.035363457760314354
1 0.6331853496115427 0.2111984282907662 0.021087680355160954 0.04911591355599215
1 0.6614872364039955 0.22888015717092336 0.02219755826859049 0.045186640471512746
1 0.660377358490566 0.19155206286836934 0.017758046614872347 0.033398821218074665
1 0.7103218645948945 0.2200392927308448 0.019977802441731418 0.051080550098231814
1 0.7081021087680355 0.19155206286836934 0.019977802441731418 0.033398821218074665
1 0.7236403995560489 0.15029469548133595 0.015538290788013276 0.029469548133595286
1 0.7336293007769146 0.17485265225933203 0.015538290788013276 0.03929273084479373
1 0.7391786903440621 0.15127701375245578 0.013318534961154205 0.023575638506876245
1 0.7586015538290788 0.137524557956778 0.01442841287458374 0.02750491159135561
1 0.7630410654827968 0.1836935166994106 0.014428412874583851 0.033398821218074665
1 0.8052164261931187 0.21021611001964635 0.018867924528301883 0.035363457760314326
1 0.7752497225305217 0.15127701375245578 0.014428412874583851 0.035363457760314326
1 0.7941176470588236 0.16011787819253437 0.01220865704772478 0.029469548133595286
1 0.7946725860155384 0.14047151277013753 0.013318534961154316 0.025540275049115907
1 0.8096559378468369 0.1581532416502947 0.01442841287458374 0.029469548133595286
1 0.8268590455049944 0.13457760314341846 0.013318534961154205 0.0294695481335953
1 0.8251942286348501 0.1856581532416503 0.01442841287458374 0.037328094302554043
1 0.8529411764705882 0.21218074656188607 0.018867924528301883 0.035363457760314326
1 0.8657047724750278 0.2730844793713163 0.02219755826859049 0.04322200392927311
1 0.8817980022197558 0.23280943025540274 0.018867924528301883 0.04125736738703342
1 0.9173140954495006 0.26719056974459726 0.021087680355160954 0.04715127701375246
1 0.9345172031076582 0.22986247544204322 0.017758046614872347 0.03929273084479373
1 0.9056603773584906 0.18467583497053044 0.013318534961154205 0.035363457760314354
1 0.8901220865704773 0.21021611001964635 0.017758046614872458 0.03143418467583495
1 0.8712541620421754 0.16110019646365423 0.013318534961154316 0.031434184675834975
1 0.8501664816870145 0.1512770137524558 0.013318534961154316 0.027504911591355596
1 0.939511653718091 0.17583497053045188 0.014428412874583851 0.029469548133595286
1 0.9367369589345171 0.20235756385068762 0.013318534961154316 0.023575638506876218
