1 0.29140625 0.09722222222222222 0.06093750000000003 0.10858585858585859
1 0.4453125 0.4065656565656566 0.05625000000000002 0.101010101010101
1 0.43125 0.32702020202020204 0.04375000000000001 0.07828282828282829
1 0.46562499999999996 0.297979797979798 0.03437499999999999 0.07070707070707066
1 0.49140625 0.2676767676767677 0.026562499999999933 0.06060606060606058
1 0.52578125 0.25757575757575757 0.026562500000000044 0.05555555555555555
1 0.5078125 0.22601010101010102 0.024999999999999967 0.04292929292929293
1 0.534375 0.21717171717171718 0.025000000000000022 0.04545454545454544
1 0.55078125 0.33080808080808083 0.03281249999999991 0.07070707070707072
1 0.6078125 0.4431818181818182 0.0625 0.10858585858585856
1 0.59453125 0.3282828282828283 0.04531249999999998 0.09090909090909094
1 0.58984375 0.2638888888888889 0.026562500000000044 0.04797979797979801
1 0.56796875 0.23106060606060608 0.0234375 0.03787878787878787
1 0.59921875 0.2133838383838384 0.026562500000000044 0.042929292929292956
1 0.71328125 0.23737373737373735 0.020312499999999956 0.03535353535353533
1 0.74140625 0.24621212121212122 0.020312500000000067 0.04292929292929293
1 0.78671875 0.28661616161616166 0.026562500000000044 0.05303030303030304
1 0.8109375000000001 0.31691919191919193 0.04062500000000002 0.07323232323232326
1 0.78046875 0.23106060606060608 0.017187500000000022 0.03787878787878787
1 0.84453125 0.2601010101010101 0.029687499999999978 0.0505050505050505
1 0.89296875 0.32954545454545453 0.035937499999999956 0.07828282828282829
1 0.934375 0.36489898989898994 0.04375000000000007 0.0883838383838384
1 0.11328125 0.33712121212121215 0.06093749999999999 0.09848484848484845
1 0.07109375 0.2828282828282829 0.0453125 0.08080808080808083
1 0.0921875 0.2361111111111111 0.034375 0.053030303030303066
1 0.11249999999999999 0.21843434343434343 0.031249999999999986 0.04797979797979798
1 0.16484375 0.22474747474747475 0.026562500000000017 0.04545454545454547
1 0.19140625 0.29924242424242425 0.0390625 0.07828282828282829
1 0.23828125 0.2398989898989899 0.03281250000000002 0.0505050505050505
1 0.215625 0.2272727272727273 0.03125 0.04545454545454544
