1 0.1987366375121477 0.48603839441535773 0.04178814382896015 0.08551483420593364
1 0.30563654033041787 0.2417102966841187 0.018464528668610314 0.036649214659685875
1 0.3177842565597667 0.20157068062827227 0.01749271137026237 0.036649214659685875
1 0.34742468415937805 0.1544502617801047 0.01263362487852282 0.02966841186736474
1 0.36297376093294464 0.19284467713787085 0.014577259475218651 0.02617801047120419
1 0.4110787172011662 0.1701570680628272 0.013605442176870763 0.02966841186736477
1 0.4227405247813411 0.17539267015706805 0.01554907677356654 0.02966841186736474
1 0.4062196307094266 0.22600349040139617 0.0194363459669582 0.036649214659685875
1 0.4402332361516035 0.2120418848167539 0.021379980563654033 0.04363001745200698
1 0.44412050534499514 0.16230366492146597 0.01554907677356654 0.03141361256544503
1 0.456268221574344 0.17102966841186734 0.012633624878522876 0.03141361256544503
1 0.47278911564625853 0.17888307155322863 0.016520894071914483 0.02966841186736477
1 0.46355685131195334 0.14223385689354276 0.013605442176870763 0.019197207678883055
1 0.47230320699708456 0.15095986038394416 0.01554907677356654 0.022687609075043635
1 0.4970845481049563 0.14048865619546247 0.01263362487852282 0.019197207678883083
1 0.4970845481049563 0.16143106457242584 0.016520894071914427 0.02966841186736477
1 0.5174927113702624 0.1457242582897033 0.01263362487852282 0.022687609075043635
1 0.5301263362487851 0.12914485165794065 0.010689990281827044 0.01745200698080278
1 0.5383867832847424 0.1413612565445026 0.01554907677356654 0.02792321116928445
1 0.5466472303206997 0.18150087260034903 0.01846452866861026 0.034904013961605584
1 0.5495626822157434 0.16666666666666666 0.01263362487852282 0.022687609075043635
1 0.5621963070942663 0.1544502617801047 0.01263362487852282 0.03315881326352532
1 0.586977648202138 0.15008726003490402 0.013605442176870652 0.024432809773123926
1 0.5889212827988338 0.12303664921465969 0.011661807580174877 0.019197207678883083
1 0.598153547133139 0.12478184991273997 0.01263362487852282 0.022687609075043635
1 0.5806608357628766 0.18411867364746948 0.016520894071914483 0.036649214659685875
1 0.6273080660835764 0.1431064572425829 0.014577259475218596 0.02792321116928448
1 0.6321671525753159 0.1273996509598604 0.01263362487852282 0.024432809773123912
1 0.6491739552964043 0.14485165794066318 0.013605442176870763 0.02792321116928448
1 0.6603498542274052 0.1343804537521815 0.01263362487852282 0.027923211169284465
1 0.6637512147716229 0.11082024432809773 0.011661807580174877 0.01919720767888307
1 0.6827016520894071 0.13089005235602094 0.012633624878522931 0.02094240837696336
1 0.6967930029154519 0.1273996509598604 0.01554907677356654 0.02792321116928448
1 0.6282798833819242 0.1823734729493892 0.014577259475218707 0.022687609075043635
1 0.6287657920310982 0.21029668411867364 0.0194363459669582 0.04013961605584643
1 0.5860058309037901 0.2582897033158813 0.017492711370262315 0.04537521815008724
1 0.6642371234207969 0.19109947643979058 0.016520894071914483 0.036649214659685875
1 0.6763848396501457 0.2198952879581152 0.01554907677356654 0.034904013961605584
1 0.6384839650145773 0.2643979057591623 0.02137998056365409 0.04363001745200698
1 0.6608357628765792 0.31675392670157065 0.017492711370262315 0.033158813263525266
1 0.6802721088435374 0.3551483420593369 0.033041788143828965 0.07504363001745201
1 0.60932944606414 0.31151832460732987 0.027210884353741527 0.0610820244328098
1 0.5602526724975705 0.32024432809773123 0.024295432458697808 0.054101221640488695
1 0.4868804664723032 0.34118673647469455 0.023323615160349864 0.04013961605584643
1 0.7230320699708455 0.2408376963350785 0.017492711370262426 0.04537521815008724
1 0.7055393586005831 0.18150087260034903 0.01554907677356654 0.03141361256544503
1 0.7332361516034985 0.19022687609075042 0.014577259475218707 0.034904013961605584
1 0.7648202137998057 0.193717277486911 0.01554907677356654 0.034904013961605584
1 0.7517006802721089 0.16492146596858637 0.014577259475218596 0.033158813263525294
1 0.7395529640427599 0.15794066317626526 0.011661807580174877 0.019197207678883083
1 0.7677356656948494 0.1317626527050611 0.013605442176870763 0.02617801047120419
1 0.7745383867832847 0.16666666666666666 0.011661807580174988 0.022687609075043635
1 0.7905733722060253 0.18848167539267016 0.014577259475218596 0.02792321116928448
1 0.8221574344023324 0.18760907504363 0.013605442176870763 0.02617801047120419
1 0.8226433430515063 0.20593368237347293 0.01263362487852282 0.03141361256544503
1 0.8459669582118562 0.19982547993019195 0.014577259475218707 0.036649214659685875
1 0.8610301263362488 0.17277486910994766 0.013605442176870763 0.03141361256544503
1 0.8751214771622935 0.16055846422338568 0.01263362487852282 0.024432809773123898
1 0.8770651117589894 0.1849912739965096 0.014577259475218596 0.024432809773123926
1 0.8877551020408163 0.20331588132635253 0.014577259475218707 0.02966841186736474
1 0.9159378036929058 0.17626527050610818 0.012633624878522931 0.02792321116928445
1 0.935374149659864 0.1980802792321117 0.014577259475218596 0.03315881326352532
1 0.935374149659864 0.23647469458987783 0.016520894071914483 0.04013961605584643
1 0.9149659863945578 0.2670157068062827 0.01846452866861026 0.04188481675392672
1 0.8848396501457726 0.2408376963350785 0.01652089407191437 0.04537521815008724
1 0.8313896987366376 0.2486910994764398 0.016520894071914483 0.03315881326352532
1 0.7993197278911565 0.2356020942408377 0.01846452866861026 0.038394415357766165
1 0.8100097181729835 0.25916230366492143 0.01846452866861026 0.033158813263525294
1 0.7774538386783285 0.3010471204188482 0.02526724975704575 0.050610820244328114
1 0.805636540330418 0.3691099476439791 0.029154518950437303 0.05410122164048864
1 0.847424684159378 0.37783595113438045 0.023323615160349864 0.04013961605584637
1 0.8712342079689019 0.4022687609075044 0.030126336248785246 0.07504363001745201
1 0.8926141885325558 0.31239092495637 0.02235179786200192 0.05235602094240838
1 0.8673469387755102 0.28970331588132636 0.01846452866861037 0.05584642233856896
