1 0.11611111111111111 0.2988599348534202 0.06555555555555555 0.11237785016286644
1 0.22944444444444445 0.36156351791530944 0.054444444444444434 0.09446254071661242
1 0.32999999999999996 0.5838762214983713 0.13111111111111112 0.21335504885993484
1 0.45611111111111113 0.2947882736156352 0.04999999999999999 0.09446254071661236
1 0.4916666666666667 0.50814332247557 0.10111111111111115 0.17915309446254074
1 0.6261111111111111 0.10423452768729641 0.06555555555555548 0.11726384364820847
1 0.7305555555555556 0.4332247557003257 0.06999999999999995 0.1465798045602606
1 0.78 0.3908794788273615 0.05777777777777782 0.1237785016286645
1 0.8255555555555556 0.36644951140065146 0.053333333333333344 0.09771986970684043
1 0.8738888888888889 0.3403908794788274 0.04777777777777781 0.1009771986970684
