1 0.20252572497661364 0.3727272727272727 0.03274087932647332 0.09421487603305784
1 0.3470533208606174 0.17768595041322313 0.013096351730589317 0.031404958677685946
1 0.3999064546304958 0.22644628099173553 0.019644527595883976 0.0396694214876033
1 0.4476145930776426 0.23140495867768596 0.01777362020579981 0.02975206611570247
1 0.4321796071094481 0.2140495867768595 0.016838166510757757 0.031404958677685946
1 0.48129092609915813 0.22396694214876034 0.01777362020579981 0.038016528925619825
1 0.49438727782974745 0.17272727272727273 0.012160898035547263 0.024793388429752067
1 0.5243217960710944 0.20826446280991737 0.021515434985968196 0.03305785123966942
1 0.4536950420954163 0.17851239669421487 0.013096351730589317 0.036363636363636376
1 0.4317118802619271 0.16942148760330578 0.01777362020579981 0.0347107438016529
1 0.40411599625818523 0.16942148760330578 0.020579981290926086 0.024793388429752067
1 0.47287184284377926 0.13553719008264464 0.012160898035547263 0.02314049586776859
1 0.49532273152478956 0.13305785123966943 0.015902712815715647 0.028099173553719006
1 0.5299345182413471 0.1024793388429752 0.008419083255378879 0.02975206611570247
1 0.5439663236669785 0.12727272727272726 0.012160898035547207 0.01983471074380165
1 0.5378858746492049 0.1578512396694215 0.014967259120673537 0.038016528925619825
1 0.5944808231992517 0.15702479338842976 0.017773620205799867 0.02975206611570247
1 0.5771749298409729 0.12231404958677686 0.013096351730589317 0.03305785123966942
1 0.5715622076707203 0.16198347107438016 0.013096351730589317 0.03305785123966942
1 0.598690364826941 0.12231404958677686 0.014967259120673537 0.02975206611570247
1 0.6085126286248831 0.09256198347107439 0.014031805425631427 0.01983471074380165
1 0.6697848456501403 0.10578512396694215 0.013096351730589317 0.026446280991735543
1 0.686623012160898 0.12231404958677686 0.013096351730589317 0.023140495867768604
1 0.7072029934518241 0.11487603305785124 0.013096351730589317 0.018181818181818188
1 0.7095416276894293 0.18181818181818182 0.019644527595883976 0.03305785123966942
1 0.6337698783910197 0.21735537190082643 0.019644527595883976 0.02809917355371902
1 0.5912067352666043 0.2421487603305785 0.011225444340505097 0.031404958677685946
1 0.6136576239476146 0.2512396694214876 0.026192703461178635 0.036363636363636376
1 0.6164639850327409 0.30578512396694213 0.029934518241347075 0.05289256198347109
1 0.7001870907390084 0.32148760330578513 0.025257249766136525 0.054545454545454564
1 0.7310570626753976 0.28760330578512394 0.025257249766136636 0.059504132231404994
1 0.7605238540692236 0.23884297520661157 0.016838166510757646 0.044628099173553704
1 0.7376052385406922 0.1859504132231405 0.017773620205799756 0.024793388429752067
1 0.7324602432179608 0.13801652892561983 0.014967259120673426 0.034710743801652885
1 0.7712815715622077 0.1537190082644628 0.012160898035547207 0.03305785123966942
1 0.7829747427502338 0.12809917355371903 0.014967259120673537 0.024793388429752067
1 0.8002806361085126 0.15041322314049588 0.010289990645462987 0.026446280991735543
1 0.7853133769878391 0.1834710743801653 0.014031805425631427 0.026446280991735543
1 0.8391019644527595 0.1512396694214876 0.011225444340505208 0.02809917355371902
1 0.85266604303087 0.0743801652892562 0.015902712815715647 0.02314049586776859
1 0.8765201122544434 0.16446280991735535 0.016838166510757757 0.024793388429752067
1 0.8695042095416277 0.18512396694214878 0.015902712815715647 0.02314049586776859
1 0.9059869036482695 0.1859504132231405 0.019644527595883976 0.0347107438016529
1 0.9405986903648269 0.15454545454545454 0.014031805425631427 0.024793388429752067
1 0.9499532273152479 0.19008264462809918 0.014031805425631427 0.036363636363636376
1 0.9401309635173059 0.23057851239669422 0.014967259120673537 0.041322314049586806
1 0.9293732460243218 0.2793388429752066 0.019644527595884087 0.036363636363636376
1 0.8737137511693172 0.26363636363636367 0.016838166510757757 0.04462809917355373
1 0.8989710009354537 0.24132231404958676 0.018709073900841977 0.042975206611570255
1 0.8456501403180543 0.29338842975206614 0.020579981290926086 0.04462809917355376
1 0.8629560336763331 0.3413223140495868 0.019644527595883976 0.05123966942148761
1 0.6524789522918616 0.12727272727272726 0.014031805425631427 0.026446280991735543
1 0.6290926099158092 0.12644628099173552 0.012160898035547207 0.034710743801652885
1 0.7492984097287184 0.22644628099173553 0.016838166510757757 0.029752066115702497
1 0.7932647333956969 0.24132231404958676 0.018709073900841977 0.02975206611570247
1 0.8409728718428437 0.2462809917355372 0.024321796071094526 0.042975206611570255
1 0.833021515434986 0.17768595041322313 0.017773620205799756 0.0347107438016529
1 0.7001870907390084 0.1628099173553719 0.015902712815715647 0.0347107438016529
1 0.6538821328344246 0.19834710743801653 0.020579981290926086 0.026446280991735543
1 0.5088868101028999 0.18760330578512396 0.016838166510757757 0.03801652892561985
1 0.4738072965388213 0.16115702479338842 0.014031805425631427 0.0347107438016529
1 0.4092609915809168 0.15206611570247935 0.01777362020579981 0.029752066115702497
