1 0.6827272727272727 0.5300546448087431 0.056363636363636394 0.09289617486338797
1 0.7736363636363637 0.5218579234972678 0.05636363636363628 0.08196721311475408
1 0.8136363636363637 0.5273224043715847 0.034545454545454546 0.06557377049180324
1 0.8654545454545455 0.5150273224043715 0.036363636363636376 0.05737704918032793
1 0.9109090909090909 0.5095628415300546 0.029090909090909056 0.05191256830601099
1 0.9363636363636363 0.4931693989071039 0.025454545454545507 0.05737704918032788
1 0.9727272727272727 0.505464480874317 0.029090909090909167 0.05464480874316946
1 0.5845454545454545 0.47404371584699456 0.030909090909090886 0.06830601092896177
1 0.6454545454545455 0.4699453551912568 0.029090909090909167 0.04918032786885246
1 0.5872727272727273 0.43442622950819676 0.025454545454545396 0.03278688524590162
1 0.6145454545454545 0.4398907103825137 0.025454545454545507 0.03278688524590162
1 0.56 0.43715846994535523 0.021818181818181848 0.03278688524590162
1 0.53 0.43442622950819676 0.023636363636363678 0.03278688524590162
1 0.6827272727272727 0.4494535519125683 0.020000000000000018 0.03551912568306015
1 0.7054545454545454 0.45081967213114754 0.025454545454545396 0.032786885245901676
1 0.7163636363636363 0.43306010928961747 0.021818181818181848 0.046448087431693985
1 0.6627272727272727 0.43442622950819676 0.020000000000000018 0.02185792349726773
1 0.7554545454545454 0.4426229508196721 0.023636363636363567 0.032786885245901676
1 0.7890909090909091 0.4426229508196722 0.021818181818181848 0.038251366120218566
1 0.8109090909090908 0.46448087431693985 0.018181818181818188 0.03278688524590162
1 0.83 0.43715846994535523 0.012727272727272698 0.027322404371584674
1 0.8609090909090908 0.4576502732240437 0.019999999999999907 0.03551912568306009
1 0.3909090909090909 0.5437158469945356 0.06545454545454549 0.08743169398907102
1 0.38727272727272727 0.47540983606557374 0.040000000000000036 0.054644808743169404
1 0.4009090909090909 0.45081967213114754 0.023636363636363622 0.04371584699453557
1 0.3654545454545455 0.3702185792349727 0.021818181818181792 0.030054644808743147
1 0.31636363636363635 0.48360655737704916 0.036363636363636376 0.054644808743169404
1 0.3190909090909091 0.4385245901639344 0.020000000000000018 0.03551912568306009
1 0.33636363636363636 0.4398907103825137 0.018181818181818188 0.038251366120218566
1 0.26 0.5314207650273224 0.04727272727272727 0.0792349726775956
1 0.2309090909090909 0.4877049180327869 0.032727272727272744 0.05737704918032788
1 0.24545454545454545 0.4494535519125683 0.021818181818181792 0.030054644808743203
1 0.27454545454545454 0.4617486338797814 0.025454545454545452 0.038251366120218566
1 0.2872727272727273 0.4494535519125683 0.014545454545454528 0.030054644808743203
1 0.16999999999999998 0.5163934426229508 0.04181818181818184 0.08196721311475408
1 0.07727272727272727 0.5642076502732241 0.05272727272727273 0.06830601092896171
1 0.07272727272727272 0.49453551912568305 0.025454545454545452 0.04371584699453551
1 0.10999999999999999 0.49590163934426235 0.023636363636363636 0.046448087431693985
1 0.1390909090909091 0.4931693989071038 0.01999999999999999 0.03551912568306015
1 0.20090909090909093 0.46584699453551914 0.01999999999999999 0.030054644808743147
1 0.18636363636363637 0.4617486338797814 0.016363636363636358 0.03278688524590162
1 0.14727272727272728 0.46584699453551914 0.014545454545454528 0.0245901639344262
1 0.13181818181818183 0.4562841530054645 0.016363636363636372 0.032786885245901676
