1 0.11555555555555555 0.7270147559591373 0.05185185185185186 0.10102156640181614
1 0.10888888888888888 0.6833144154370034 0.04148148148148148 0.049943246311010214
1 0.0937037037037037 0.6572077185017027 0.03185185185185185 0.05675368898978428
1 0.07851851851851852 0.6435868331441543 0.031111111111111117 0.047673098751418785
1 0.0562962962962963 0.6276958002270148 0.023703703703703706 0.047673098751418896
1 0.04185185185185185 0.6129398410896708 0.018518518518518524 0.034052213393870545
1 0.03518518518518518 0.5925085130533485 0.019999999999999997 0.034052213393870656
1 0.09518518518518518 0.597616345062429 0.021481481481481476 0.03745743473325758
1 0.11851851851851852 0.61577752553916 0.02074074074074074 0.03745743473325758
1 0.12555555555555556 0.5925085130533485 0.01703703703703703 0.0295119182746878
1 0.1411111111111111 0.5930760499432464 0.014074074074074072 0.03291713961407494
1 0.14962962962962964 0.6208853575482407 0.026666666666666672 0.03859250851305329
1 0.1514814814814815 0.6441543700340522 0.027407407407407408 0.05107832009080593
1 0.17851851851851852 0.6418842224744609 0.03259259259259259 0.06242905788876274
1 0.17851851851851852 0.6072644721906924 0.020740740740740726 0.036322360953461974
1 0.20296296296296296 0.6169125993189557 0.022222222222222227 0.04653802497162318
1 0.20925925925925926 0.6861520998864926 0.0362962962962963 0.0783200908059023
1 0.2525925925925926 0.7213393870601589 0.05185185185185184 0.09194097616345065
1 0.2311111111111111 0.6396140749148695 0.02518518518518517 0.05107832009080593
1 0.2577777777777778 0.6515323496027241 0.03111111111111109 0.05221339387060164
1 0.2537037037037037 0.5896708286038592 0.017037037037037073 0.03291713961407494
1 0.24259259259259258 0.576617480136209 0.015555555555555545 0.03178206583427923
1 0.2825925925925926 0.5896708286038592 0.018518518518518545 0.028376844494892195
1 0.29814814814814816 0.6044267877412032 0.02148148148148149 0.03745743473325769
1 0.31407407407407406 0.6838819523269013 0.037037037037037035 0.07832009080590241
1 0.3762962962962963 0.7258796821793416 0.0503703703703704 0.10102156640181614
1 0.3274074074074074 0.6174801362088536 0.020740740740740726 0.04313280363223604
1 0.33037037037037037 0.5856980703745743 0.01777777777777778 0.034052213393870545
1 0.3396296296296296 0.5885357548240635 0.0125925925925926 0.030646992054483513
1 0.34851851851851856 0.6101021566401816 0.017037037037037017 0.03518728717366626
1 0.36777777777777776 0.6214528944381384 0.02148148148148149 0.04426787741203175
1 0.355925925925926 0.5908059023836549 0.014074074074074072 0.0192962542565267
1 0.3814814814814815 0.6140749148694665 0.016296296296296253 0.036322360953461974
1 0.4033333333333333 0.630533484676504 0.02148148148148149 0.0488081725312145
1 0.39814814814814814 0.5913734392735528 0.015555555555555545 0.03178206583427923
1 0.4285185185185185 0.6225879682179342 0.025925925925925908 0.04653802497162318
1 0.45740740740740743 0.6464245175936436 0.03037037037037038 0.05788876276957999
1 0.4740740740740741 0.633938706015891 0.020740740740740726 0.0488081725312145
1 0.4662962962962963 0.6038592508513053 0.018518518518518545 0.02724177071509648
1 0.44592592592592595 0.5891032917139614 0.011851851851851836 0.020431328036322305
1 0.42000000000000004 0.6021566401816119 0.01629629629629631 0.023836549375709448
1 0.42 0.5885357548240635 0.014814814814814836 0.01929625425652659
1 0.4788888888888889 0.5919409761634506 0.014074074074074072 0.028376844494892195
1 0.4792592592592593 0.6118047673098752 0.013333333333333308 0.03178206583427923
1 0.512962962962963 0.6662883087400682 0.03037037037037038 0.06129398410896714
1 0.5096296296296297 0.6293984108967083 0.026666666666666672 0.039727582292849006
1 0.5333333333333333 0.633938706015891 0.020740740740740726 0.04653802497162307
1 0.5122222222222222 0.6152099886492621 0.02444444444444449 0.03178206583427923
1 0.5025925925925926 0.597616345062429 0.020000000000000018 0.030646992054483513
1 0.5155555555555555 0.5788876276958002 0.016296296296296253 0.022701475595913734
1 0.6125925925925926 0.6662883087400682 0.03703703703703698 0.06583427922814977
1 0.5937037037037037 0.6356413166855845 0.02444444444444449 0.0385925085130534
1 0.5737037037037037 0.637911464245176 0.020000000000000018 0.04086265607264472
1 0.5703703703703704 0.6180476730987514 0.019259259259259198 0.03291713961407483
1 0.5633333333333332 0.6072644721906924 0.01851851851851849 0.0295119182746878
1 0.548888888888889 0.601589103291714 0.013333333333333308 0.024971623155505163
1 0.5562962962962963 0.5896708286038592 0.01185185185185178 0.02156640181611802
1 0.5637037037037037 0.5862656072644722 0.010370370370370363 0.023836549375709337
1 0.5718518518518518 0.5942111237230421 0.013333333333333308 0.023836549375709448
1 0.5896296296296296 0.5930760499432464 0.016296296296296253 0.026106696935300877
1 0.5981481481481481 0.6083995459704881 0.015555555555555656 0.02497162315550505
1 0.617037037037037 0.6208853575482407 0.023703703703703782 0.04086265607264472
1 0.6137037037037036 0.5908059023836549 0.014074074074074017 0.026106696935300766
1 0.6418518518518519 0.6146424517593643 0.01851851851851849 0.03291713961407494
1 0.6411111111111111 0.5913734392735528 0.015555555555555545 0.02497162315550505
1 0.6637037037037037 0.5936435868331442 0.01185185185185178 0.024971623155505163
1 0.6844444444444444 0.6526674233825198 0.03555555555555556 0.07037457434733263
1 0.6688888888888889 0.6242905788876277 0.028148148148148144 0.04540295119182747
1 0.7118518518518518 0.64472190692395 0.026666666666666616 0.05675368898978439
1 0.7203703703703703 0.6112372304199774 0.01851851851851849 0.03745743473325758
1 0.6862962962962963 0.604994324631101 0.020000000000000018 0.034052213393870545
1 0.6970370370370371 0.5953461975028377 0.011851851851851891 0.02156640181611813
1 0.7537037037037038 0.6106696935300795 0.019999999999999907 0.034052213393870656
1 0.7437037037037038 0.5919409761634506 0.014814814814814725 0.028376844494892195
1 0.7744444444444445 0.659477866061294 0.0377777777777778 0.07491486946651538
1 0.7666666666666666 0.6248581157775255 0.02518518518518509 0.041997729852440435
1 0.7725925925925926 0.604994324631101 0.016296296296296253 0.034052213393870545
1 0.79 0.6055618615209989 0.015555555555555545 0.03518728717366626
1 0.8003703703703704 0.6038592508513054 0.014074074074074128 0.03178206583427923
1 0.8266666666666667 0.6509648127128262 0.026666666666666616 0.06015891032917142
1 0.8285185185185184 0.6066969353007945 0.01851851851851849 0.03745743473325758
1 0.8577777777777778 0.637911464245176 0.029629629629629672 0.06129398410896714
1 0.8859259259259259 0.612372304199773 0.020740740740740726 0.03745743473325769
1 0.8640740740740741 0.6078320090805902 0.021481481481481435 0.03745743473325769
1 0.8533333333333333 0.5947786606129398 0.020740740740740837 0.036322360953461974
1 0.912962962962963 0.637911464245176 0.033333333333333326 0.05902383654937571
1 0.9422222222222223 0.6367763904653803 0.028148148148148144 0.05902383654937571
1 0.9255555555555556 0.6072644721906924 0.025925925925925908 0.04313280363223615
