1 0.16999050332383667 0.4699499165275459 0.041785375118708445 0.06844741235392321
1 0.25451092117758783 0.2621035058430718 0.013295346628679927 0.03005008347245408
1 0.2754036087369421 0.2679465776293823 0.015194681861348536 0.025041736227045086
1 0.298670465337132 0.25542570951585974 0.014245014245014231 0.026711185308848057
1 0.2981956315289649 0.2954924874791319 0.01709401709401709 0.04006677796327213
1 0.3551756885090218 0.2629382303839733 0.01709401709401709 0.028380634390651083
1 0.3746438746438746 0.27295492487479134 0.016144349477682784 0.03505843071786313
1 0.39553656220322886 0.2896494156928213 0.018043684710351393 0.03839732888146913
1 0.32668566001899335 0.22203672787979967 0.015194681861348536 0.023372287145242088
1 0.34995251661918325 0.20701168614357263 0.012345679012345678 0.020033388981636063
1 0.36419753086419754 0.22370617696160267 0.018043684710351338 0.026711185308848084
1 0.4017094017094017 0.22120200333889817 0.018993352326685642 0.035058430717863104
1 0.4415954415954416 0.2295492487479132 0.01709401709401709 0.03839732888146913
1 0.48338081671415 0.23038397328881471 0.020892687559354195 0.033388981636060105
1 0.49952516619183285 0.1986644407345576 0.015194681861348591 0.026711185308848084
1 0.48005698005698005 0.18864774624373956 0.012345679012345678 0.03005008347245408
1 0.439696106362773 0.19198664440734559 0.01709401709401709 0.03005008347245411
1 0.41120607787274455 0.18948247078464106 0.01709401709401709 0.028380634390651083
1 0.3903133903133903 0.18614357262103506 0.018993352326685642 0.03171953255425708
1 0.45109211775878444 0.15442404006677796 0.011396011396011374 0.025041736227045086
1 0.4648622981956315 0.15859766277128548 0.014245014245014231 0.023372287145242088
1 0.49572649572649574 0.15525876460767946 0.013295346628680038 0.026711185308848084
1 0.4852801519468186 0.13439065108514192 0.01139601139601143 0.02170283806343906
1 0.5275403608736942 0.16110183639398998 0.01614434947768284 0.025041736227045086
1 0.5303893637226971 0.20534223706176963 0.01614434947768284 0.0367278797996661
1 0.5546058879392213 0.162771285475793 0.013295346628680038 0.03171953255425711
1 0.5759734093067426 0.1636060100166945 0.01804368471035145 0.03005008347245411
1 0.5569800569800569 0.12604340567612687 0.012345679012345623 0.025041736227045072
1 0.5902184235517569 0.12938230383973287 0.010446343779677125 0.02170283806343906
1 0.6253561253561253 0.14357262103505844 0.012345679012345623 0.026711185308848084
1 0.6020892687559354 0.14023372287145242 0.011396011396011319 0.026711185308848084
1 0.6172839506172839 0.12270450751252088 0.01139601139601143 0.01836393989983305
1 0.6471984805318138 0.1352253756260434 0.010446343779677125 0.02671118530884807
1 0.6733143399810066 0.12437395659432388 0.01139601139601143 0.028380634390651083
1 0.5327635327635327 0.29716193656093487 0.026590693257359965 0.05342237061769617
1 0.5783475783475783 0.22203672787979967 0.018993352326685642 0.04340567612687812
1 0.584045584045584 0.2888146911519198 0.02279202279202286 0.04674457429048412
1 0.6106362773029439 0.3230383973288815 0.026590693257359965 0.04841402337228712
1 0.630579297245964 0.2404006677796327 0.02089268755935425 0.04340567612687815
1 0.6362773029439697 0.19782971619365608 0.017094017094017144 0.03171953255425711
1 0.6723646723646723 0.17946577629382304 0.013295346628679927 0.028380634390651083
1 0.6804368471035138 0.21368948247078462 0.01614434947768284 0.0367278797996661
1 0.6733143399810066 0.2662771285475793 0.02279202279202286 0.048414023372287146
1 0.7217473884140551 0.2871452420701168 0.02089268755935425 0.04006677796327213
1 0.7155745489078822 0.23205342237061768 0.019943019943019946 0.04340567612687812
1 0.707977207977208 0.18363939899833054 0.014245014245014342 0.033388981636060105
1 0.6961063627730295 0.15692821368948248 0.013295346628679927 0.026711185308848084
1 0.7174738841405508 0.15609348914858096 0.014245014245014231 0.02504173622704506
1 0.7355175688509021 0.1686143572621035 0.014245014245014231 0.026711185308848084
1 0.7478632478632479 0.14941569282136896 0.014245014245014231 0.02504173622704506
1 0.7393162393162394 0.12771285475792987 0.014245014245014231 0.025041736227045072
1 0.745014245014245 0.2011686143572621 0.01804368471035145 0.03171953255425708
1 0.775403608736942 0.23205342237061768 0.019943019943019946 0.04674457429048412
1 0.7806267806267806 0.19449081803005008 0.018993352326685642 0.03839732888146913
1 0.7730294396961064 0.16026711185308848 0.015194681861348536 0.023372287145242088
1 0.7763532763532763 0.12186978297161936 0.008547008547008517 0.02337228714524206
1 0.792022792022792 0.1427378964941569 0.017094017094017033 0.03171953255425711
1 0.8148148148148149 0.18280467445742904 0.017094017094017144 0.0383973288814691
1 0.8376068376068376 0.21619365609348917 0.017094017094017033 0.035058430717863104
1 0.875593542260209 0.2278797996661102 0.015194681861348536 0.041736227045075125
1 0.8542260208926875 0.19282136894824708 0.014245014245014231 0.03171953255425711
1 0.8414055080721747 0.15025041736227046 0.015194681861348536 0.03005008347245411
1 0.8727445394112061 0.15609348914858096 0.017094017094017144 0.03171953255425711
1 0.7825261158594492 0.2921535893155259 0.02279202279202286 0.05342237061769617
1 0.8447293447293447 0.337228714524207 0.023741690408357052 0.04674457429048412
1 0.9487179487179487 0.2629382303839733 0.013295346628679927 0.05175292153589317
1 0.9226020892687559 0.2579298831385643 0.014245014245014231 0.03171953255425711
1 0.896011396011396 0.17696160267111855 0.014245014245014342 0.033388981636060105
1 0.9055080721747388 0.14858096828046746 0.014245014245014231 0.033388981636060105
1 0.8812915479582146 0.19866444073455758 0.01139601139601143 0.02337228714524206
