1 0.19024780175859313 0.3925561797752809 0.04156674660271781 0.0912921348314607
1 0.21782573940847322 0.3911516853932584 0.029576338928856916 0.07443820224719105
1 0.23101518784972022 0.2914325842696629 0.02717825739408475 0.060393258426966245
1 0.26578737010391684 0.2991573033707865 0.035971223021582704 0.07303370786516855
1 0.24900079936051162 0.2324438202247191 0.021582733812949645 0.0491573033707865
1 0.32973621103117506 0.3321629213483146 0.027977617905675434 0.0688202247191011
1 0.35691446842525976 0.3167134831460674 0.034372501998401306 0.07162921348314605
1 0.37889688249400477 0.4276685393258427 0.04636290967226214 0.10252808988764045
1 0.4060751398880895 0.3068820224719101 0.03517186250999199 0.074438202247191
1 0.3992805755395683 0.2268258426966292 0.02797761790567549 0.06039325842696627
1 0.3325339728217426 0.23665730337078653 0.025579536370903322 0.05758426966292135
1 0.558353317346123 0.31320224719101125 0.039168665067945585 0.0589887640449438
