1 0.05 0.9074074074074074 0.09555555555555556 0.15555555555555556
1 0.12777777777777777 0.9 0.07333333333333333 0.11111111111111116
1 0.12333333333333334 0.7833333333333333 0.05555555555555555 0.07777777777777772
1 0.06555555555555556 0.7629629629629631 0.051111111111111114 0.07407407407407407
1 0.016666666666666666 0.7333333333333334 0.028888888888888888 0.07407407407407407
1 0.0811111111111111 0.712962962962963 0.037777777777777785 0.05555555555555547
1 0.07111111111111111 0.6814814814814815 0.035555555555555556 0.051851851851851816
1 0.11 0.6425925925925926 0.02888888888888888 0.04814814814814816
1 0.16333333333333333 0.7185185185185186 0.04222222222222222 0.0888888888888889
1 0.17555555555555558 0.7777777777777778 0.05777777777777779 0.09629629629629632
1 0.2211111111111111 0.924074074074074 0.10444444444444442 0.1444444444444445
1 0.3522222222222222 0.8870370370370371 0.09555555555555556 0.1444444444444445
1 0.2977777777777778 0.8222222222222222 0.06666666666666671 0.11111111111111105
1 0.2533333333333333 0.8277777777777777 0.04444444444444445 0.08518518518518514
1 0.22555555555555556 0.7666666666666666 0.04666666666666666 0.09629629629629621
1 0.29555555555555557 0.7259259259259259 0.04444444444444445 0.06666666666666676
1 0.2777777777777778 0.7037037037037037 0.03555555555555556 0.06666666666666665
1 0.19111111111111112 0.625925925925926 0.031111111111111117 0.059259259259259234
1 0.2511111111111111 0.6333333333333333 0.03555555555555556 0.06666666666666665
1 0.29555555555555557 0.6351851851851852 0.026666666666666672 0.05555555555555558
1 0.3433333333333333 0.7018518518518518 0.0377777777777778 0.06296296296296289
1 0.3188888888888889 0.674074074074074 0.033333333333333326 0.051851851851851816
1 0.35888888888888887 0.6462962962962964 0.033333333333333326 0.0703703703703703
1 0.34777777777777774 0.6222222222222222 0.024444444444444435 0.051851851851851816
1 0.5011111111111111 0.5296296296296297 0.05111111111111105 0.10370370370370369
1 0.45555555555555555 0.5185185185185185 0.053333333333333344 0.08148148148148143
1 0.3977777777777778 0.7166666666666667 0.05777777777777782 0.08518518518518525
1 0.40222222222222226 0.6722222222222223 0.04444444444444445 0.0703703703703703
1 0.4488888888888889 0.7740740740740741 0.05777777777777782 0.10370370370370374
1 0.4555555555555556 0.8537037037037036 0.062222222222222234 0.08518518518518514
1 0.5444444444444445 0.8537037037037037 0.08444444444444443 0.13703703703703707
1 0.53 0.7740740740740741 0.06444444444444442 0.11111111111111105
1 0.5755555555555556 0.6074074074074074 0.03555555555555556 0.06666666666666665
1 0.5477777777777777 0.5703703703703704 0.0377777777777778 0.07407407407407407
1 0.5566666666666666 0.6851851851851851 0.04222222222222216 0.09629629629629621
1 0.6511111111111112 0.85 0.07999999999999996 0.1592592592592592
1 0.7422222222222222 0.8092592592592593 0.07111111111111112 0.12962962962962965
1 0.7666666666666666 0.9388888888888889 0.09777777777777785 0.12222222222222223
1 0.7122222222222222 0.7240740740740741 0.05555555555555558 0.12222222222222223
1 0.6377777777777778 0.6499999999999999 0.04444444444444451 0.09999999999999998
1 0.6266666666666667 0.6018518518518519 0.03111111111111109 0.06296296296296289
1 0.6033333333333333 0.5740740740740741 0.028888888888888853 0.06666666666666665
1 0.6288888888888888 0.45185185185185184 0.026666666666666727 0.05185185185185187
1 0.6588888888888889 0.5981481481481481 0.0377777777777778 0.08518518518518514
1 0.6877777777777778 0.6166666666666667 0.028888888888888853 0.07777777777777783
1 0.7255555555555555 0.6092592592592593 0.0377777777777778 0.07777777777777772
1 0.7811111111111111 0.7074074074074075 0.06444444444444442 0.12592592592592589
1 0.8377777777777777 0.6944444444444444 0.053333333333333344 0.12962962962962965
1 0.8566666666666667 0.8018518518518518 0.07777777777777772 0.13703703703703707
1 0.9511111111111111 0.8537037037037037 0.09333333333333327 0.17407407407407405
1 0.9044444444444444 0.6222222222222222 0.039999999999999925 0.08148148148148149
1 0.98 0.6518518518518519 0.040000000000000036 0.10370370370370374
1 0.8388888888888889 0.5611111111111111 0.046666666666666634 0.08518518518518525
1 0.8044444444444445 0.5740740740740742 0.039999999999999925 0.07407407407407407
1 0.7766666666666666 0.537037037037037 0.033333333333333326 0.07407407407407407
1 0.8655555555555556 0.5425925925925925 0.02444444444444438 0.062962962962963
1 0.8633333333333333 0.5037037037037037 0.019999999999999907 0.04444444444444445
