1 0.015 0.3438438438438438 0.028 0.07807807807807804
1 0.1295 0.2732732732732733 0.07700000000000001 0.11711711711711714
1 0.251 0.271021021021021 0.06599999999999998 0.10960960960960958
1 0.28700000000000003 0.29654654654654655 0.03199999999999997 0.058558558558558516
1 0.321 0.3438438438438438 0.04200000000000004 0.0750750750750751
1 0.36850000000000005 0.30705705705705705 0.056999999999999995 0.09159159159159158
1 0.4215 0.30405405405405406 0.03899999999999998 0.07657657657657657
1 0.46499999999999997 0.3213213213213213 0.03199999999999997 0.06306306306306303
1 0.5125 0.27627627627627627 0.04700000000000004 0.07507507507507505
1 0.5365 0.3205705705705706 0.04300000000000004 0.07957957957957956
1 0.5589999999999999 0.30180180180180183 0.03799999999999992 0.06906906906906907
1 0.6255 0.30180180180180183 0.041000000000000036 0.0750750750750751
1 0.6435 0.31906906906906907 0.027000000000000024 0.05555555555555558
1 0.725 0.3370870870870871 0.04400000000000004 0.08858858858858859
1 0.7835000000000001 0.3153153153153153 0.02300000000000002 0.05105105105105101
1 0.8340000000000001 0.34534534534534533 0.051999999999999935 0.08408408408408408
