1 0.17100078802206461 0.37256267409470756 0.03309692671394798 0.07660167130919221
1 0.23167848699763594 0.3927576601671309 0.0267927501970055 0.05571030640668523
1 0.2695035460992908 0.2987465181058496 0.029944838455476797 0.06824512534818944
1 0.30772261623325453 0.24512534818941503 0.021276595744680882 0.04178272980501391
1 0.34200157604412923 0.20612813370473537 0.01891252955082745 0.03342618384401114
1 0.3400315208825847 0.24303621169916434 0.021276595744680882 0.04317548746518107
1 0.31678486997635935 0.3607242339832869 0.034672970843183604 0.08356545961002781
1 0.3691883372734437 0.34401114206128136 0.04018912529550828 0.08913649025069642
1 0.3928289992119779 0.22910863509749305 0.02915681639085893 0.04596100278551535
1 0.4137115839243499 0.1977715877437326 0.02521670606776988 0.041782729805013935
1 0.5795902285263987 0.30431754874651806 0.024428684003152012 0.04874651810584957
