1 0.06506849315068493 0.47954545454545455 0.0547945205479452 0.06818181818181823
1 0.125 0.47272727272727266 0.05136986301369863 0.0727272727272727
1 0.21746575342465752 0.46590909090909094 0.05136986301369864 0.06818181818181818
1 0.1917808219178082 0.4318181818181818 0.0410958904109589 0.054545454545454564
1 0.327054794520548 0.3704545454545455 0.05136986301369867 0.06818181818181818
1 0.3065068493150685 0.4545454545454546 0.05136986301369861 0.08181818181818185
1 0.3578767123287671 0.2340909090909091 0.05136986301369861 0.06818181818181818
1 0.4708904109589041 0.3931818181818182 0.03767123287671237 0.04999999999999999
1 0.4691780821917808 0.5613636363636364 0.08904109589041104 0.13181818181818183
1 0.5428082191780822 0.7227272727272727 0.1267123287671233 0.20000000000000007
1 0.7568493150684932 0.8977272727272727 0.13013698630136983 0.17727272727272725
1 0.7123287671232876 0.5590909090909091 0.07534246575342463 0.11818181818181817
1 0.5856164383561644 0.47954545454545455 0.06164383561643838 0.10454545454545461
1 0.678082191780822 0.375 0.06164383561643827 0.09545454545454546
1 0.726027397260274 0.4363636363636364 0.0547945205479452 0.10000000000000003
1 0.821917808219178 0.4727272727272727 0.06849315068493145 0.09090909090909094
1 0.8715753424657535 0.36818181818181817 0.05821917808219179 0.09090909090909088
1 0.9195205479452055 0.36363636363636365 0.044520547945205435 0.07272727272727275
1 0.7825342465753424 0.36363636363636365 0.03082191780821919 0.054545454545454564
1 0.7465753424657534 0.19545454545454544 0.047945205479452024 0.06363636363636363
