1 0.16214057507987223 0.47972027972027975 0.04472843450479233 0.07552447552447555
1 0.29113418530351437 0.2678321678321678 0.019968051118210872 0.04055944055944055
1 0.31829073482428116 0.2125874125874126 0.016773162939297148 0.03356643356643357
1 0.3286741214057508 0.2272727272727273 0.018370607028753982 0.03776223776223778
1 0.3298722044728435 0.27342657342657345 0.023961661341853013 0.043356643356643354
1 0.3518370607028754 0.2300699300699301 0.019968051118210872 0.04335664335664338
1 0.37140575079872207 0.22657342657342655 0.0191693290734824 0.04195804195804195
1 0.3630191693290735 0.272027972027972 0.023162939297124596 0.043356643356643354
1 0.3993610223642172 0.22797202797202798 0.020766773162939345 0.036363636363636376
1 0.40495207667731625 0.19370629370629372 0.0191693290734824 0.034965034965034975
1 0.4261182108626198 0.24895104895104897 0.021565495207667706 0.044755244755244755
1 0.448482428115016 0.21608391608391608 0.016773162939297093 0.03776223776223775
1 0.4285143769968051 0.21328671328671328 0.015175718849840258 0.03776223776223775
1 0.4289137380191693 0.17342657342657342 0.02076677316293929 0.03636363636363635
1 0.4752396166134185 0.22727272727272727 0.023961661341853013 0.04055944055944055
1 0.48761980830670926 0.193006993006993 0.021565495207667706 0.036363636363636376
1 0.4520766773162939 0.16503496503496504 0.015974440894568676 0.02797202797202797
1 0.4488817891373802 0.13986013986013987 0.014376996805111841 0.02797202797202797
1 0.4652555910543131 0.14335664335664333 0.015175718849840258 0.02937062937062937
1 0.49161341853035145 0.15664335664335666 0.016773162939297148 0.027972027972027996
1 0.49440894568690097 0.1258741258741259 0.012779552715654952 0.02517482517482518
1 0.5083865814696487 0.12727272727272726 0.010383386581469645 0.01958041958041959
1 0.520367412140575 0.15804195804195803 0.016773162939297204 0.033566433566433546
1 0.534744408945687 0.17412587412587413 0.018370607028754038 0.04055944055944055
1 0.5411341853035143 0.12447552447552448 0.013578274760383313 0.030769230769230785
1 0.5567092651757188 0.14405594405594405 0.014376996805111841 0.02797202797202797
1 0.575479233226837 0.16083916083916083 0.021565495207667706 0.036363636363636376
1 0.5591054313099042 0.12167832167832168 0.012779552715655007 0.022377622377622378
1 0.564297124600639 0.11258741258741259 0.01198083067092659 0.02097902097902099
1 0.5806709265175719 0.12097902097902098 0.01757188498402562 0.02937062937062937
1 0.5894568690095847 0.1020979020979021 0.012779552715655007 0.02517482517482518
1 0.6058306709265175 0.15524475524475526 0.016773162939297093 0.03076923076923077
1 0.6042332268370607 0.13356643356643355 0.01198083067092659 0.020979020979020963
1 0.6174121405750799 0.0944055944055944 0.01437699680511173 0.02657342657342658
1 0.6353833865814696 0.1013986013986014 0.013578274760383424 0.02377622377622378
1 0.6465654952076677 0.12657342657342657 0.015175718849840258 0.02657342657342658
1 0.6665335463258786 0.10139860139860139 0.015175718849840258 0.02937062937062937
1 0.6649361022364217 0.13216783216783218 0.016773162939297093 0.02937062937062937
1 0.6916932907348243 0.10139860139860139 0.012779552715655007 0.02937062937062937
1 0.7124600638977636 0.13216783216783218 0.019169329073482455 0.03496503496503496
1 0.6984824281150159 0.1825174825174825 0.021565495207667706 0.043356643356643354
1 0.6537539936102237 0.220979020979021 0.021565495207667706 0.04195804195804195
1 0.6597444089456869 0.2692307692307693 0.028753993610223683 0.057342657342657366
1 0.6082268370607029 0.25664335664335663 0.031150159744408934 0.06013986013986014
1 0.6186102236421726 0.2097902097902098 0.02316293929712465 0.05034965034965033
1 0.5650958466453674 0.24755244755244754 0.02635782747603832 0.05034965034965033
1 0.520367412140575 0.2916083916083916 0.0343450479233226 0.06573426573426572
1 0.6062300319488818 0.34895104895104895 0.03194888178913735 0.06573426573426577
1 0.6988817891373802 0.22867132867132867 0.025559105431309903 0.04895104895104896
1 0.7320287539936102 0.1839160839160839 0.02316293929712465 0.04895104895104896
1 0.722444089456869 0.16223776223776223 0.013578274760383424 0.03356643356643357
1 0.7496006389776357 0.14335664335664336 0.018370607028754038 0.03776223776223776
1 0.7488019169329074 0.11398601398601399 0.019968051118210872 0.026573426573426553
1 0.7867412140575081 0.1062937062937063 0.015974440894568676 0.03076923076923077
1 0.8087060702875399 0.11678321678321679 0.01996805111821076 0.03496503496503496
1 0.8274760383386581 0.11748251748251748 0.01757188498402562 0.03076923076923077
1 0.8266773162939297 0.15174825174825174 0.01437699680511173 0.03216783216783217
1 0.8031150159744409 0.17902097902097902 0.024760383386581486 0.044755244755244755
1 0.7855431309904153 0.15454545454545454 0.018370607028754038 0.03216783216783217
1 0.7623801916932907 0.1769230769230769 0.016773162939297093 0.034965034965034975
1 0.7771565495207667 0.2020979020979021 0.019169329073482455 0.057342657342657366
1 0.7507987220447284 0.23566433566433564 0.030351437699680517 0.06013986013986014
1 0.7871405750798722 0.26433566433566436 0.024760383386581486 0.06713286713286715
1 0.8115015974440895 0.24755244755244754 0.023961661341852958 0.05314685314685316
1 0.8426517571884984 0.2125874125874126 0.02396166134185307 0.053146853146853135
1 0.8570287539936102 0.16503496503496504 0.01757188498402562 0.036363636363636376
1 0.8650159744408945 0.15104895104895105 0.01757188498402551 0.03356643356643357
1 0.8714057507987221 0.13216783216783218 0.015974440894568676 0.026573426573426567
1 0.9057507987220448 0.13916083916083916 0.014376996805111841 0.03216783216783217
1 0.8985623003194888 0.15664335664335666 0.012779552715654896 0.033566433566433546
1 0.8913738019169328 0.18741258741258743 0.015974440894568676 0.03636363636363635
1 0.8690095846645367 0.2153846153846154 0.014376996805111841 0.04195804195804195
1 0.8789936102236422 0.24615384615384617 0.02316293929712465 0.05034965034965036
1 0.865814696485623 0.3125874125874126 0.03194888178913735 0.057342657342657366
1 0.8430511182108626 0.3727272727272727 0.04073482428115016 0.07692307692307693
1 0.8929712460063898 0.441958041958042 0.04313099041533541 0.08951048951048951
1 0.9109424920127795 0.3314685314685315 0.034345047923322714 0.06993006993006995
1 0.9201277955271565 0.23216783216783216 0.025559105431309903 0.05034965034965033
1 0.9273162939297124 0.20279720279720279 0.01757188498402551 0.03076923076923077
1 0.9396964856230032 0.16783216783216784 0.016773162939297093 0.03356643356643357
