1 0.10533333333333333 0.768 0.11199999999999999 0.20399999999999996
1 0.11066666666666666 0.603 0.11466666666666667 0.138
1 0.05466666666666667 0.5409999999999999 0.08 0.13
1 0.05600000000000001 0.43 0.05600000000000001 0.10799999999999998
1 0.024666666666666667 0.403 0.04666666666666667 0.09400000000000003
1 0.07133333333333333 0.29900000000000004 0.04933333333333333 0.07800000000000001
1 0.017333333333333333 0.259 0.029333333333333333 0.053999999999999965
1 0.214 0.28900000000000003 0.04933333333333334 0.066
1 0.2886666666666666 0.53 0.0733333333333333 0.15199999999999997
1 0.35333333333333333 0.362 0.05066666666666664 0.10799999999999998
1 0.33799999999999997 0.277 0.04666666666666669 0.07
1 0.5053333333333333 0.301 0.05066666666666664 0.08999999999999997
1 0.44466666666666665 0.42400000000000004 0.06 0.08800000000000002
1 0.41733333333333333 0.5860000000000001 0.07466666666666666 0.15600000000000003
1 0.47533333333333333 0.722 0.124 0.244
1 0.6526666666666667 0.617 0.08399999999999996 0.15399999999999991
1 0.5740000000000001 0.509 0.06799999999999995 0.12999999999999995
1 0.6286666666666667 0.402 0.06266666666666665 0.124
1 0.5906666666666667 0.257 0.03733333333333333 0.07399999999999998
1 0.532 0.24100000000000002 0.03733333333333333 0.07800000000000001
1 0.614 0.23299999999999998 0.028000000000000025 0.058000000000000024
1 0.6539999999999999 0.246 0.033333333333333326 0.07599999999999998
1 0.6826666666666666 0.201 0.03466666666666662 0.058000000000000024
1 0.688 0.307 0.05066666666666675 0.09399999999999997
1 0.7486666666666667 0.345 0.06266666666666665 0.11800000000000005
1 0.714 0.178 0.028000000000000025 0.055999999999999994
1 0.8360000000000001 0.188 0.03733333333333333 0.055999999999999994
1 0.8926666666666667 0.186 0.033333333333333326 0.064
1 0.9113333333333333 0.222 0.03600000000000003 0.068
1 0.952 0.195 0.03199999999999992 0.07800000000000001
1 0.9266666666666666 0.328 0.058666666666666645 0.11599999999999999
1 0.8793333333333333 0.271 0.04133333333333333 0.07799999999999999
1 0.8253333333333333 0.30500000000000005 0.04533333333333334 0.07
1 0.8013333333333333 0.429 0.058666666666666645 0.122
1 0.7626666666666666 0.506 0.07199999999999995 0.16399999999999998
