1 0.13207547169811323 0.5552407932011332 0.13207547169811323 0.22662889518413604
1 0.1849056603773585 0.43342776203966005 0.09811320754716982 0.15864022662889515
1 0.3584905660377359 0.5297450424929179 0.1056603773584906 0.22662889518413598
1 0.6481132075471698 0.7436260623229461 0.13773584905660374 0.2577903682719547
1 0.8235849056603775 0.5878186968838527 0.1264150943396226 0.26912181303116145
1 0.739622641509434 0.41076487252124644 0.06415094339622651 0.1076487252124646
1 0.7933962264150944 0.37110481586402266 0.058490566037735836 0.1076487252124646
1 0.7575471698113208 0.1671388101983003 0.05471698113207557 0.10198300283286119
1 0.8622641509433963 0.23796033994334279 0.04528301886792452 0.07365439093484422
1 0.9216981132075472 0.32152974504249293 0.05094339622641508 0.09915014164305946
1 0.9405660377358491 0.42634560906515584 0.06981132075471697 0.12747875354107646
1 0.9745283018867925 0.33144475920679883 0.05094339622641508 0.0793201133144476
1 0.6849056603773584 0.2747875354107649 0.04150943396226414 0.0679886685552408
1 0.6481132075471698 0.29461756373937675 0.04339622641509433 0.062322946175637384
1 0.6141509433962264 0.3796033994334278 0.05094339622641508 0.09065155807365438
1 0.49056603773584906 0.3413597733711048 0.060377358490566024 0.09915014164305952
1 0.480188679245283 0.2648725212464589 0.03962264150943395 0.05949008498583569
1 0.49056603773584906 0.23512747875354106 0.04150943396226414 0.05099150141643058
1 0.5518867924528301 0.26203966005665724 0.03584905660377358 0.06515580736543908
1 0.590566037735849 0.2507082152974504 0.03396226415094339 0.05949008498583572
1 0.4386792452830189 0.2747875354107649 0.03584905660377358 0.07365439093484419
1 0.38773584905660374 0.23371104815864022 0.03962264150943401 0.06515580736543908
1 0.369811320754717 0.20254957507082152 0.030188679245283068 0.04815864022662891
1 0.2962264150943396 0.31303116147308785 0.049056603773584895 0.09915014164305952
1 0.21509433962264152 0.3101983002832861 0.05283018867924527 0.08781869688385269
1 0.22075471698113208 0.26487252124645894 0.04150943396226414 0.07648725212464591
1 0.09716981132075472 0.26345609065155806 0.03962264150943397 0.062322946175637384
1 0.059433962264150944 0.25920679886685555 0.04716981132075471 0.08781869688385271
1 0.041509433962264156 0.21246458923512748 0.041509433962264156 0.062322946175637384
1 0.020754716981132074 0.26345609065155806 0.03773584905660377 0.07365439093484422
