1 0.803985171455051 0.24667774086378735 0.030583873957367946 0.08139534883720931
1 0.8586654309545876 0.2724252491694352 0.03614457831325302 0.08637873754152825
1 0.6811862835959221 0.04817275747508305 0.011121408711770142 0.026578073089700997
1 0.6635773864689527 0.11046511627906977 0.014828544949026856 0.034883720930232565
1 0.7168674698795181 0.12209302325581395 0.013901760889712733 0.0382059800664452
1 0.3670064874884152 0.1719269102990033 0.0129749768303985 0.031561461794019946
1 0.4267840593141798 0.16777408637873753 0.01575532900834109 0.03654485049833886
1 0.13948100092678406 0.3646179401993356 0.026876737720111232 0.0747508305647841
1 0.10333642261353104 0.38372093023255816 0.02316960148285449 0.05315614617940201
1 0.08572752548656162 0.4476744186046512 0.023169601482854504 0.051495016611295685
1 0.170064874884152 0.49086378737541525 0.03429101019462463 0.07807308970099663
1 0.20111214087117701 0.3438538205980066 0.020389249304911955 0.05315614617940195
1 0.22381835032437442 0.33637873754152825 0.02316960148285449 0.06478405315614616
