1 0.19555555555555554 0.6613924050632911 0.09333333333333335 0.16455696202531644
1 0.09777777777777778 0.4920886075949367 0.07555555555555557 0.11708860759493678
1 0.20111111111111113 0.4889240506329114 0.08222222222222222 0.1487341772151899
1 0.15333333333333332 0.35917721518987344 0.0488888888888889 0.10443037974683544
1 0.04111111111111111 0.25158227848101267 0.05111111111111111 0.09177215189873414
1 0.18555555555555556 0.2310126582278481 0.05555555555555558 0.08227848101265822
1 0.20444444444444443 0.14556962025316456 0.0488888888888889 0.0759493670886076
1 0.14777777777777779 0.125 0.04666666666666666 0.0791139240506329
1 0.19111111111111112 0.05854430379746836 0.03555555555555556 0.06645569620253165
1 0.12666666666666668 0.015822784810126583 0.026666666666666686 0.02531645569620253
1 0.24666666666666665 0.0981012658227848 0.04000000000000001 0.0759493670886076
1 0.2711111111111111 0.05063291139240507 0.031111111111111145 0.0569620253164557
1 0.31 0.24208860759493672 0.05555555555555558 0.0981012658227848
1 0.32999999999999996 0.34493670886075944 0.06 0.11392405063291139
1 0.25666666666666665 0.4113924050632911 0.06888888888888889 0.1265822784810126
1 0.41 0.6123417721518987 0.10444444444444445 0.16139240506329122
1 0.41888888888888887 0.47468354430379744 0.08222222222222225 0.13291139240506328
1 0.4422222222222222 0.40822784810126583 0.062222222222222234 0.10126582278481011
1 0.44222222222222224 0.33069620253164556 0.053333333333333344 0.08544303797468356
1 0.4688888888888889 0.2674050632911392 0.048888888888888926 0.08544303797468353
1 0.34444444444444444 0.16297468354430378 0.0444444444444444 0.06645569620253164
1 0.3611111111111111 0.11392405063291139 0.046666666666666634 0.06962025316455694
1 0.3766666666666667 0.05063291139240507 0.04222222222222222 0.0569620253164557
1 0.3911111111111111 0.034810126582278486 0.031111111111111145 0.0569620253164557
1 0.47333333333333333 0.06329113924050633 0.03111111111111109 0.0569620253164557
1 0.48666666666666664 0.12816455696202533 0.04888888888888887 0.0917721518987342
1 0.56 0.17088607594936708 0.0444444444444444 0.08227848101265822
1 0.5722222222222222 0.0981012658227848 0.0377777777777778 0.0759493670886076
1 0.55 0.07120253164556961 0.033333333333333326 0.06645569620253164
1 0.5611111111111111 0.02373417721518987 0.033333333333333326 0.04113924050632911
1 0.47444444444444445 0.02531645569620253 0.028888888888888853 0.04430379746835443
1 0.5811111111111111 0.25 0.046666666666666634 0.10126582278481011
1 0.5733333333333333 0.3639240506329114 0.04888888888888887 0.08860759493670889
1 0.6055555555555556 0.40822784810126583 0.06888888888888889 0.10759493670886078
1 0.5833333333333334 0.4873417721518987 0.0822222222222222 0.14556962025316456
1 0.72 0.6661392405063291 0.09777777777777774 0.18670886075949367
1 0.8955555555555555 0.6329113924050633 0.09777777777777774 0.16455696202531644
1 0.7911111111111111 0.4810126582278481 0.06666666666666665 0.12658227848101267
1 0.7422222222222222 0.4287974683544304 0.06222222222222218 0.11075949367088611
1 0.7044444444444444 0.3639240506329114 0.057777777777777706 0.08860759493670889
1 0.6655555555555556 0.1661392405063291 0.04222222222222216 0.06645569620253167
1 0.6677777777777778 0.10443037974683544 0.046666666666666634 0.06962025316455696
1 0.6377777777777778 0.04272151898734177 0.03111111111111109 0.060126582278481014
1 0.7344444444444445 0.06645569620253165 0.0377777777777778 0.0569620253164557
1 0.7533333333333334 0.10443037974683544 0.0444444444444444 0.06962025316455696
1 0.8166666666666667 0.2420886075949367 0.046666666666666634 0.09177215189873417
1 0.8577777777777778 0.3670886075949367 0.053333333333333344 0.10759493670886078
1 0.8966666666666667 0.4224683544303798 0.06444444444444442 0.11075949367088606
1 0.9388888888888889 0.27056962025316456 0.046666666666666634 0.0917721518987342
1 0.9011111111111111 0.18670886075949367 0.046666666666666634 0.07594936708860761
1 0.8644444444444445 0.1281645569620253 0.04444444444444451 0.07278481012658226
