1 0.017666666666666664 0.528140703517588 0.03133333333333333 0.05326633165829142
1 0.06333333333333334 0.6417085427135678 0.05066666666666667 0.07135678391959799
1 0.045 0.6246231155778894 0.03266666666666666 0.06130653266331654
1 0.22366666666666668 0.5201005025125628 0.024666666666666642 0.043216080402010026
1 0.2573333333333333 0.5105527638190954 0.026666666666666672 0.04623115577889447
1 0.32366666666666666 0.6663316582914574 0.062 0.10452261306532662
1 0.395 0.7125628140703517 0.07800000000000001 0.1165829145728644
1 0.42466666666666664 0.6597989949748744 0.03866666666666668 0.07135678391959799
1 0.4703333333333333 0.6723618090452261 0.05133333333333334 0.09447236180904528
1 0.4603333333333333 0.5045226130653266 0.02200000000000002 0.0381909547738693
1 0.5296666666666667 0.6658291457286432 0.04066666666666674 0.07336683417085432
1 0.5446666666666666 0.7412060301507537 0.07733333333333337 0.11155778894472357
1 0.5693333333333334 0.8396984924623117 0.1333333333333333 0.18994974874371862
1 0.5713333333333334 0.6783919597989949 0.04800000000000004 0.08040201005025127
1 0.7186666666666667 0.6638190954773869 0.05066666666666664 0.09145728643216078
1 0.754 0.7391959798994976 0.07600000000000007 0.10552763819095479
1 0.7726666666666666 0.8120603015075377 0.11066666666666658 0.16884422110552766
1 0.8453333333333333 0.7412060301507537 0.06933333333333336 0.093467336683417
1 0.8266666666666667 0.6974874371859296 0.06000000000000005 0.08643216080402016
1 0.9 0.5487437185929649 0.03200000000000003 0.06633165829145737
1 0.9686666666666667 0.6904522613065327 0.06266666666666665 0.10251256281407028
