1 0.07333333333333333 0.28940217391304346 0.05333333333333334 0.09510869565217392
1 0.1691666666666667 0.26766304347826086 0.04500000000000001 0.07880434782608695
1 0.21416666666666667 0.2269021739130435 0.04166666666666666 0.07880434782608697
1 0.19 0.485054347826087 0.06 0.09510869565217395
1 0.25666666666666665 0.33016304347826086 0.05666666666666664 0.08967391304347827
1 0.2775 0.27445652173913043 0.03833333333333333 0.07608695652173914
1 0.325 0.23369565217391303 0.053333333333333344 0.09782608695652173
1 0.38 0.2758152173913044 0.05666666666666664 0.08423913043478262
1 0.3275 0.5122282608695652 0.05499999999999999 0.10054347826086957
1 0.4275 0.25407608695652173 0.04166666666666663 0.07880434782608697
1 0.4575 0.3220108695652174 0.041666666666666685 0.07880434782608697
1 0.5058333333333334 0.27717391304347827 0.03833333333333333 0.08152173913043481
1 0.5466666666666666 0.2663043478260869 0.043333333333333335 0.08695652173913043
1 0.5875 0.25135869565217395 0.03833333333333333 0.07880434782608697
1 0.6258333333333334 0.2622282608695652 0.04499999999999993 0.08967391304347824
1 0.6733333333333333 0.2649456521739131 0.036666666666666625 0.07880434782608697
1 0.7116666666666667 0.3016304347826087 0.040000000000000036 0.08152173913043481
1 0.7525 0.266304347826087 0.04166666666666663 0.07065217391304349
1 0.7949999999999999 0.31657608695652173 0.043333333333333335 0.08967391304347827
1 0.8275 0.2703804347826087 0.04166666666666674 0.08423913043478262
1 0.8841666666666667 0.2690217391304348 0.04166666666666674 0.08695652173913043
1 0.9241666666666667 0.22554347826086957 0.04833333333333334 0.09782608695652173
1 0.8975 0.46875 0.04500000000000004 0.08967391304347827
1 0.8141666666666667 0.46059782608695654 0.04833333333333334 0.08967391304347827
1 0.7116666666666667 0.5108695652173912 0.05666666666666664 0.10869565217391303
1 0.585 0.49184782608695654 0.05666666666666664 0.1141304347826087
1 0.44333333333333336 0.48913043478260865 0.06 0.10869565217391303
