1 0.1259469696969697 0.5705980066445182 0.06060606060606061 0.11794019933554811
1 0.27367424242424243 0.2574750830564784 0.013257575757575746 0.029900332225913623
1 0.2864583333333333 0.25 0.016098484848484862 0.028239202657807327
1 0.2954545454545454 0.2857142857142857 0.020833333333333315 0.03322259136212624
1 0.3787878787878788 0.27906976744186046 0.017045454545454586 0.03322259136212624
1 0.3641098484848485 0.26495016611295685 0.012310606060606022 0.018272425249169444
1 0.34990530303030304 0.23338870431893688 0.016098484848484862 0.028239202657807327
1 0.375 0.23754152823920266 0.017045454545454586 0.026578073089700976
1 0.384469696969697 0.18438538205980065 0.013257575757575746 0.026578073089700976
1 0.3977272727272727 0.1926910299003322 0.011363636363636354 0.026578073089700976
1 0.4237689393939394 0.17857142857142858 0.012310606060606077 0.028239202657807327
1 0.4237689393939394 0.15282392026578073 0.014204545454545414 0.026578073089701004
1 0.4545454545454546 0.18355481727574752 0.013257575757575746 0.02491694352159468
1 0.45028409090909094 0.15946843853820597 0.010416666666666685 0.01993355481727574
1 0.4706439393939394 0.19019933554817275 0.013257575757575801 0.03156146179401992
1 0.4602272727272727 0.23421926910299 0.018939393939393978 0.03654485049833886
1 0.4829545454545454 0.22591362126245848 0.01704545454545453 0.03322259136212624
1 0.5014204545454546 0.1951827242524917 0.01420454545454547 0.034883720930232565
1 0.5303030303030303 0.2059800664451827 0.018939393939393923 0.03322259136212624
1 0.515625 0.1719269102990033 0.014204545454545414 0.02491694352159468
1 0.4805871212121212 0.1519933554817276 0.012310606060606077 0.021594684385382062
1 0.47632575757575757 0.13289036544850497 0.011363636363636354 0.01993355481727574
1 0.5132575757575757 0.1303986710963455 0.009469696969696906 0.021594684385382062
1 0.5307765151515151 0.13787375415282394 0.01041666666666674 0.023255813953488386
1 0.5497159090909091 0.12126245847176079 0.014204545454545414 0.02657807308970099
1 0.5601325757575757 0.10382059800664452 0.014204545454545525 0.02491694352159468
1 0.5809659090909092 0.1536544850498339 0.012310606060606077 0.02491694352159468
1 0.5601325757575758 0.1744186046511628 0.016098484848484862 0.023255813953488358
1 0.5662878787878788 0.13205980066445183 0.011363636363636465 0.02491694352159468
1 0.5899621212121212 0.10215946843853821 0.009469696969697017 0.01827242524916943
1 0.6065340909090908 0.1079734219269103 0.012310606060606077 0.01993355481727574
1 0.5961174242424243 0.17524916943521596 0.014204545454545525 0.0282392026578073
1 0.618844696969697 0.16029900332225913 0.012310606060606077 0.02491694352159468
1 0.6287878787878788 0.12541528239202657 0.011363636363636465 0.024916943521594667
1 0.6245265151515151 0.09551495016611296 0.008522727272727293 0.018272425249169444
1 0.6557765151515151 0.13372093023255816 0.01041666666666674 0.024916943521594695
1 0.6614583333333333 0.11544850498338871 0.01041666666666663 0.014950166112956811
1 0.6614583333333334 0.09717607973421927 0.008522727272727293 0.018272425249169444
1 0.684185606060606 0.10132890365448505 0.012310606060606077 0.023255813953488372
1 0.7078598484848485 0.11378737541528239 0.014204545454545414 0.028239202657807314
1 0.5014204545454546 0.2973421926910299 0.02178030303030304 0.046511627906976716
1 0.5487689393939394 0.32475083056478404 0.019886363636363646 0.0415282392026578
1 0.5819128787878788 0.24501661129568106 0.019886363636363535 0.034883720930232565
1 0.631155303030303 0.24584717607973422 0.021780303030303094 0.0431893687707641
1 0.640625 0.19933554817275748 0.019886363636363535 0.03654485049833889
1 0.6609848484848485 0.1661129568106312 0.015151515151515138 0.029900332225913623
1 0.6756628787878788 0.21013289036544852 0.021780303030302983 0.03488372093023254
1 0.6396780303030303 0.31727574750830567 0.025568181818181768 0.04983388704318936
1 0.7054924242424243 0.3089700996677741 0.02651515151515149 0.05315614617940195
1 0.7523674242424243 0.38205980066445183 0.027462121212121215 0.06312292358803984
1 0.8229166666666666 0.4111295681063123 0.030303030303030276 0.06478405315614622
1 0.9086174242424242 0.41445182724252494 0.03125 0.07142857142857145
1 0.9251893939393939 0.3081395348837209 0.024621212121212155 0.051495016611295685
1 0.8555871212121212 0.29485049833887045 0.02367424242424243 0.04817275747508304
1 0.8214962121212122 0.24252491694352157 0.019886363636363646 0.03654485049833886
1 0.7689393939393939 0.25664451827242524 0.024621212121212155 0.04817275747508307
1 0.7765151515151516 0.22508305647840532 0.02651515151515149 0.03156146179401992
1 0.7845643939393939 0.18438538205980065 0.01799242424242431 0.029900332225913623
1 0.7391098484848484 0.2541528239202658 0.019886363636363646 0.05315614617940201
1 0.7121212121212122 0.24252491694352157 0.02651515151515149 0.039867109634551506
1 0.7083333333333334 0.14784053156146182 0.015151515151515138 0.029900332225913623
1 0.7192234848484849 0.1818936877076412 0.016098484848484862 0.03156146179401992
1 0.7428977272727273 0.20099667774086377 0.01799242424242431 0.03654485049833886
1 0.7367424242424243 0.16777408637873753 0.013257575757575801 0.026578073089700976
1 0.7509469696969697 0.14451827242524917 0.015151515151515138 0.03654485049833889
1 0.7566287878787878 0.11295681063122924 0.013257575757575801 0.029900332225913623
1 0.7722537878787878 0.13205980066445183 0.014204545454545414 0.034883720930232565
1 0.7902462121212122 0.13205980066445183 0.014204545454545414 0.03156146179401993
1 0.8257575757575758 0.14202657807308972 0.015151515151515138 0.03820598006644518
1 0.8442234848484849 0.1362126245847176 0.01041666666666674 0.02990033222591361
1 0.8754734848484849 0.16362126245847175 0.014204545454545414 0.031561461794019946
1 0.8797348484848484 0.1461794019933555 0.011363636363636354 0.023255813953488386
1 0.8660037878787878 0.11960132890365449 0.012310606060606077 0.026578073089701004
1 0.8839962121212122 0.11544850498338871 0.012310606060606077 0.024916943521594695
1 0.8475378787878788 0.21013289036544852 0.017045454545454586 0.04485049833887042
1 0.8991477272727273 0.20348837209302326 0.016098484848484862 0.034883720930232565
1 0.8958333333333333 0.26245847176079734 0.018939393939393923 0.04983388704318936
1 0.928030303030303 0.2649501661129568 0.017045454545454475 0.038205980066445155
1 0.946969696969697 0.24584717607973422 0.02083333333333337 0.0431893687707641
1 0.9389204545454546 0.21179401993355484 0.016098484848484862 0.03820598006644518
1 0.9479166666666667 0.1553156146179402 0.011363636363636354 0.02491694352159468
1 0.9152462121212122 0.13205980066445183 0.012310606060606077 0.02491694352159468
1 0.9043560606060606 0.16860465116279072 0.017045454545454475 0.0282392026578073
1 0.9128787878787878 0.16528239202657807 0.011363636363636354 0.028239202657807327
