1 0.16839622641509433 0.48747913188647746 0.040566037735849075 0.08013355592654425
1 0.25 0.2629382303839733 0.015094339622641506 0.03171953255425708
1 0.2721698113207547 0.2604340567612688 0.01792452830188679 0.033388981636060105
1 0.29150943396226414 0.2662771285475793 0.018867924528301883 0.04173622704507515
1 0.310377358490566 0.2679465776293823 0.018867924528301883 0.048414023372287146
1 0.30943396226415093 0.21869782971619367 0.018867924528301883 0.033388981636060105
1 0.3297169811320755 0.22036727879799667 0.01792452830188679 0.0367278797996661
1 0.34858490566037736 0.22036727879799667 0.01792452830188679 0.04006677796327213
1 0.3443396226415094 0.2621035058430718 0.02075471698113207 0.0400667779632721
1 0.36839622641509434 0.27295492487479134 0.017924528301886844 0.041736227045075125
1 0.3716981132075472 0.18614357262103506 0.013207547169811373 0.028380634390651083
1 0.39528301886792455 0.21035058430717862 0.018867924528301883 0.033388981636060105
1 0.4047169811320755 0.27378964941569284 0.024528301886792447 0.05342237061769617
1 0.43018867924528303 0.2370617696160267 0.02075471698113207 0.0367278797996661
1 0.4160377358490566 0.18363939899833054 0.015094339622641506 0.03005008347245411
1 0.4018867924528302 0.17612687813021705 0.015094339622641506 0.03171953255425711
1 0.4476415094339623 0.18697829716193656 0.019811320754716977 0.03338898163606008
1 0.4731132075471698 0.2295492487479132 0.021698113207547165 0.04507512520868112
1 0.48066037735849054 0.19532554257095158 0.0160377358490566 0.033388981636060105
1 0.5004716981132076 0.19449081803005008 0.01792452830188679 0.03505843071786313
1 0.4820754716981132 0.169449081803005 0.013207547169811318 0.028380634390651083
1 0.4716981132075472 0.15776293823038395 0.016981132075471694 0.03171953255425711
1 0.45660377358490567 0.14357262103505844 0.013207547169811318 0.026711185308848084
1 0.494811320754717 0.12520868113522537 0.01226415094339628 0.026711185308848084
1 0.5382075471698113 0.18614357262103504 0.017924528301886733 0.035058430717863104
1 0.5547169811320756 0.15692821368948245 0.013207547169811318 0.03005008347245411
1 0.5702830188679245 0.164440734557596 0.016037735849056656 0.0383973288814691
1 0.5650943396226416 0.1419031719532554 0.01132075471698113 0.026711185308848057
1 0.5495283018867925 0.12520868113522537 0.014150943396226356 0.03005008347245408
1 0.5759433962264151 0.12520868113522537 0.01226415094339628 0.03005008347245408
1 0.5962264150943396 0.1343906510851419 0.01132075471698113 0.02838063439065107
1 0.6127358490566037 0.13355592654424042 0.014150943396226467 0.033388981636060105
1 0.620754716981132 0.14106844741235391 0.013207547169811318 0.028380634390651083
1 0.6462264150943396 0.12604340567612687 0.01132075471698113 0.03171953255425708
1 0.6499999999999999 0.10851419031719534 0.009433962264150941 0.023372287145242074
1 0.6740566037735849 0.11435726210350586 0.01226415094339628 0.028380634390651097
1 0.6273584905660377 0.18447412353923204 0.016981132075471694 0.035058430717863104
1 0.5509433962264151 0.2404006677796327 0.02264150943396226 0.04674457429048415
1 0.4915094339622642 0.3046744574290484 0.030188679245283068 0.058430717863105164
1 0.5773584905660378 0.2879799666110184 0.024528301886792447 0.058430717863105164
1 0.6004716981132076 0.3297161936560935 0.03301886792452824 0.06844741235392321
1 0.6193396226415094 0.25041736227045075 0.027358490566037785 0.05342237061769617
1 0.6754716981132076 0.2387312186978297 0.024528301886792447 0.050083472454090144
1 0.6712264150943397 0.19532554257095158 0.01981132075471692 0.04340567612687812
1 0.6608490566037736 0.171118530884808 0.016037735849056656 0.035058430717863104
1 0.6839622641509433 0.1444073455759599 0.016981132075471694 0.035058430717863104
1 0.7047169811320755 0.14524207011686144 0.013207547169811318 0.026711185308848084
1 0.719811320754717 0.16026711185308848 0.016981132075471694 0.03672787979966613
1 0.7014150943396227 0.18113522537562604 0.017924528301886844 0.03839732888146913
1 0.7179245283018868 0.22287145242070117 0.026415094339622636 0.05175292153589317
1 0.7132075471698113 0.27378964941569284 0.026415094339622636 0.05008347245409017
1 0.7716981132075472 0.27629382303839733 0.02264150943396226 0.05509181969949917
1 0.7764150943396226 0.22621035058430716 0.024528301886792447 0.05175292153589314
1 0.7353773584905661 0.19616026711185308 0.02169811320754722 0.048414023372287146
1 0.7570754716981132 0.1636060100166945 0.016037735849056656 0.0367278797996661
1 0.7735849056603774 0.18363939899833054 0.015094339622641506 0.0367278797996661
1 0.740566037735849 0.14607679465776294 0.016981132075471694 0.03171953255425708
1 0.7391509433962264 0.11602671118530886 0.014150943396226467 0.028380634390651097
1 0.7650943396226415 0.1293823038397329 0.015094339622641506 0.03171953255425709
1 0.7872641509433962 0.14858096828046746 0.014150943396226467 0.033388981636060105
1 0.8033018867924528 0.164440734557596 0.017924528301886733 0.04507512520868115
1 0.8438679245283018 0.33889816360601 0.03113207547169805 0.056761268781302165
1 0.8575471698113208 0.24958263772954925 0.028301886792452824 0.05509181969949917
1 0.8500000000000001 0.21869782971619367 0.024528301886792447 0.0400667779632721
1 0.8339622641509434 0.14524207011686144 0.016981132075471694 0.03005008347245408
1 0.8636792452830189 0.14941569282136896 0.016037735849056656 0.0383973288814691
1 0.879245283018868 0.164440734557596 0.013207547169811318 0.035058430717863104
1 0.8962264150943395 0.15108514190317196 0.013207547169811318 0.03171953255425711
1 0.8933962264150943 0.19282136894824708 0.018867924528301883 0.03839732888146913
1 0.9198113207547169 0.22370617696160267 0.016981132075471694 0.04006677796327213
1 0.915566037735849 0.2654424040066778 0.025471698113207597 0.05342237061769617
