1 0.09423828125 0.6612665684830633 0.0986328125 0.13549337260677463
1 0.07275390625 0.6075110456553756 0.0927734375 0.10456553755522824
1 0.0517578125 0.8571428571428572 0.1015625 0.22680412371134018
1 0.21728515625 0.6597938144329898 0.0849609375 0.15905743740795286
1 0.2001953125 0.9086892488954345 0.185546875 0.1826215022091311
1 0.24755859375 0.5721649484536082 0.0595703125 0.09278350515463918
1 0.3115234375 0.561119293078056 0.07421875 0.11487481590574378
1 0.39501953125 0.5780559646539027 0.0673828125 0.11340206185567003
1 0.42578125 0.5368188512518409 0.05078125 0.09867452135493376
1 0.4970703125 0.5986745213549337 0.06640625 0.11929307805596467
1 0.501953125 0.53240058910162 0.060546875 0.08394698085419733
1 0.4775390625 0.7628865979381443 0.11328125 0.2002945508100148
1 0.59130859375 0.5346097201767305 0.0439453125 0.06774668630338732
1 0.6669921875 0.5331369661266568 0.05078125 0.08541973490427096
1 0.68359375 0.4808541973490427 0.048828125 0.07805596465390285
1 0.7265625 0.5353460972017673 0.060546875 0.09867452135493376
1 0.75537109375 0.5029455081001473 0.0400390625 0.07511045655375548
1 0.76708984375 0.7621502209131075 0.1162109375 0.24005891016200287
1 0.85400390625 0.8888070692194403 0.1650390625 0.22238586156111928
1 0.783203125 0.6318114874815906 0.08984375 0.1649484536082474
1 0.83251953125 0.5169366715758468 0.0458984375 0.08836524300441828
1 0.91650390625 0.5213549337260678 0.0498046875 0.07952871870397643
1 0.95458984375 0.5846833578792342 0.0751953125 0.1296023564064801
