1 0.028333333333333335 0.42625 0.04 0.07750000000000001
1 0.19583333333333336 0.46875 0.051666666666666666 0.08250000000000002
1 0.19916666666666666 0.44125 0.04166666666666666 0.0675
1 0.31333333333333335 0.435 0.07 0.11499999999999999
1 0.35333333333333333 0.42375 0.036666666666666625 0.0675
1 0.43916666666666665 0.45375 0.04833333333333334 0.07750000000000001
1 0.44833333333333336 0.4275 0.02999999999999997 0.06
1 0.5141666666666667 0.43625 0.03833333333333333 0.05750000000000005
1 0.5575 0.45625 0.05499999999999994 0.08250000000000002
1 0.6091666666666666 0.43875 0.03500000000000003 0.0625
1 0.6958333333333333 0.46624999999999994 0.06166666666666665 0.10249999999999998
1 0.755 0.41500000000000004 0.07666666666666666 0.10000000000000003
1 0.8533333333333333 0.48124999999999996 0.039999999999999925 0.07249999999999995
1 0.9116666666666666 0.48625 0.030000000000000027 0.057499999999999996
1 0.9550000000000001 0.50125 0.039999999999999925 0.0625
