1 0.013396375098502757 0.4471496437054632 0.025216706067769896 0.07957244655581946
1 0.07210401891252954 0.4750593824228029 0.021276595744680847 0.03800475059382419
1 0.04688731284475965 0.46021377672209024 0.011820330969267143 0.03206650831353919
1 0.05594956658786446 0.47030878859857483 0.012608353033884946 0.023752969121140166
1 0.09259259259259259 0.5623515439429929 0.029156816390858944 0.06057007125890734
1 0.1189913317572892 0.6573634204275535 0.05516154452324665 0.08432304038004745
1 0.15681639085894405 0.6864608076009501 0.06146572104018913 0.13064133016627077
1 0.18006304176516943 0.5973871733966746 0.03388494877856579 0.07125890736342044
1 0.18833727344365642 0.5546318289786223 0.025216706067769906 0.04513064133016631
1 0.21513002364066194 0.5665083135391924 0.02836879432624112 0.052256532066508266
1 0.33018124507486213 0.6745843230403801 0.04885736800630419 0.08313539192399055
1 0.3163908589440504 0.6300475059382422 0.049645390070922 0.07244655581947745
1 0.28959810874704495 0.5564133016627079 0.021276595744680826 0.039192399049881255
1 0.31954294720252163 0.5617577197149644 0.02600472813238769 0.04750593824228022
1 0.3833727344365642 0.4495249406175772 0.044917257683215084 0.07482185273159148
1 0.4227738376674547 0.5498812351543942 0.022852639873916503 0.040380047505938266
1 0.4858156028368794 0.6116389548693587 0.04018912529550822 0.06888361045130642
1 0.4869976359338062 0.5665083135391924 0.02521670606776988 0.03562945368171011
1 0.5027580772261623 0.5391923990498813 0.02521670606776988 0.04275534441805229
1 0.5397951142631994 0.581353919239905 0.025216706067769934 0.039192399049881255
1 0.5610717100078801 0.6383610451306414 0.047281323877068515 0.08432304038004756
1 0.5606776989755713 0.5380047505938241 0.022852639873916503 0.038004750593824244
1 0.5791962174940899 0.5528503562945368 0.02206461780929858 0.03681710213776723
1 0.6174152876280536 0.5570071258907363 0.030732860520094607 0.049881235154394354
1 0.6516942474389282 0.5985748218527316 0.04412923561859727 0.061757719714964354
1 0.6769109535066982 0.5492874109263658 0.026792750197005555 0.039192399049881255
1 0.710795902285264 0.6086698337292162 0.03940110323089052 0.06532066508313539
1 0.7194641449960599 0.5475059382422802 0.025216706067769823 0.04750593824228033
1 0.7454688731284476 0.5795724465558194 0.026792750197005555 0.04513064133016631
1 0.830575256107171 0.5985748218527316 0.03467297084318366 0.05700712589073631
1 0.8459416863672182 0.571852731591449 0.029156816390858986 0.04394299287410919
1 0.9440504334121356 0.586104513064133 0.03309692671394804 0.051068883610451365
