1 0.10636363636363635 0.626027397260274 0.05272727272727272 0.08493150684931505
1 0.14909090909090908 0.6561643835616439 0.05454545454545455 0.09589041095890405
1 0.19181818181818183 0.715068493150685 0.1 0.136986301369863
1 0.30727272727272725 0.8 0.10181818181818181 0.1534246575342465
1 0.24636363636363637 0.5835616438356164 0.04545454545454547 0.06027397260273981
1 0.3463636363636364 0.5739726027397261 0.034545454545454546 0.046575342465753455
1 0.4 0.5575342465753425 0.025454545454545452 0.046575342465753344
1 0.4354545454545454 0.5547945205479452 0.027272727272727282 0.046575342465753344
1 0.4636363636363636 0.6712328767123288 0.047272727272727244 0.0767123287671233
1 0.4709090909090909 0.6054794520547945 0.032727272727272716 0.049315068493150704
1 0.52 0.6027397260273972 0.032727272727272716 0.0547945205479452
1 0.5136363636363637 0.5712328767123287 0.027272727272727226 0.046575342465753455
1 0.5490909090909091 0.5082191780821919 0.021818181818181848 0.04109589041095896
1 0.5645454545454545 0.5835616438356165 0.030909090909090886 0.0547945205479452
1 0.5972727272727272 0.5794520547945206 0.030909090909090886 0.041095890410958846
1 0.6472727272727272 0.6616438356164384 0.050909090909090904 0.07945205479452055
1 0.7 0.8438356164383563 0.13818181818181818 0.2465753424657534
1 0.8272727272727273 0.6835616438356165 0.08363636363636373 0.12876712328767126
1 0.6945454545454546 0.6109589041095891 0.036363636363636376 0.07123287671232881
1 0.7318181818181818 0.5821917808219178 0.030909090909090997 0.046575342465753344
