1 0.07247037374658158 0.2728731942215088 0.015496809480401094 0.03531300160513645
1 0.394257064721969 0.1492776886035313 0.01914311759343662 0.03852327447833065
1 0.3951686417502279 0.19743178170144463 0.011850501367365596 0.028892455858748
1 0.4402917046490429 0.21669341894060995 0.014585232452142216 0.02247191011235955
1 0.4316317228805834 0.1709470304975923 0.024612579762989972 0.040128410914927776
1 0.6125797629899726 0.1115569823434992 0.010938924339106704 0.020866773675762437
1 0.6517775752051048 0.13001605136436598 0.012762078395624377 0.01926163723916531
1 0.6362807657247037 0.14847512038523275 0.012762078395624377 0.02086677367576245
1 0.6513217866909754 0.16051364365971107 0.01185050136736554 0.019261637239165352
1 0.7497721057429352 0.15168539325842695 0.013673655423883324 0.024077046548956677
1 0.7675478577939836 0.1548956661316212 0.014585232452142272 0.027287319422150874
1 0.8226982680036463 0.2664526484751204 0.019143117593436676 0.05136436597110752
1 0.8682771194165907 0.19743178170144463 0.01185050136736554 0.0321027287319422
1 0.8910665451230629 0.26003210272873195 0.019143117593436676 0.03852327447833062
1 0.9165907019143118 0.2552166934189406 0.019143117593436565 0.0449438202247191
1 0.9389243391066545 0.20224719101123595 0.012762078395624377 0.03531300160513645
