1 0.02879901960784314 0.44378063725490197 0.0559640522875817 0.05729166666666663
1 0.09967320261437909 0.452359068627451 0.08006535947712418 0.08670343137254904
1 0.16380718954248366 0.46660539215686275 0.07761437908496732 0.058210784313725505
1 0.20118464052287582 0.43443627450980393 0.04616013071895425 0.030637254901960786
1 0.18198529411764708 0.41268382352941174 0.03553921568627452 0.033700980392156854
1 0.2992238562091504 0.42371323529411764 0.04616013071895425 0.033700980392156854
1 0.3366013071895425 0.3829656862745098 0.03104575163398693 0.027573529411764663
1 0.3698937908496732 0.4453125 0.051879084967320244 0.04993872549019607
1 0.4054330065359477 0.39675245098039214 0.035539215686274495 0.028799019607843146
1 0.5279820261437909 0.4365808823529412 0.0625 0.0533088235294118
1 0.4863153594771242 0.39169730392156865 0.03962418300653592 0.032781862745098034
1 0.630718954248366 0.4453125 0.05065359477124187 0.0376838235294118
1 0.579656862745098 0.46308210784313725 0.04656862745098034 0.040747549019607865
1 0.4387254901960784 0.46476715686274506 0.053104575163398726 0.052083333333333315
1 0.5816993464052287 0.3897058823529412 0.03431372549019607 0.030637254901960786
1 0.43933823529411764 0.6020220588235294 0.1090686274509804 0.10232843137254899
1 0.7681781045751634 0.6919424019607843 0.14828431372549022 0.11243872549019607
1 0.9599673202614378 0.6012561274509804 0.08006535947712423 0.0824142156862745
1 0.8037173202614378 0.5412071078431373 0.09681372549019607 0.08670343137254904
1 0.6993464052287581 0.5029105392156863 0.07352941176470595 0.06341911764705888
1 0.7996323529411764 0.4085477941176471 0.047794117647058765 0.0358455882352941
1 0.8988970588235294 0.44378063725490197 0.047794117647058876 0.046875
1 0.8363970588235294 0.49371936274509803 0.05024509803921573 0.04503676470588236
1 0.8764297385620915 0.508578431372549 0.07066993464052285 0.0643382352941177
1 0.9440359477124183 0.45496323529411764 0.028594771241830075 0.03247549019607843
