1 0.08839050131926121 0.64140625 0.02902374670184696 0.04843750000000002
1 0.11829375549692173 0.60859375 0.03605980650835533 0.06093749999999998
1 0.10290237467018469 0.571875 0.03342128408091469 0.059374999999999956
1 0.2836411609498681 0.53515625 0.09234828496042216 0.22031249999999997
1 0.3447669305189094 0.48515625 0.029903254177660543 0.04531249999999998
1 0.3781882145998241 0.5140625 0.0316622691292876 0.05312500000000003
1 0.39973614775725597 0.5109375 0.018469656992084416 0.04375000000000001
1 0.41424802110817943 0.68828125 0.05628847845206686 0.10468749999999993
1 0.3944591029023746 0.6625 0.03605980650835533 0.06562500000000004
1 0.4573438874230431 0.49609375 0.024626209322779258 0.04531250000000003
1 0.5101143359718557 0.50234375 0.0228671943711522 0.04218749999999999
1 0.5549692172383465 0.54296875 0.024626209322779258 0.04843749999999991
1 0.5782761653474054 0.490625 0.0237467018469657 0.05312500000000003
1 0.5967458223394899 0.52265625 0.025505716798592815 0.0390625
1 0.6116974494283202 0.49453125 0.0237467018469657 0.06093750000000003
1 0.6323658751099384 0.49921875 0.022867194371152144 0.04843750000000002
1 0.6706244503078276 0.47734374999999996 0.03430079155672827 0.07343749999999999
1 0.6992084432717678 0.48750000000000004 0.02638522427440637 0.05937500000000001
1 0.7141600703605981 0.50078125 0.028144239226033485 0.06718750000000007
1 0.7480211081794195 0.49765625 0.036059806508355385 0.06718750000000001
1 0.7871591908531222 0.4875 0.033421284080914715 0.06874999999999998
1 0.8113456464379947 0.4859375 0.025505716798592704 0.06562500000000004
