1 0.015625 0.526377491207503 0.026562500000000003 0.09847596717467766
1 0.0546875 0.5457209847596718 0.040624999999999994 0.0808909730363424
1 0.09765625 0.5158264947245017 0.05625000000000001 0.08675263774912073
1 0.15546875 0.518757327080891 0.053125000000000006 0.07151230949589688
1 0.149609375 0.2924970691676436 0.052343749999999994 0.07151230949589682
1 0.250390625 0.4894490035169988 0.04921875000000003 0.08323563892145369
1 0.319140625 0.4953106682297772 0.04140624999999998 0.08323563892145364
1 0.40859375 0.4847596717467761 0.04062499999999997 0.07620164126611961
1 0.462109375 0.48827667057444313 0.04140624999999998 0.07385697538100827
1 0.5484374999999999 0.5070339976553342 0.04531249999999998 0.07854630715123101
1 0.623046875 0.4794841735052755 0.05703125000000009 0.08675263774912079
1 0.823046875 0.35990621336459555 0.11953124999999998 0.20867526377491208
1 0.8578125000000001 0.08792497069167643 0.10781249999999998 0.16647127784290738
