1 0.025454545454545455 0.5835616438356164 0.04727272727272727 0.07123287671232881
1 0.07363636363636364 0.6136986301369862 0.056363636363636366 0.07123287671232881
1 0.06272727272727273 0.5643835616438356 0.03818181818181818 0.0547945205479452
1 0.06909090909090909 0.5328767123287672 0.02909090909090909 0.046575342465753455
1 0.11545454545454545 0.5328767123287672 0.027272727272727268 0.046575342465753455
1 0.13090909090909092 0.510958904109589 0.025454545454545466 0.03561643835616446
1 0.1490909090909091 0.5013698630136987 0.02181818181818182 0.0328767123287671
1 0.12636363636363634 0.6602739726027398 0.08909090909090908 0.11506849315068501
1 0.19727272727272727 0.6356164383561644 0.11090909090909093 0.1424657534246575
1 0.19727272727272727 0.526027397260274 0.027272727272727282 0.043835616438356095
1 0.2309090909090909 0.5273972602739726 0.04000000000000001 0.07397260273972606
1 0.3054545454545455 0.5068493150684932 0.018181818181818188 0.043835616438356206
1 0.3236363636363636 0.510958904109589 0.02909090909090911 0.05753424657534245
1 0.3181818181818182 0.4712328767123287 0.029090909090909056 0.03835616438356165
1 0.39454545454545453 0.5287671232876712 0.06181818181818183 0.10410958904109585
1 0.43454545454545457 0.45890410958904104 0.021818181818181792 0.0410958904109589
1 0.5045454545454545 0.5178082191780822 0.08909090909090905 0.1589041095890411
1 0.5427272727272727 0.473972602739726 0.049090909090909074 0.0821917808219178
1 0.6827272727272726 0.40273972602739727 0.06727272727272726 0.1150684931506849
