1 0.2782118055555556 0.6111653645833333 0.0642361111111111 0.09928385416666663
1 0.193359375 0.5836588541666666 0.060329861111111105 0.103515625
1 0.0771484375 0.5654296875 0.05186631944444445 0.09244791666666674
1 0.0625 0.47298177083333337 0.0234375 0.042317708333333315
1 0.12434895833333334 0.4459635416666667 0.017795138888888895 0.025390625
1 0.1372612847222222 0.47216796875 0.023654513888888867 0.03352864583333337
1 0.1459418402777778 0.455078125 0.015842013888888867 0.02994791666666663
1 0.17545572916666669 0.45442708333333337 0.018446180555555552 0.029947916666666685
1 0.1859809027777778 0.45149739583333337 0.010850694444444448 0.024088541666666685
1 0.20540364583333334 0.46940104166666663 0.023654513888888895 0.038411458333333315
1 0.212890625 0.45345052083333337 0.01605902777777779 0.024739583333333315
1 0.22569444444444445 0.4576822916666667 0.01909722222222221 0.03125
1 0.232421875 0.47786458333333337 0.02647569444444442 0.046223958333333315
1 0.23014322916666666 0.4443359375 0.011935763888888895 0.02408854166666663
1 0.24674479166666669 0.45963541666666663 0.019531250000000028 0.034505208333333315
1 0.2879774305555556 0.47623697916666663 0.020399305555555525 0.035807291666666685
1 0.28483072916666663 0.45100911458333337 0.014973958333333315 0.021809895833333315
1 0.3008897569444444 0.45426432291666663 0.013671875 0.023763020833333315
1 0.3254123263888889 0.45882161458333337 0.017578125 0.030924479166666685
1 0.36100260416666663 0.5262044270833333 0.035807291666666685 0.06022135416666663
1 0.3783637152777778 0.47965494791666663 0.014973958333333315 0.029622395833333315
1 0.39290364583333337 0.4736328125 0.022352430555555525 0.0390625
1 0.3657769097222222 0.47135416666666663 0.016276041666666685 0.026041666666666685
1 0.3572048611111111 0.4630533854166667 0.01302083333333337 0.0224609375
1 0.35373263888888884 0.44954427083333337 0.013888888888888895 0.022135416666666685
1 0.3299696180555556 0.44905598958333337 0.012369791666666685 0.019205729166666685
1 0.3993055555555556 0.45393880208333337 0.01171875 0.021809895833333315
1 0.4057074652777778 0.4599609375 0.01019965277777779 0.02278645833333337
1 0.4167751736111111 0.4715169270833333 0.01844618055555558 0.0263671875
1 0.4445529513888889 0.47477213541666663 0.02105034722222221 0.033528645833333315
1 0.4575737847222222 0.46565755208333337 0.01410590277777779 0.025065104166666685
1 0.4490017361111111 0.45670572916666663 0.01128472222222221 0.016276041666666685
1 0.4555121527777778 0.4503580729166667 0.013020833333333315 0.0205078125
1 0.4777560763888889 0.47493489583333337 0.02191840277777779 0.036458333333333315
1 0.4734157986111111 0.45735677083333337 0.01236979166666663 0.024088541666666685
1 0.4849175347222222 0.45686848958333337 0.009765625 0.017903645833333315
1 0.4926215277777778 0.46256510416666663 0.009982638888888895 0.018880208333333315
1 0.49153645833333337 0.44921875 0.010850694444444475 0.01888020833333337
1 0.5054253472222222 0.455078125 0.00868055555555558 0.01822916666666663
1 0.5146484375 0.46419270833333337 0.01236979166666674 0.026041666666666685
1 0.4828559027777778 0.54931640625 0.04557291666666674 0.08626302083333326
1 0.5885416666666667 0.6940104166666666 0.07942708333333337 0.12109375
1 0.5542534722222223 0.5201822916666666 0.02777777777777779 0.046874999999999944
1 0.5467664930555556 0.49544270833333337 0.01888020833333337 0.030598958333333315
1 0.5442708333333333 0.46402994791666663 0.01519097222222221 0.027018229166666685
1 0.5296223958333333 0.45703125 0.01150173611111105 0.01953125
1 0.5520833333333334 0.4541015625 0.0078125 0.01302083333333337
1 0.5590277777777778 0.458984375 0.01041666666666674 0.02083333333333337
1 0.5692274305555556 0.455078125 0.00824652777777779 0.015625
1 0.5793185763888888 0.4541015625 0.01193576388888895 0.021484375
1 0.5840928819444444 0.47037760416666663 0.01627604166666663 0.028645833333333315
1 0.6219618055555556 0.5413411458333333 0.03428819444444442 0.04361979166666663
1 0.6620008680555556 0.5107421875 0.03016493055555558 0.048177083333333315
1 0.7335069444444444 0.54541015625 0.03428819444444442 0.05305989583333326
1 0.8399522569444444 0.5966796875 0.05403645833333337 0.07486979166666674
1 0.8247612847222222 0.51708984375 0.029296875 0.044596354166666685
1 0.8816189236111112 0.5511067708333333 0.03190104166666663 0.04557291666666663
1 0.9059244791666667 0.5320638020833334 0.03059895833333337 0.0478515625
1 0.9397786458333334 0.48291015625 0.009765625 0.02180989583333337
1 0.9283854166666666 0.486328125 0.01171875 0.02278645833333337
1 0.9123263888888888 0.484375 0.01171875 0.02083333333333337
1 0.8971354166666667 0.4873046875 0.01302083333333337 0.021484375
1 0.9027777777777778 0.47770182291666663 0.01041666666666674 0.017252604166666685
1 0.8814019097222222 0.4822591145833333 0.01280381944444442 0.0185546875
1 0.8692491319444444 0.4734700520833333 0.01063368055555558 0.0166015625
1 0.8631727430555556 0.48160807291666663 0.01019965277777779 0.017903645833333315
1 0.8542751736111112 0.48909505208333337 0.01453993055555547 0.025716145833333315
1 0.8423394097222222 0.47542317708333337 0.01150173611111116 0.017903645833333315
1 0.8293185763888888 0.48046875 0.01323784722222221 0.0234375
1 0.8136935763888888 0.47281901041666663 0.01106770833333337 0.019856770833333315
1 0.8008897569444444 0.4765625 0.013671875 0.02473958333333337
1 0.7927517361111112 0.4763997395833333 0.01345486111111105 0.0263671875
1 0.7837456597222223 0.4775390625 0.01019965277777779 0.017578125
1 0.7621527777777778 0.47900390625 0.01345486111111116 0.02571614583333337
1 0.6976996527777777 0.46484375 0.01215277777777779 0.021484375
1 0.6077473958333333 0.45865885416666663 0.01019965277777779 0.014973958333333315
1 0.6272786458333333 0.46272786458333337 0.01236979166666663 0.017252604166666685
1 0.6399739583333333 0.4625651041666667 0.01128472222222221 0.021484375
1 0.6495225694444444 0.46647135416666663 0.01085069444444442 0.020182291666666685
1 0.662109375 0.46305338541666663 0.01085069444444442 0.019205729166666685
1 0.6868489583333333 0.46158854166666663 0.01215277777777779 0.018880208333333315
