1 0.20166666666666666 0.37749999999999995 0.03666666666666668 0.065
1 0.20500000000000002 0.33999999999999997 0.03 0.04999999999999999
1 0.29500000000000004 0.38 0.03666666666666668 0.07
1 0.29000000000000004 0.5025000000000001 0.06 0.10500000000000004
1 0.36333333333333334 0.445 0.046666666666666634 0.08999999999999997
1 0.3466666666666667 0.3375 0.033333333333333326 0.05499999999999999
1 0.31 0.31 0.026666666666666616 0.050000000000000044
1 0.435 0.3025 0.043333333333333335 0.05499999999999999
1 0.45333333333333337 0.3725 0.03999999999999998 0.08499999999999996
1 0.425 0.26 0.030000000000000027 0.040000000000000036
1 0.5066666666666666 0.2375 0.033333333333333326 0.05500000000000002
1 0.5266666666666666 0.39249999999999996 0.053333333333333344 0.09500000000000003
1 0.43333333333333335 0.6525 0.08666666666666667 0.15500000000000003
1 0.6516666666666666 0.2425 0.043333333333333335 0.07500000000000004
1 0.7733333333333334 0.3725 0.07333333333333336 0.14500000000000002
1 0.9033333333333333 0.3325 0.06666666666666665 0.11499999999999999
