1 0.15951492537313433 0.47536945812807885 0.042910447761194015 0.0640394088669951
1 0.27005597014925375 0.2742200328407225 0.021455223880597007 0.03612479474548436
1 0.2835820895522388 0.2380952380952381 0.018656716417910446 0.0394088669950739
1 0.31669776119402987 0.2413793103448276 0.025186567164179108 0.0394088669950739
1 0.332089552238806 0.21921182266009853 0.016791044776119424 0.027914614121510667
1 0.3395522388059702 0.2561576354679803 0.022388059701492546 0.03612479474548441
1 0.3530783582089552 0.2315270935960591 0.013992537313432862 0.042692939244663414
1 0.3852611940298507 0.19047619047619047 0.02052238805970147 0.0328407224958949
1 0.36847014925373134 0.24302134646962234 0.020522388059701524 0.0394088669950739
1 0.3880597014925373 0.2520525451559934 0.016791044776119368 0.047619047619047616
1 0.4123134328358209 0.2520525451559934 0.020522388059701524 0.047619047619047616
1 0.4076492537313433 0.18555008210180624 0.016791044776119424 0.032840722495894925
1 0.4449626865671642 0.17323481116584566 0.016791044776119424 0.031198686371100154
1 0.45195895522388063 0.15435139573070605 0.013992537313432807 0.022988505747126436
1 0.45848880597014924 0.22495894909688013 0.019589552238805985 0.04597701149425287
1 0.4822761194029851 0.22742200328407225 0.02425373134328357 0.057471264367816105
1 0.4822761194029851 0.15106732348111657 0.014925373134328346 0.02955665024630541
1 0.5331156716417911 0.1748768472906404 0.019589552238805985 0.037766830870279156
1 0.5242537313432836 0.21510673234811167 0.027985074626865725 0.052545155993431875
1 0.5027985074626866 0.20853858784893267 0.020522388059701524 0.03612479474548441
1 0.5592350746268657 0.15517241379310343 0.019589552238805985 0.027914614121510667
1 0.5620335820895522 0.12151067323481116 0.017723880597015018 0.039408866995073885
1 0.554570895522388 0.25041050903119866 0.021455223880597063 0.03448275862068967
1 0.5181902985074627 0.2939244663382594 0.028917910447761264 0.04926108374384236
1 0.5904850746268657 0.12315270935960591 0.018656716417910446 0.022988505747126436
1 0.5942164179104478 0.1592775041050903 0.014925373134328401 0.0394088669950739
1 0.5792910447761195 0.16995073891625617 0.016791044776119368 0.03776683087027913
1 0.6166044776119404 0.20279146141215107 0.022388059701492602 0.047619047619047616
1 0.6166044776119404 0.1502463054187192 0.01492537313432829 0.03448275862068964
1 0.6082089552238805 0.12561576354679804 0.016791044776119368 0.021346469622331693
1 0.6333955223880596 0.13464696223316913 0.020522388059701524 0.0394088669950739
1 0.625 0.24466338259441708 0.020522388059701413 0.03612479474548441
1 0.5755597014925373 0.2865353037766831 0.029850746268656803 0.0509031198686371
1 0.6357276119402986 0.3136288998357964 0.028917910447761153 0.059113300492610876
1 0.6534514925373134 0.20361247947454844 0.019589552238805985 0.03612479474548441
1 0.6464552238805971 0.2372742200328407 0.02425373134328357 0.047619047619047644
1 0.6763059701492538 0.2586206896551724 0.026119402985074647 0.05747126436781608
1 0.6669776119402986 0.12151067323481116 0.020522388059701524 0.039408866995073885
1 0.7150186567164178 0.13464696223316913 0.019589552238805985 0.0394088669950739
1 0.6940298507462687 0.15106732348111657 0.01679104477611948 0.02955665024630541
1 0.6800373134328358 0.2134646962233169 0.026119402985074647 0.04926108374384236
1 0.6963619402985075 0.2372742200328407 0.02332089552238814 0.05418719211822662
1 0.7140858208955223 0.18226600985221675 0.021455223880597063 0.029556650246305438
1 0.7350746268656716 0.1986863711001642 0.020522388059701524 0.04597701149425287
1 0.7439365671641791 0.14860426929392448 0.017723880597015018 0.04761904761904763
1 0.7639925373134329 0.13628899835796388 0.016791044776119368 0.026272577996715937
1 0.7644589552238805 0.16830870279146143 0.019589552238805985 0.03448275862068964
1 0.7691231343283582 0.21018062397372742 0.02332089552238803 0.04926108374384236
1 0.7649253731343284 0.2627257799671593 0.026119402985074647 0.05254515599343185
1 0.7238805970149254 0.2733990147783251 0.027985074626865725 0.05090311986863713
1 0.7859141791044777 0.1444991789819376 0.017723880597014907 0.0328407224958949
1 0.7999067164179104 0.1691297208538588 0.019589552238805874 0.0328407224958949
1 0.8269589552238805 0.15188834154351394 0.017723880597014907 0.031198686371100154
1 0.8246268656716418 0.2134646962233169 0.018656716417910446 0.042692939244663386
1 0.8414179104477613 0.18719211822660098 0.018656716417910446 0.0394088669950739
1 0.840018656716418 0.32101806239737274 0.025186567164179108 0.047619047619047616
1 0.8568097014925373 0.25041050903119866 0.019589552238805985 0.04105090311986864
1 0.857276119402985 0.16420361247947454 0.018656716417910446 0.04597701149425287
1 0.8894589552238805 0.16091954022988506 0.01585820895522383 0.03612479474548441
1 0.8787313432835822 0.17980295566502463 0.018656716417910446 0.047619047619047616
1 0.8992537313432836 0.2044334975369458 0.02238805970149249 0.03448275862068967
1 0.9085820895522387 0.23399014778325122 0.016791044776119368 0.04433497536945816
1 0.9342350746268657 0.25369458128078815 0.027052238805970075 0.05418719211822659
1 0.396455223880597 0.22085385878489328 0.020522388059701524 0.04105090311986864
1 0.3022388059701493 0.24548440065681446 0.014925373134328346 0.03119868637110018
1 0.4673507462686567 0.17569786535303777 0.016791044776119424 0.042692939244663386
