1 0.06153846153846154 0.42626728110599077 0.08 0.12442396313364057
1 0.1523076923076923 0.4147465437788018 0.10153846153846154 0.1474654377880184
1 0.2692307692307692 0.42626728110599077 0.07076923076923078 0.10599078341013823
1 0.32153846153846155 0.4285714285714286 0.03999999999999998 0.0829493087557604
1 0.36 0.45161290322580644 0.03692307692307695 0.055299539170506895
1 0.4076923076923077 0.39400921658986177 0.0707692307692308 0.10599078341013823
1 0.44 0.44009216589861755 0.03076923076923077 0.06912442396313362
1 0.46153846153846156 0.4539170506912442 0.04307692307692307 0.06912442396313362
1 0.5492307692307692 0.4447004608294931 0.058461538461538454 0.09677419354838707
1 0.6230769230769231 0.423963133640553 0.04615384615384621 0.08294930875576034
1 0.6430769230769231 0.38018433179723504 0.03692307692307695 0.05069124423963134
1 0.7 0.45852534562211983 0.0461538461538461 0.08755760368663601
1 0.8215384615384616 0.3456221198156682 0.10461538461538455 0.1751152073732719
1 0.9246153846153846 0.37557603686635943 0.0707692307692307 0.12442396313364057
