1 0.8873456790123457 0.15335753176043557 0.011316872427983626 0.030852994555353896
1 0.918724279835391 0.16878402903811252 0.012345679012345734 0.029038112522686038
1 0.9459876543209877 0.1969147005444646 0.013374485596707841 0.03448275862068967
1 0.9053497942386831 0.176043557168784 0.014403292181069949 0.03629764065335753
1 0.8888888888888888 0.22232304900181488 0.016460905349794275 0.04174228675136116
1 0.9295267489711934 0.26497277676951 0.01748971193415627 0.04718693284936479
1 0.9212962962962963 0.32214156079854805 0.019547325102880597 0.05626134301270419
1 0.8775720164609053 0.30036297640653353 0.01851851851851849 0.049001814882032646
1 0.8497942386831276 0.14972776769509982 0.012345679012345623 0.030852994555353896
1 0.8564814814814814 0.1842105263157895 0.015432098765432056 0.03811252268602541
1 0.8693415637860082 0.1724137931034483 0.014403292181069949 0.03629764065335753
1 0.9341563786008231 0.23956442831215968 0.016460905349794275 0.043557168784029016
1 0.8333333333333334 0.16787658802177857 0.014403292181069949 0.03448275862068964
1 0.8467078189300412 0.20871143375680581 0.016460905349794275 0.03992740471869327
1 0.838991769547325 0.3539019963702359 0.02777777777777779 0.06896551724137928
1 0.8564814814814814 0.32304900181488205 0.021604938271604923 0.06170598911070779
1 0.7613168724279835 0.12613430127041741 0.012345679012345734 0.027223230490018152
1 0.7890946502057613 0.1352087114337568 0.012345679012345734 0.027223230490018152
1 0.7536008230452675 0.17150635208711434 0.013374485596707841 0.030852994555353896
1 0.7705761316872428 0.14972776769509982 0.010288065843621408 0.030852994555353896
1 0.7896090534979423 0.17876588021778583 0.013374485596707841 0.03811252268602541
1 0.7988683127572016 0.1969147005444646 0.015432098765432056 0.04537205081669693
1 0.8081275720164609 0.1569872958257713 0.011316872427983515 0.030852994555353924
1 0.8173868312757202 0.1878402903811252 0.015432098765432056 0.0453720508166969
1 0.7973251028806585 0.26497277676951 0.01851851851851849 0.05444646098003633
1 0.8137860082304527 0.2531760435571688 0.0185185185185186 0.052631578947368446
1 0.757201646090535 0.3312159709618875 0.026748971193415683 0.07078039927404722
1 0.727366255144033 0.23502722323049002 0.01851851851851849 0.0490018148820327
1 0.7052469135802469 0.20871143375680581 0.017489711934156382 0.03266787658802178
1 0.7103909465020577 0.1660617059891107 0.013374485596707841 0.03811252268602541
1 0.7242798353909465 0.14065335753176045 0.012345679012345623 0.03448275862068964
1 0.6944444444444444 0.1206896551724138 0.012345679012345734 0.027223230490018152
1 0.6754115226337449 0.1161524500907441 0.00925925925925919 0.02540834845735028
1 0.6496913580246914 0.0998185117967332 0.0092592592592593 0.021778584392014508
1 0.6198559670781894 0.09618874773139746 0.00925925925925919 0.02177858439201452
1 0.6352880658436214 0.11978221415607986 0.011316872427983515 0.025408348457350266
1 0.6610082304526749 0.13157894736842105 0.0092592592592593 0.023593466424682394
1 0.6630658436213992 0.1842105263157895 0.013374485596707841 0.03448275862068964
1 0.676954732510288 0.21143375680580762 0.016460905349794275 0.04174228675136116
1 0.6759259259259259 0.2595281306715064 0.020576131687242816 0.04355716878402907
1 0.6831275720164609 0.3312159709618875 0.028806584362139898 0.07078039927404722
1 0.6383744855967077 0.2912885662431942 0.02777777777777779 0.06352087114337568
1 0.5606995884773662 0.12068965517241378 0.008230452674897082 0.023593466424682394
1 0.581275720164609 0.13611615245009073 0.010288065843621408 0.03266787658802177
1 0.6003086419753086 0.13430127041742287 0.015432098765432167 0.029038112522686024
1 0.6121399176954732 0.11978221415607986 0.010288065843621408 0.029038112522686038
1 0.625 0.1515426497277677 0.01337448559670773 0.030852994555353924
1 0.6121399176954733 0.16424682395644283 0.012345679012345734 0.03448275862068967
1 0.6378600823045267 0.1969147005444646 0.016460905349794164 0.04174228675136116
1 0.6424897119341564 0.2441016333938294 0.019547325102880597 0.049001814882032674
1 0.5982510288065843 0.23502722323049002 0.019547325102880708 0.04174228675136116
1 0.587962962962963 0.2813067150635209 0.023662551440329138 0.054446460980036304
1 0.5324074074074074 0.26497277676951 0.021604938271604923 0.05081669691470056
1 0.5092592592592593 0.20871143375680581 0.01851851851851849 0.04355716878402904
1 0.5246913580246914 0.12704174228675136 0.010288065843621297 0.02540834845735028
1 0.5421810699588477 0.147005444646098 0.014403292181069949 0.03629764065335753
1 0.5529835390946503 0.16696914700544463 0.015432098765432056 0.03629764065335753
1 0.5385802469135802 0.17695099818511795 0.017489711934156382 0.03811252268602541
1 0.4228395061728395 0.14972776769509982 0.010288065843621408 0.023593466424682408
1 0.44495884773662553 0.16878402903811252 0.013374485596707841 0.029038112522686038
1 0.46296296296296297 0.1778584392014519 0.014403292181069949 0.029038112522686038
1 0.4814814814814815 0.1851179673321234 0.014403292181070004 0.03992740471869327
1 0.4794238683127572 0.12704174228675136 0.008230452674897137 0.02177858439201452
1 0.5041152263374485 0.13430127041742285 0.010288065843621463 0.025408348457350266
1 0.5025720164609053 0.15063520871143377 0.013374485596707841 0.029038112522686038
1 0.4516460905349794 0.20689655172413793 0.01646090534979422 0.04355716878402904
1 0.41100823045267487 0.21597096188747733 0.015432098765432112 0.0399274047186933
1 0.32304526748971196 0.1896551724137931 0.012345679012345678 0.030852994555353896
1 0.3179012345679012 0.2295825771324864 0.014403292181070004 0.030852994555353896
1 0.3544238683127572 0.1969147005444646 0.013374485596707786 0.030852994555353896
1 0.1867283950617284 0.37477313974591653 0.04012345679012347 0.08892921960072597
1 0.7083333333333333 0.11796733212341198 0.00925925925925919 0.018148820326678763
