1 0.042578124999999994 0.7 0.04296874999999999 0.08611111111111114
1 0.022265625 0.6680555555555556 0.03671875 0.07777777777777783
1 0.0859375 0.7305555555555556 0.049999999999999996 0.10277777777777775
1 0.14453125 0.7694444444444445 0.0625 0.12777777777777777
1 0.22499999999999998 0.8409722222222222 0.07031249999999997 0.1347222222222222
1 0.23828125 0.6611111111111111 0.03125 0.061111111111111116
1 0.29140625 0.6645833333333333 0.03750000000000003 0.06527777777777777
1 0.33984375 0.6513888888888889 0.028124999999999956 0.06388888888888888
1 0.36953125 0.69375 0.03750000000000003 0.07361111111111107
1 0.38203125 0.5055555555555555 0.0234375 0.05833333333333335
1 0.410546875 0.6826388888888889 0.03359375000000003 0.0625
1 0.408203125 0.6548611111111111 0.030468750000000044 0.04861111111111116
1 0.445703125 0.8298611111111112 0.07265625000000003 0.13750000000000007
1 0.325 0.9222222222222223 0.1015625 0.15555555555555556
1 0.446875 0.7118055555555556 0.03593750000000001 0.09305555555555556
1 0.450390625 0.6645833333333333 0.028906250000000022 0.05138888888888893
1 0.4640625 0.6604166666666667 0.03125 0.05972222222222223
1 0.5347656249999999 0.6402777777777777 0.03359374999999998 0.05833333333333324
1 0.522265625 0.6881944444444444 0.03671875000000002 0.0708333333333333
1 0.590625 0.7958333333333334 0.05937500000000007 0.10277777777777775
1 0.5734375 0.7305555555555556 0.046875 0.0888888888888889
1 0.6265624999999999 0.7138888888888889 0.03749999999999998 0.08055555555555549
1 0.6 0.6506944444444445 0.028124999999999956 0.06527777777777777
1 0.58125 0.6534722222222222 0.021874999999999978 0.056944444444444464
1 0.623046875 0.6381944444444445 0.022656250000000044 0.04861111111111105
1 0.661328125 0.6923611111111111 0.03515625 0.06805555555555554
1 0.6515625 0.6604166666666667 0.026562499999999933 0.04861111111111116
1 0.721484375 0.6861111111111111 0.03671875000000002 0.05555555555555558
1 0.71328125 0.6513888888888889 0.028124999999999956 0.047222222222222276
1 0.6859375 0.7701388888888889 0.051562499999999956 0.09305555555555556
1 0.755859375 0.8458333333333333 0.07109374999999996 0.1333333333333333
1 0.7593749999999999 0.7597222222222222 0.05312499999999998 0.09166666666666667
1 0.7562500000000001 0.6972222222222222 0.04062500000000002 0.05833333333333335
1 0.783984375 0.6743055555555556 0.03203125000000007 0.05972222222222223
1 0.8546875 0.8305555555555555 0.06093749999999998 0.13888888888888895
1 0.92578125 0.8590277777777777 0.11406249999999996 0.2069444444444445
1 0.8746093749999999 0.7409722222222221 0.04921874999999998 0.07638888888888895
1 0.869140625 0.6881944444444444 0.03671874999999991 0.07361111111111107
1 0.9449218749999999 0.7229166666666667 0.04921874999999998 0.08472222222222214
1 0.9761718749999999 0.7930555555555556 0.04453125000000002 0.11111111111111105
1 0.980859375 0.7180555555555556 0.038281250000000044 0.07499999999999996
