1 0.35 0.6331719128329298 0.04181818181818181 0.07506053268765134
1 0.6954545454545455 0.6549636803874093 0.038181818181818206 0.060532687651331796
1 0.028181818181818183 0.4685230024213075 0.04181818181818182 0.05569007263922521
1 0.07454545454545455 0.5181598062953995 0.03272727272727273 0.04358353510895879
1 0.10272727272727272 0.47336561743341404 0.0309090909090909 0.041162227602905554
1 0.14545454545454545 0.46973365617433416 0.029090909090909084 0.04842615012106538
1 0.15 0.4346246973365617 0.023636363636363622 0.03631961259079902
1 0.17181818181818181 0.45278450363196127 0.027272727272727282 0.03874092009685226
1 0.21181818181818182 0.47215496368038745 0.034545454545454546 0.04842615012106538
1 0.22636363636363638 0.4394673123486683 0.027272727272727254 0.04116222760290561
1 0.26181818181818184 0.49515738498789347 0.032727272727272744 0.05084745762711862
1 0.2709090909090909 0.4467312348668281 0.025454545454545452 0.041162227602905554
1 0.3109090909090909 0.4721549636803874 0.036363636363636376 0.053268765133171914
1 0.3236363636363636 0.437046004842615 0.02909090909090911 0.04600484261501214
1 0.3609090909090909 0.4757869249394673 0.034545454545454546 0.04600484261501209
1 0.37 0.4285714285714286 0.030909090909090886 0.04842615012106538
1 0.38 0.39830508474576276 0.025454545454545452 0.03631961259079902
1 0.34272727272727277 0.40072639225181594 0.023636363636363622 0.03631961259079902
1 0.2881818181818182 0.3970944309927361 0.027272727272727282 0.038740920096852316
1 0.23727272727272727 0.3934624697336562 0.027272727272727282 0.03631961259079908
1 0.23545454545454547 0.36077481840193704 0.02363636363636365 0.03389830508474578
1 0.2309090909090909 0.3196125907990315 0.029090909090909084 0.03389830508474578
1 0.18727272727272729 0.3559322033898305 0.025454545454545452 0.029055690072639195
1 0.1709090909090909 0.32929782082324455 0.029090909090909084 0.03874092009685226
1 0.14363636363636365 0.3704600484261501 0.025454545454545452 0.038740920096852316
1 0.09454545454545454 0.364406779661017 0.025454545454545452 0.04116222760290561
1 0.11 0.3365617433414043 0.030909090909090914 0.038740920096852316
1 0.2727272727272727 0.3498789346246973 0.025454545454545452 0.041162227602905554
1 0.2963636363636364 0.34019370460048426 0.021818181818181792 0.041162227602905554
1 0.3263636363636364 0.3414043583535109 0.027272727272727282 0.038740920096852316
1 0.34818181818181815 0.324455205811138 0.023636363636363622 0.03389830508474578
1 0.3790909090909091 0.34261501210653755 0.023636363636363678 0.04116222760290561
1 0.40454545454545454 0.32324455205811137 0.020000000000000018 0.041162227602905554
1 0.4309090909090909 0.3389830508474576 0.029090909090909056 0.038740920096852316
1 0.45272727272727276 0.3171912832929782 0.021818181818181792 0.038740920096852316
1 0.43 0.38740920096852305 0.023636363636363678 0.038740920096852316
1 0.4127272727272727 0.4430992736077482 0.025454545454545452 0.04358353510895885
1 0.4254545454545455 0.4709443099273608 0.036363636363636376 0.05569007263922515
1 0.4827272727272727 0.48426150121065376 0.034545454545454546 0.053268765133171914
1 0.4690909090909091 0.42736077481840196 0.02909090909090911 0.04600484261501209
1 0.48909090909090913 0.3910411622276029 0.025454545454545452 0.04600484261501209
1 0.4763636363636363 0.36077481840193704 0.025454545454545452 0.038740920096852316
1 0.49909090909090903 0.3389830508474576 0.023636363636363622 0.038740920096852316
1 0.530909090909091 0.3559322033898305 0.021818181818181848 0.03874092009685226
1 0.5390909090909091 0.3789346246973365 0.023636363636363678 0.03631961259079902
1 0.5254545454545454 0.42736077481840196 0.036363636363636265 0.050847457627118675
1 0.5427272727272727 0.48668280871670705 0.034545454545454546 0.0581113801452785
1 0.6163636363636363 0.4951573849878934 0.036363636363636376 0.06537530266343822
1 0.6881818181818182 0.49273607748184023 0.034545454545454546 0.06053268765133174
1 0.7663636363636364 0.48668280871670705 0.034545454545454546 0.0581113801452785
1 0.7854545454545454 0.42251815980629537 0.032727272727272716 0.05569007263922515
1 0.8463636363636364 0.4794188861985472 0.030909090909090886 0.05326876513317186
1 0.8554545454545455 0.437046004842615 0.030909090909090886 0.05569007263922521
1 0.9254545454545454 0.49878934624697335 0.032727272727272716 0.05811138014527839
1 0.9136363636363636 0.4430992736077482 0.030909090909090886 0.04358353510895885
1 0.9172727272727272 0.40556900726392253 0.023636363636363678 0.041162227602905554
1 0.9736363636363636 0.4261501210653753 0.034545454545454546 0.06295399515738498
1 0.980909090909091 0.35351089588377727 0.030909090909090886 0.058111380145278446
1 0.9509090909090909 0.33414043583535114 0.032727272727272716 0.058111380145278446
1 0.8772727272727273 0.39588377723970947 0.020000000000000018 0.03631961259079902
1 0.8527272727272728 0.3837772397094431 0.025454545454545507 0.05084745762711862
1 0.8945454545454545 0.36077481840193704 0.029090909090909056 0.038740920096852316
1 0.8836363636363636 0.3414043583535109 0.025454545454545507 0.038740920096852316
1 0.8200000000000001 0.3813559322033898 0.029090909090909167 0.04600484261501209
1 0.8254545454545454 0.3365617433414044 0.025454545454545396 0.03389830508474578
1 0.7990909090909091 0.35835351089588374 0.020000000000000018 0.03389830508474573
1 0.7818181818181817 0.3414043583535109 0.025454545454545507 0.038740920096852316
1 0.760909090909091 0.3789346246973366 0.023636363636363567 0.041162227602905554
1 0.7481818181818182 0.3547215496368039 0.023636363636363678 0.03631961259079902
1 0.7263636363636363 0.3220338983050848 0.027272727272727226 0.038740920096852316
1 0.7136363636363636 0.34624697336561744 0.027272727272727337 0.04358353510895885
1 0.7090909090909091 0.423728813559322 0.032727272727272716 0.053268765133171914
1 0.6945454545454546 0.3934624697336562 0.021818181818181848 0.03147699757869249
1 0.6709090909090909 0.35835351089588374 0.029090909090909056 0.038740920096852316
1 0.6618181818181819 0.33777239709443097 0.021818181818181848 0.02179176755447937
1 0.6463636363636364 0.43825665859564167 0.023636363636363678 0.04358353510895885
1 0.6409090909090909 0.39830508474576276 0.027272727272727226 0.03631961259079902
1 0.5981818181818181 0.43099273607748184 0.029090909090909056 0.048426150121065326
1 0.5881818181818181 0.3922518159806295 0.027272727272727226 0.03389830508474578
1 0.5827272727272728 0.3559322033898305 0.023636363636363678 0.03874092009685226
1 0.6072727272727273 0.34019370460048426 0.025454545454545396 0.041162227602905554
1 0.6318181818181818 0.3498789346246973 0.023636363636363678 0.04600484261501209
1 0.5527272727272727 0.3305084745762712 0.025454545454545396 0.03631961259079902
