1 0.18251410153102338 0.4705056179775281 0.050765511684125714 0.10393258426966295
1 0.6019339242546333 0.20154494382022473 0.016116035455277955 0.03230337078651685
1 0.6156325543916197 0.20997191011235955 0.017727639000805873 0.0294943820224719
1 0.629734085414988 0.22191011235955055 0.021756647864625278 0.030898876404494374
1 0.6522965350523771 0.21207865168539325 0.008863819500402825 0.0252808988764045
1 0.6631748589846898 0.22331460674157305 0.017727639000805873 0.030898876404494374
1 0.6704270749395649 0.22963483146067415 0.01450443190975026 0.0294943820224719
1 0.7405318291700242 0.2324438202247191 0.016116035455277955 0.0294943820224719
1 0.5451248992747784 0.21629213483146065 0.01692183722804186 0.033707865168539325
1 0.5584206285253828 0.25702247191011235 0.01450443190975026 0.030898876404494374
1 0.5874294923448831 0.23665730337078653 0.02256244963738918 0.03230337078651685
1 0.5423045930701047 0.28230337078651685 0.01772763900080576 0.0449438202247191
1 0.38839645447219984 0.25 0.016116035455277955 0.022471910112359578
1 0.4492344883158743 0.2422752808988764 0.015310233682514107 0.023876404494381998
1 0.5092667203867849 0.288623595505618 0.020950846091861375 0.03792134831460675
1 0.4951651893634166 0.2689606741573034 0.021756647864625334 0.029494382022471954
1 0.42224012892828366 0.2830056179775281 0.017727639000805817 0.0435393258426966
1 0.4053182917002417 0.2935393258426966 0.01611603545527801 0.03651685393258425
1 0.3513295729250604 0.29213483146067415 0.012892828364222397 0.0393258426966292
1 0.2840451248992748 0.2991573033707865 0.015310233682514107 0.03370786516853935
1 0.22280419016921837 0.3384831460674157 0.012087026591458494 0.030898876404494346
1 0.25705076551168415 0.3419943820224719 0.01611603545527801 0.0435393258426966
1 0.29371474617244153 0.3574438202247191 0.016921837228041914 0.0435393258426966
1 0.3154713940370669 0.3862359550561798 0.020145044319097527 0.04775280898876405
1 0.35173247381144235 0.324438202247191 0.016921837228041914 0.030898876404494402
1 0.37832393231265105 0.33286516853932585 0.0136986301369863 0.030898876404494402
1 0.40370668815471394 0.3314606741573034 0.016116035455277955 0.030898876404494346
1 0.44238517324738114 0.336376404494382 0.020950846091861375 0.040730337078651646
1 0.4625302175664786 0.30547752808988765 0.01611603545527801 0.0351123595505618
1 0.5016116035455278 0.3209269662921348 0.024979854955680836 0.040730337078651646
1 0.5874294923448831 0.3216292134831461 0.0273972602739726 0.04213483146067415
1 0.6248992747784046 0.2872191011235955 0.03142626913779212 0.0435393258426966
1 0.4943593875906527 0.3813202247191011 0.024979854955680947 0.05758426966292135
1 0.5358581788879935 0.3932584269662921 0.025785656728444795 0.05617977528089885
1 0.6023368251410153 0.42275280898876405 0.03626107977437554 0.061797752808988804
1 0.6385979049153908 0.3300561797752809 0.023368251410153196 0.0337078651685393
1 0.6486704270749395 0.3686797752808989 0.0273972602739726 0.049157303370786554
1 0.6821112006446415 0.3426966292134831 0.021756647864625278 0.04213483146067415
1 0.6567284448025785 0.4360955056179775 0.035455278001611634 0.06882022471910115
1 0.701047542304593 0.4676966292134832 0.03706688154713944 0.07865168539325845
1 0.7356970185334408 0.4023876404494382 0.035455278001611634 0.0435393258426966
1 0.7566478646253021 0.4410112359550562 0.03223207091055602 0.05337078651685395
1 0.7687348912167606 0.24508426966292135 0.01772763900080576 0.03230337078651688
1 0.6966156325543916 0.2542134831460674 0.013698630136986356 0.030898876404494374
1 0.6651893634165995 0.26615168539325845 0.01692183722804197 0.03511235955056183
1 0.7131345688960515 0.2823033707865169 0.014504431909750148 0.04213483146067415
1 0.7360999194198228 0.2773876404494382 0.018533440773569665 0.026685393258427004
1 0.757050765511684 0.2851123595505618 0.018533440773569665 0.042134831460674205
1 0.7945205479452055 0.2422752808988764 0.016116035455277955 0.0294943820224719
1 0.8235294117647058 0.25842696629213485 0.020950846091861375 0.033707865168539325
1 0.8017727639000807 0.2928370786516854 0.02256244963738918 0.03230337078651685
1 0.8344077356970185 0.3061797752808989 0.018533440773569776 0.039325842696629254
1 0.8489121676067688 0.2633426966292135 0.015310233682514052 0.0407303370786517
1 0.8565672844480258 0.25280898876404495 0.01450443190975026 0.04775280898876402
1 0.806607574536664 0.3370786516853933 0.017727639000805873 0.04213483146067415
1 0.7876712328767124 0.3595505617977528 0.021756647864625278 0.04213483146067415
1 0.8481063658340049 0.36587078651685395 0.02497985495568089 0.0547752808988764
1 0.8021756647864626 0.4803370786516854 0.02981466559226431 0.0702247191011236
1 0.8779210314262691 0.28230337078651685 0.01692183722804186 0.0365168539325843
1 0.8678485092667203 0.3202247191011236 0.01772763900080576 0.0393258426966292
1 0.9165995165189363 0.26474719101123595 0.020145044319097583 0.03792134831460678
1 0.8746978243352135 0.3925561797752809 0.023368251410153085 0.0463483146067416
1 0.9024979854955681 0.3595505617977528 0.016116035455277955 0.050561797752809
1 0.9161966156325544 0.3103932584269663 0.016116035455278066 0.02247191011235955
1 0.8940370668815472 0.4571629213483146 0.03142626913779212 0.0688202247191011
1 0.5076551168412571 0.24719101123595505 0.020950846091861375 0.022471910112359578
1 0.7264302981466559 0.2521067415730337 0.018533440773569776 0.03792134831460678
1 0.8049959709911362 0.2710674157303371 0.016116035455278066 0.03651685393258425
1 0.9149879129734085 0.3258426966292135 0.018533440773569776 0.0646067415730337
1 0.8323932312651088 0.4445224719101124 0.0273972602739726 0.06320224719101125
1 0.564464141821112 0.24157303370786515 0.012087026591458438 0.030898876404494374
1 0.4641418211120064 0.2675561797752809 0.019339242546333624 0.0351123595505618
1 0.4359387590652699 0.30337078651685395 0.019339242546333624 0.0393258426966292
