1 0.39364640883977897 0.6666666666666666 0.09300184162062614 0.17733990147783252
1 0.4208103130755064 0.5262725779967159 0.06077348066298344 0.13628899835796393
1 0.43646408839779005 0.45648604269293924 0.04972375690607733 0.10180623973727426
1 0.2067219152854512 0.43103448275862066 0.06537753222836096 0.12643678160919541
1 0.2034990791896869 0.23891625615763545 0.027624309392265206 0.047619047619047644
1 0.30340699815837935 0.2586206896551724 0.032228360957642754 0.07060755336617403
1 0.3236648250460405 0.180623973727422 0.024861878453038666 0.04597701149425287
1 0.3825966850828729 0.21510673234811167 0.026703499079189674 0.05582922824302136
1 0.4640883977900553 0.22413793103448276 0.022099447513812154 0.04433497536945813
1 0.5050644567219152 0.26683087027914615 0.030386740331491635 0.05418719211822656
1 0.5524861878453039 0.11494252873563218 0.027624309392265234 0.04597701149425287
1 0.5686003683241252 0.08866995073891626 0.013812154696132617 0.03284072249589491
1 0.5902394106813996 0.11083743842364532 0.016574585635359185 0.04433497536945813
1 0.608195211786372 0.13136288998357964 0.023020257826887658 0.04597701149425287
1 0.6321362799263353 0.12807881773399016 0.02117863720073665 0.04597701149425289
1 0.6533149171270718 0.0960591133004926 0.02117863720073665 0.04105090311986863
1 0.6749539594843462 0.07471264367816091 0.018416206261510082 0.04105090311986863
1 0.6906077348066298 0.12807881773399016 0.027624309392265234 0.05254515599343186
