1 0.11017740429505135 0.5579470198675496 0.05788982259570495 0.10596026490066224
1 0.25210084033613445 0.27069536423841056 0.016806722689075654 0.03807947019867547
1 0.2717086834733894 0.2781456953642384 0.02054154995331464 0.03973509933774838
1 0.300186741363212 0.2731788079470199 0.019607843137254888 0.03642384105960261
1 0.3487394957983193 0.271523178807947 0.021475256769374396 0.039735099337748325
1 0.37488328664799253 0.2723509933774835 0.019607843137254943 0.04139072847682118
1 0.3912231559290383 0.29635761589403975 0.02614379084967322 0.04966887417218541
1 0.30765639589169 0.23758278145695366 0.019607843137254888 0.03476821192052984
1 0.330999066293184 0.2359271523178808 0.019607843137254888 0.038079470198675525
1 0.35387488328664796 0.23509933774834438 0.02054154995331464 0.03973509933774838
1 0.3818860877684407 0.23013245033112584 0.018674136321195134 0.03973509933774835
1 0.4351073762838469 0.25579470198675497 0.022408963585434205 0.044701986754966866
1 0.3772175536881419 0.18625827814569537 0.01307189542483661 0.0314569536423841
1 0.38655462184873945 0.19701986754966888 0.014939309056956118 0.02980132450331127
1 0.4187675070028011 0.1986754966887417 0.015873015873015872 0.033112582781456956
1 0.4425770308123249 0.1986754966887417 0.018674136321195134 0.033112582781456956
1 0.4425770308123249 0.17715231788079472 0.016806722689075626 0.02980132450331127
1 0.47198879551820727 0.2367549668874172 0.021475256769374396 0.04635761589403972
1 0.4831932773109244 0.2044701986754967 0.02147525676937445 0.04139072847682121
1 0.4607843137254902 0.15480132450331124 0.015873015873015872 0.03145695364238413
1 0.48039215686274506 0.14486754966887416 0.014005602240896364 0.028145695364238416
1 0.5084033613445378 0.17632450331125826 0.017740429505135435 0.03145695364238413
1 0.5354808590102708 0.19039735099337748 0.017740429505135324 0.039735099337748325
1 0.530812324929972 0.17466887417218543 0.015873015873015817 0.0314569536423841
1 0.5602240896358543 0.1531456953642384 0.013071895424836555 0.028145695364238416
1 0.5639589169000934 0.12582781456953643 0.013071895424836555 0.029801324503311258
1 0.5938375350140056 0.12748344370860928 0.011204481792717047 0.029801324503311258
1 0.6143790849673203 0.12582781456953643 0.013071895424836666 0.029801324503311258
1 0.5947712418300654 0.15066225165562913 0.013071895424836555 0.033112582781456956
1 0.5700280112044818 0.1837748344370861 0.017740429505135435 0.03973509933774835
1 0.5765639589169 0.22019867549668876 0.019607843137254943 0.049668874172185434
1 0.6185807656395892 0.1490066225165563 0.014005602240896309 0.033112582781456956
1 0.6335200746965453 0.1432119205298013 0.014005602240896309 0.034768211920529785
1 0.6718020541549954 0.12665562913907286 0.015873015873015928 0.0281456953642384
1 0.6811391223155929 0.1630794701986755 0.015873015873015817 0.04139072847682118
1 0.7203548085901027 0.14072847682119205 0.014005602240896309 0.036423841059602655
1 0.7553688141923436 0.14486754966887416 0.014939309056956063 0.0314569536423841
1 0.7558356676003735 0.13327814569536423 0.015873015873015817 0.028145695364238416
1 0.76890756302521 0.1630794701986755 0.017740429505135435 0.03476821192052981
1 0.7875816993464052 0.15811258278145696 0.014005602240896309 0.0380794701986755
1 0.7978524743230626 0.1829470198675497 0.019607843137254943 0.04139072847682121
1 0.8319327731092436 0.15894039735099336 0.01680672268907568 0.02980132450331127
1 0.8473389355742297 0.16556291390728478 0.017740429505135324 0.03973509933774835
1 0.8930905695611577 0.16804635761589404 0.015873015873015928 0.0314569536423841
1 0.8916900093370681 0.1597682119205298 0.014939309056956174 0.03145695364238413
1 0.8440709617180205 0.19619205298013245 0.01867413632119508 0.044701986754966894
1 0.88468720821662 0.19453642384105962 0.017740429505135435 0.04801324503311258
1 0.9066293183940243 0.24089403973509935 0.01867413632119508 0.048013245033112606
1 0.9276377217553688 0.2640728476821192 0.02334267040149396 0.05794701986754966
1 0.8473389355742298 0.24337748344370863 0.025210084033613467 0.059602649006622516
1 0.8468720821661999 0.29635761589403975 0.02801120448179273 0.05960264900662254
1 0.7749766573295984 0.20778145695364236 0.020541549953314697 0.04801324503311258
1 0.7563025210084033 0.2359271523178808 0.02614379084967322 0.054635761589403975
1 0.7721755368814192 0.2764900662251656 0.02801120448179273 0.06291390728476823
1 0.7142857142857142 0.2806291390728477 0.022408963585434205 0.06456953642384106
1 0.6680672268907564 0.26572847682119205 0.02334267040149396 0.05794701986754969
1 0.6106442577030813 0.27069536423841056 0.02614379084967322 0.05794701986754963
1 0.6181139122315593 0.30132450331125826 0.02801120448179273 0.05629139072847683
1 0.5821661998132586 0.29470198675496684 0.027077497665732975 0.05629139072847683
1 0.6227824463118581 0.21274834437086093 0.020541549953314586 0.04139072847682118
1 0.6680672268907564 0.2235099337748344 0.02334267040149396 0.049668874172185434
1 0.7012138188608776 0.23427152317880795 0.02614379084967322 0.054635761589403975
1 0.7058823529411764 0.19205298013245034 0.01867413632119519 0.04304635761589404
1 0.7278244631185808 0.20778145695364236 0.019607843137254943 0.04801324503311258
1 0.503734827264239 0.29470198675496684 0.028944911297852538 0.05629139072847683
