1 0.79 0.6725 0.08750000000000002 0.1283333333333334
1 0.755625 0.6058333333333333 0.05875000000000008 0.09833333333333338
1 0.71875 0.5266666666666667 0.040000000000000036 0.06666666666666671
1 0.706875 0.48833333333333334 0.04125000000000001 0.06333333333333335
1 0.67625 0.5016666666666667 0.03749999999999998 0.04666666666666669
1 0.760625 0.48916666666666664 0.03125 0.051666666666666694
1 0.8225 0.49666666666666665 0.04249999999999998 0.053333333333333344
1 0.8425 0.5508333333333333 0.050000000000000044 0.07166666666666666
1 0.8987499999999999 0.5341666666666667 0.04500000000000004 0.06499999999999995
1 0.924375 0.6116666666666667 0.07625000000000004 0.08666666666666667
1 0.955625 0.5483333333333333 0.061249999999999916 0.07666666666666666
1 0.6331249999999999 0.3925 0.028749999999999942 0.03833333333333333
1 0.225625 0.6008333333333333 0.08124999999999999 0.1183333333333334
1 0.181875 0.5241666666666667 0.046249999999999986 0.07166666666666671
1 0.174375 0.4916666666666667 0.048750000000000016 0.04666666666666669
1 0.23249999999999998 0.4683333333333333 0.035 0.053333333333333344
1 0.2525 0.5066666666666666 0.03500000000000003 0.053333333333333344
1 0.28812499999999996 0.46416666666666667 0.03375 0.04833333333333334
1 0.3175 0.4791666666666667 0.03749999999999998 0.04500000000000004
1 0.35375 0.5041666666666667 0.03749999999999998 0.051666666666666694
1 0.39375 0.5108333333333334 0.04749999999999999 0.06833333333333336
1 0.40812499999999996 0.4666666666666667 0.03375 0.043333333333333335
1 0.44625000000000004 0.49333333333333335 0.03999999999999998 0.06333333333333335
1 0.075625 0.5216666666666667 0.051250000000000004 0.06666666666666671
1 0.06874999999999999 0.46166666666666667 0.034999999999999996 0.043333333333333335
1 0.040625 0.4508333333333333 0.03375 0.044999999999999984
