1 0.26001908396946566 0.19800332778702162 0.020038167938931317 0.03660565723793677
1 0.36116412213740456 0.14475873544093176 0.0181297709923664 0.033277870216306155
1 0.4050572519083969 0.13227953410981697 0.01622137404580154 0.03161397670549086
1 0.353530534351145 0.2562396006655574 0.02003816793893126 0.03993344425956735
1 0.3759541984732825 0.26955074875207985 0.02290076335877861 0.049916805324459246
1 0.4036259541984733 0.2795341098169717 0.026717557251908386 0.05324459234608986
1 0.4637404580152672 0.17637271214642264 0.015267175572519054 0.03993344425956738
1 0.4751908396946565 0.1930116472545757 0.01526717557251911 0.033277870216306155
1 0.4842557251908397 0.1805324459234609 0.014312977099236623 0.03161397670549085
1 0.4985687022900763 0.19966722129783693 0.02003816793893126 0.03993344425956738
1 0.4942748091603053 0.2329450915141431 0.01908396946564883 0.04326123128119799
1 0.46708015267175573 0.2312811980033278 0.021946564885496178 0.046589018302828605
1 0.5 0.302828618968386 0.03053435114503822 0.049916805324459246
1 0.6178435114503817 0.25873544093178036 0.02385496183206104 0.05158069883527458
1 0.586354961832061 0.13477537437603992 0.016221374045801484 0.029950083194675542
1 0.7251908396946565 0.18718801996672213 0.022900763358778553 0.041597337770382714
1 0.767175572519084 0.22961730449251247 0.026717557251908497 0.059900166389351084
