1 0.5385 0.40465465465465467 0.052999999999999936 0.10660660660660659
1 0.43400000000000005 0.707957957957958 0.062 0.09759759759759767
1 0.5349999999999999 0.740990990990991 0.06999999999999995 0.11861861861861867
1 0.5795 0.7102102102102101 0.052999999999999936 0.09609609609609604
1 0.6499999999999999 0.7882882882882882 0.09399999999999997 0.16516516516516522
1 0.7075 0.6996996996996997 0.07099999999999995 0.10810810810810811
1 0.751 0.6719219219219219 0.05400000000000005 0.09759759759759756
1 0.841 0.8498498498498499 0.11599999999999999 0.20420420420420415
1 0.8825000000000001 0.7545045045045045 0.08100000000000007 0.13063063063063063
1 0.9515 0.6831831831831832 0.07699999999999996 0.1141141141141141
1 0.0415 0.942942942942943 0.081 0.09609609609609604
1 0.036 0.8633633633633634 0.06999999999999999 0.10810810810810811
1 0.031 0.7822822822822824 0.06 0.08408408408408408
