1 0.9417211328976034 0.23786407766990292 0.01851851851851849 0.0407766990291262
1 0.7363834422657952 0.22524271844660193 0.019607843137254832 0.04660194174757282
1 0.6753812636165577 0.16893203883495145 0.015250544662309351 0.04271844660194174
1 0.6753812636165577 0.21941747572815534 0.017429193899782147 0.04660194174757282
1 0.630718954248366 0.21553398058252426 0.019607843137254832 0.04271844660194174
1 0.6296296296296297 0.2611650485436893 0.019607843137254832 0.0407766990291262
1 0.6753812636165577 0.2902912621359223 0.02178649237472763 0.044660194174757306
1 0.6383442265795207 0.3116504854368932 0.02614379084967322 0.06407766990291264
1 0.6377995642701525 0.11844660194174757 0.014161220043573008 0.031067961165048535
1 0.5871459694989107 0.05728155339805825 0.008714596949891074 0.02135922330097087
1 0.5528322440087146 0.1679611650485437 0.014161220043573008 0.033009708737864074
1 0.5441176470588236 0.18155339805825244 0.016339869281045805 0.03689320388349515
1 0.47113289760348587 0.13592233009708737 0.011982570806100268 0.027184466019417472
1 0.48692810457516345 0.17184466019417477 0.01307189542483661 0.0330097087378641
1 0.41013071895424835 0.2077669902912621 0.01633986928104575 0.03495145631067961
1 0.4526143790849673 0.21941747572815534 0.01851851851851849 0.031067961165048563
1 0.46296296296296297 0.18640776699029127 0.015250544662309351 0.031067961165048535
1 0.32788671023965144 0.2174757281553398 0.015250544662309407 0.03883495145631066
