1 0.024545454545454544 0.14032697547683926 0.04181818181818182 0.13896457765667575
1 0.056363636363636366 0.2452316076294278 0.08363636363636363 0.14713896457765666
1 0.12636363636363634 0.16212534059945505 0.06363636363636363 0.13351498637602177
1 0.18727272727272726 0.24114441416893734 0.08727272727272725 0.14441416893732972
1 0.25 0.1757493188010899 0.07818181818181816 0.1335149863760218
1 0.28363636363636363 0.08038147138964577 0.06909090909090909 0.10626702997275204
1 0.19272727272727272 0.07493188010899182 0.07636363636363636 0.11716621253405995
1 0.3336363636363636 0.30653950953678477 0.08545454545454545 0.17166212534059946
1 0.18 0.5463215258855586 0.10545454545454547 0.20980926430517705
1 0.05454545454545454 0.8801089918256131 0.09818181818181818 0.228882833787466
1 0.38727272727272727 0.7493188010899183 0.15636363636363637 0.24523160762942775
1 0.5363636363636364 0.45095367847411444 0.13090909090909092 0.22615803814713897
1 0.4254545454545455 0.20844686648501365 0.06909090909090909 0.1335149863760218
1 0.48909090909090913 0.14850136239782016 0.06181818181818183 0.10626702997275204
1 0.5154545454545454 0.05994550408719346 0.05999999999999994 0.10899182561307902
1 0.5827272727272728 0.24114441416893734 0.07454545454545458 0.13896457765667572
1 0.6154545454545455 0.14850136239782016 0.08181818181818179 0.13896457765667575
1 0.7027272727272726 0.08446866485013624 0.06727272727272726 0.10354223433242508
1 0.5900000000000001 0.41553133514986373 0.0636363636363636 0.15531335149863762
1 0.7127272727272728 0.5640326975476839 0.14181818181818184 0.2561307901907357
1 0.6345454545454545 0.7588555858310626 0.20727272727272728 0.22615803814713897
1 0.8600000000000001 0.8773841961852862 0.1890909090909091 0.24523160762942775
1 0.85 0.5980926430517711 0.15454545454545454 0.22615803814713892
1 0.8036363636363636 0.47002724795640327 0.10181818181818181 0.1771117166212534
1 0.7563636363636363 0.28201634877384196 0.09090909090909083 0.1553133514986376
1 0.7945454545454546 0.18664850136239783 0.06909090909090909 0.13351498637602183
1 0.8881818181818182 0.06948228882833787 0.06727272727272737 0.12806539509536785
1 0.9636363636363636 0.17983651226158037 0.07272727272727275 0.1362397820163488
1 0.9518181818181818 0.43869209809264303 0.08545454545454545 0.20163487738419617
