1 0.10234375 0.35058823529411764 0.05156249999999998 0.10352941176470587
1 0.15546875 0.5588235294117647 0.0921875 0.1529411764705882
1 0.25234375 0.5270588235294118 0.07343749999999999 0.15529411764705886
1 0.2234375 0.40941176470588236 0.040624999999999994 0.0658823529411765
1 0.42421875 0.44352941176470584 0.07343749999999999 0.12470588235294117
1 0.6453125 0.7211764705882353 0.13750000000000007 0.2705882352941176
1 0.6484375 0.5494117647058824 0.08437500000000009 0.1341176470588235
1 0.6078125000000001 0.4682352941176471 0.06874999999999998 0.12235294117647061
1 0.80078125 0.5870588235294117 0.1015625 0.20470588235294124
1 0.859375 0.5258823529411765 0.07187499999999991 0.15764705882352942
1 0.8140624999999999 0.3988235294117647 0.03749999999999998 0.06823529411764706
1 0.95390625 0.4011764705882353 0.04218749999999993 0.10117647058823531
