1 0.21250000000000002 0.4986111111111111 0.04166666666666666 0.06388888888888888
1 0.2375 0.5097222222222222 0.033333333333333326 0.05277777777777776
1 0.20729166666666668 0.41388888888888886 0.03125 0.04444444444444445
1 0.30625 0.49444444444444446 0.03750000000000003 0.061111111111111116
1 0.3645833333333333 0.49583333333333335 0.033333333333333326 0.05833333333333335
1 0.41770833333333335 0.5055555555555555 0.03541666666666665 0.055555555555555525
1 0.4989583333333333 0.5180555555555555 0.031249999999999944 0.04166666666666663
1 0.5572916666666666 0.5166666666666666 0.027083333333333348 0.0444444444444444
1 0.6572916666666666 0.45833333333333337 0.03541666666666676 0.04999999999999999
1 0.6822916666666666 0.4986111111111111 0.03541666666666665 0.05277777777777781
1 0.728125 0.48888888888888893 0.043749999999999956 0.06111111111111117
