1 0.03369140625 0.34505208333333337 0.0361328125 0.052083333333333315
1 0.06494140625 0.3671875 0.0478515625 0.0859375
1 0.10595703125 0.3860677083333333 0.0537109375 0.08203125
1 0.150390625 0.32161458333333337 0.03125 0.052083333333333315
1 0.17578125 0.357421875 0.04296875 0.07161458333333337
1 0.21240234375 0.328125 0.0283203125 0.05208333333333337
1 0.240234375 0.34700520833333337 0.04296875 0.07161458333333331
1 0.26806640625 0.3359375 0.0302734375 0.05208333333333337
1 0.2607421875 0.498046875 0.10546875 0.14713541666666669
1 0.38818359375 0.509765625 0.0673828125 0.10546875
1 0.5068359375 0.45768229166666663 0.06640625 0.11328124999999994
1 0.4697265625 0.37434895833333337 0.052734375 0.08463541666666669
1 0.43212890625 0.3619791666666667 0.0361328125 0.0625
1 0.38671875 0.34765625 0.037109375 0.06510416666666663
1 0.373046875 0.283203125 0.037109375 0.05598958333333337
1 0.4169921875 0.3203125 0.029296875 0.04427083333333337
1 0.46484375 0.322265625 0.029296875 0.03776041666666663
1 0.51904296875 0.3294270833333333 0.0224609375 0.046875
1 0.54248046875 0.35091145833333337 0.0302734375 0.048177083333333315
1 0.5517578125 0.32421875 0.025390625 0.03645833333333337
1 0.5712890625 0.36067708333333337 0.033203125 0.057291666666666685
1 0.59033203125 0.33723958333333337 0.0283203125 0.052083333333333315
1 0.6103515625 0.341796875 0.033203125 0.05338541666666663
1 0.6630859375 0.2578125 0.046875 0.07291666666666666
1 0.65087890625 0.490234375 0.1103515625 0.15755208333333331
1 0.7421875 0.4368489583333333 0.0859375 0.13932291666666663
1 0.7763671875 0.380859375 0.064453125 0.07421875
1 0.7451171875 0.33138020833333337 0.033203125 0.053385416666666685
1 0.82275390625 0.4088541666666667 0.0498046875 0.0703125
1 0.828125 0.36002604166666663 0.03125 0.048177083333333315
1 0.85693359375 0.34309895833333337 0.0341796875 0.061197916666666685
1 0.921875 0.36002604166666663 0.046875 0.06901041666666669
1 0.9765625 0.337890625 0.044921875 0.05859375
