1 0.07934609250398725 0.41118881118881123 0.03110047846889953 0.06433566433566434
1 0.08333333333333334 0.3706293706293706 0.029505582137161077 0.06433566433566434
1 0.1555023923444976 0.34265734265734266 0.030303030303030304 0.06153846153846154
1 0.16706539074960128 0.37482517482517486 0.03588516746411485 0.0783216783216783
1 0.1933811802232855 0.3965034965034965 0.04385964912280704 0.07972027972027967
1 0.1893939393939394 0.3132867132867133 0.02950558213716109 0.05594405594405599
1 0.24162679425837322 0.2881118881118881 0.03030303030303033 0.06153846153846154
1 0.2763157894736842 0.279020979020979 0.02950558213716109 0.06293706293706297
1 0.2970494417862839 0.26363636363636367 0.02950558213716109 0.06293706293706297
1 0.3062200956937799 0.3202797202797203 0.038277511961722466 0.07272727272727275
1 0.3317384370015949 0.3538461538461538 0.03987240829346095 0.07552447552447555
1 0.3751993620414673 0.3958041958041958 0.04864433811802232 0.10069930069930072
1 0.46331738437001596 0.441958041958042 0.054226475279106845 0.10069930069930072
