1 0.8962655601659751 0.458029197080292 0.06224066390041494 0.13503649635036497
1 0.7168049792531119 0.5456204379562044 0.03112033195020747 0.06934306569343063
1 0.6784232365145229 0.5237226277372262 0.03319502074688796 0.062043795620437936
1 0.6908713692946058 0.5 0.02904564315352698 0.051094890510948954
1 0.642116182572614 0.5164233576642336 0.026970954356846488 0.062043795620437936
1 0.5612033195020747 0.5291970802919708 0.03526970954356856 0.07299270072992703
1 0.5632780082987552 0.47992700729927007 0.03112033195020747 0.06204379562043799
1 0.5394190871369295 0.49817518248175185 0.03319502074688796 0.0547445255474453
1 0.43049792531120334 0.5109489051094891 0.035269709543568506 0.06569343065693423
1 0.45435684647302904 0.48722627737226276 0.03319502074688796 0.06934306569343063
1 0.40145228215767637 0.48722627737226276 0.026970954356846488 0.054744525547445244
1 0.3703319502074689 0.5364963503649635 0.04356846473029047 0.08029197080291967
1 0.3599585062240664 0.6332116788321168 0.06431535269709543 0.13503649635036497
1 0.34647302904564314 0.4835766423357664 0.03319502074688796 0.07664233576642332
1 0.28526970954356845 0.5291970802919708 0.05186721991701243 0.10948905109489049
1 0.16597510373443985 0.572992700729927 0.07053941908713693 0.13868613138686126
1 0.19190871369294604 0.36496350364963503 0.06431535269709546 0.13138686131386856
1 0.23340248962655602 0.45255474452554745 0.03112033195020747 0.07299270072992703
1 0.241701244813278 0.395985401459854 0.01867219917012447 0.04744525547445255
1 0.22717842323651455 0.40693430656934304 0.02282157676348548 0.04744525547445255
1 0.32468879668049794 0.41788321167883213 0.022821576763485507 0.054744525547445244
1 0.3744813278008299 0.4616788321167883 0.026970954356846488 0.06204379562043799
1 0.2904564315352697 0.46897810218978103 0.037344398340248997 0.054744525547445244
1 0.3091286307053942 0.4562043795620438 0.024896265560165998 0.06569343065693434
1 0.29149377593361 0.4233576642335767 0.026970954356846488 0.05839416058394159
1 0.36099585062240663 0.42883211678832117 0.020746887966805017 0.054744525547445244
1 0.13692946058091288 0.41423357664233573 0.033195020746887974 0.06934306569343068
1 0.10062240663900415 0.416058394160584 0.03112033195020747 0.05839416058394159
1 0.07676348547717843 0.4562043795620438 0.04149377593360996 0.08029197080291972
1 0.022821576763485476 0.4233576642335767 0.03734439834024896 0.07299270072992697
1 0.0487551867219917 0.416058394160584 0.026970954356846474 0.05839416058394159
1 0.0487551867219917 0.36496350364963503 0.026970954356846474 0.043795620437956206
1 0.07053941908713693 0.34306569343065696 0.020746887966804982 0.043795620437956206
1 0.13070539419087135 0.34671532846715325 0.02489626556016597 0.036496350364963515
1 0.016597510373443983 0.34671532846715325 0.024896265560165977 0.043795620437956206
1 0.020746887966804982 0.3102189781021898 0.024896265560165977 0.043795620437956206
