1 0.03636363636363636 0.6090909090909091 0.04242424242424243 0.07272727272727275
1 0.11060606060606061 0.7159090909090909 0.08181818181818182 0.13181818181818183
1 0.1712121212121212 0.8886363636363637 0.09393939393939393 0.12272727272727268
1 0.20454545454545453 0.6613636363636364 0.057575757575757586 0.09545454545454546
1 0.24848484848484848 0.7545454545454545 0.07272727272727272 0.11818181818181817
1 0.3075757575757576 0.8181818181818181 0.10000000000000003 0.1636363636363637
1 0.296969696969697 0.6795454545454546 0.06666666666666671 0.1045454545454545
1 0.3909090909090909 0.6181818181818182 0.04848484848484852 0.07272727272727275
1 0.41515151515151516 0.7272727272727273 0.0787878787878788 0.1454545454545455
1 0.4409090909090909 0.6522727272727273 0.0636363636363636 0.10454545454545461
1 0.4772727272727273 0.6295454545454546 0.03939393939393937 0.06818181818181823
1 0.5590909090909091 0.6272727272727272 0.039393939393939315 0.09090909090909094
1 0.5075757575757576 0.42954545454545456 0.03939393939393937 0.07727272727272727
1 0.5924242424242424 0.6545454545454545 0.051515151515151514 0.09090909090909083
1 0.5954545454545455 0.7431818181818182 0.07575757575757569 0.1227272727272728
1 0.6696969696969697 0.6227272727272728 0.054545454545454564 0.09090909090909094
1 0.7287878787878788 0.6613636363636364 0.0636363636363636 0.13181818181818183
1 0.8015151515151515 0.6136363636363636 0.051515151515151514 0.09090909090909083
1 0.8424242424242425 0.6727272727272727 0.054545454545454564 0.09090909090909083
1 0.9242424242424243 0.6386363636363637 0.048484848484848464 0.07727272727272727
