1 0.07833333333333334 0.2775 0.10166666666666668 0.1675
1 0.16833333333333333 0.248125 0.10666666666666667 0.17375000000000002
1 0.4770833333333333 0.33125000000000004 0.18749999999999994 0.33
1 0.14208333333333334 0.73 0.16583333333333333 0.265
1 0.21625 0.870625 0.1925 0.25125
1 0.6245833333333333 0.6975 0.1725 0.29499999999999993
1 0.6070833333333333 0.30125 0.11083333333333334 0.2025
1 0.81375 0.48187500000000005 0.13083333333333336 0.21875000000000006
1 0.8383333333333334 0.776875 0.18333333333333335 0.31125
1 0.92625 0.79125 0.14250000000000007 0.23249999999999993
1 0.7949999999999999 0.42874999999999996 0.13 0.22500000000000003
