1 0.08688524590163935 0.3155737704918033 0.04590163934426229 0.09562841530054644
1 0.12704918032786885 0.3770491803278688 0.0540983606557377 0.08743169398907108
1 0.2426229508196721 0.36065573770491804 0.059016393442622966 0.10382513661202186
1 0.3434426229508197 0.3633879781420765 0.04754098360655734 0.08743169398907102
1 0.4459016393442623 0.3811475409836066 0.04590163934426228 0.07923497267759566
1 0.5418032786885245 0.3715846994535519 0.04426229508196722 0.08196721311475413
1 0.5754098360655737 0.3784153005464481 0.032786885245901565 0.06830601092896177
1 0.6631147540983606 0.3975409836065574 0.040983606557377095 0.06284153005464477
1 0.7360655737704918 0.3948087431693989 0.03934426229508203 0.06830601092896171
1 0.7721311475409836 0.39754098360655743 0.022950819672131195 0.046448087431693985
1 0.7934426229508197 0.38934426229508196 0.03934426229508192 0.08469945355191255
1 0.8655737704918033 0.3729508196721312 0.029508196721311553 0.06830601092896177
1 0.8991803278688524 0.3715846994535519 0.04426229508196722 0.09289617486338803
1 0.9262295081967213 0.3797814207650273 0.042622950819672156 0.08196721311475413
