1 0.04368471035137702 0.4116666666666667 0.032288698955365625 0.06333333333333335
1 0.258309591642925 0.2925 0.01709401709401709 0.02833333333333332
1 0.2905982905982906 0.27 0.015194681861348536 0.033333333333333326
1 0.30341880341880345 0.26416666666666666 0.018043684710351393 0.03833333333333333
1 0.30721747388414056 0.29583333333333334 0.0218423551756885 0.03166666666666662
1 0.3214624881291548 0.2275 0.014245014245014231 0.02833333333333332
1 0.3442545109211776 0.2225 0.01614434947768284 0.031666666666666676
1 0.3409306742640076 0.2975 0.018993352326685642 0.03833333333333333
1 0.3660968660968661 0.22416666666666668 0.01614434947768284 0.035
1 0.3812915479582146 0.23583333333333334 0.01614434947768284 0.02833333333333332
1 0.40028490028490027 0.30833333333333335 0.023741690408357052 0.04666666666666669
1 0.4173789173789174 0.22833333333333333 0.016144349477682784 0.03666666666666668
1 0.4301994301994302 0.2475 0.01709401709401709 0.03833333333333333
1 0.39078822412155745 0.20416666666666666 0.014245014245014231 0.02833333333333332
1 0.4017094017094017 0.21166666666666667 0.013295346628679983 0.026666666666666672
1 0.409306742640076 0.1825 0.015194681861348536 0.02833333333333332
1 0.42592592592592593 0.19333333333333333 0.014245014245014231 0.033333333333333326
1 0.44112060778727447 0.20500000000000002 0.018043684710351393 0.033333333333333354
1 0.4658119658119658 0.21 0.018043684710351393 0.033333333333333326
1 0.45109211775878444 0.15166666666666667 0.011396011396011374 0.026666666666666672
1 0.4577397910731244 0.16749999999999998 0.013295346628679927 0.03166666666666665
1 0.47768281101614435 0.17416666666666666 0.013295346628679927 0.031666666666666676
1 0.4748338081671415 0.16083333333333333 0.01139601139601143 0.031666666666666676
1 0.4843304843304843 0.23833333333333334 0.018993352326685642 0.040000000000000036
1 0.4843304843304843 0.21000000000000002 0.013295346628679983 0.03
1 0.49382716049382713 0.29583333333333334 0.024691358024691412 0.05833333333333335
1 0.537037037037037 0.14416666666666667 0.012345679012345623 0.025000000000000022
1 0.5745489078822412 0.11666666666666667 0.01139601139601143 0.02333333333333333
1 0.5783475783475784 0.16749999999999998 0.015194681861348536 0.03166666666666665
1 0.5550807217473884 0.16416666666666668 0.01614434947768273 0.035
1 0.5408357075023742 0.20500000000000002 0.018043684710351338 0.03
1 0.4862298195631529 0.14583333333333334 0.009496676163342876 0.021666666666666667
1 0.51994301994302 0.16083333333333333 0.012345679012345734 0.024999999999999994
1 0.5660018993352327 0.25166666666666665 0.02089268755935425 0.04333333333333331
1 0.5631528964862298 0.3025 0.022792022792022748 0.05499999999999999
1 0.6068376068376069 0.25583333333333336 0.017094017094017144 0.041666666666666685
1 0.6149097815764483 0.22 0.018043684710351338 0.03999999999999998
1 0.594017094017094 0.15083333333333332 0.012345679012345734 0.03166666666666665
1 0.6058879392212726 0.17083333333333334 0.017094017094017144 0.03833333333333333
1 0.5982905982905983 0.10750000000000001 0.013295346628680038 0.028333333333333335
1 0.621082621082621 0.1075 0.011396011396011319 0.021666666666666667
1 0.6172839506172839 0.12333333333333332 0.01139601139601143 0.026666666666666658
1 0.6429249762583096 0.11166666666666666 0.013295346628680038 0.026666666666666672
1 0.6386514719848053 0.13166666666666665 0.012345679012345734 0.026666666666666658
1 0.6481481481481481 0.185 0.018043684710351338 0.03666666666666668
1 0.6756885090218423 0.12666666666666668 0.010446343779677014 0.026666666666666686
1 0.7003798670465338 0.10416666666666666 0.012345679012345623 0.03166666666666666
1 0.7160493827160495 0.14666666666666667 0.013295346628679927 0.033333333333333326
1 0.7521367521367521 0.10666666666666666 0.01139601139601143 0.026666666666666658
1 0.7464387464387464 0.12333333333333334 0.01139601139601143 0.03
1 0.7355175688509021 0.16666666666666669 0.014245014245014231 0.03666666666666665
1 0.7901234567901234 0.12 0.009496676163342821 0.026666666666666658
1 0.805318138651472 0.13916666666666666 0.009496676163342821 0.02833333333333332
1 0.8798670465337132 0.13583333333333333 0.010446343779677125 0.02500000000000001
1 0.9069325735992403 0.1325 0.009496676163342821 0.024999999999999994
1 0.9387464387464388 0.15500000000000003 0.012345679012345623 0.03
1 0.8755935422602089 0.15416666666666667 0.013295346628680038 0.031666666666666676
1 0.8665716999050332 0.16083333333333333 0.01614434947768273 0.031666666666666676
1 0.8371320037986705 0.15416666666666667 0.01614434947768273 0.031666666666666676
1 0.828584995251662 0.16666666666666666 0.012345679012345623 0.033333333333333326
1 0.9012345679012346 0.18833333333333332 0.013295346628680038 0.033333333333333326
1 0.8869895536562202 0.20833333333333334 0.015194681861348536 0.033333333333333326
1 0.8774928774928774 0.23666666666666666 0.017094017094017144 0.03999999999999998
1 0.8513770180436847 0.19583333333333333 0.01614434947768273 0.041666666666666685
1 0.9320987654320988 0.2725 0.018043684710351338 0.04833333333333337
1 0.7777777777777777 0.2833333333333333 0.024691358024691357 0.046666666666666634
1 0.8005698005698005 0.1925 0.015194681861348536 0.03833333333333333
1 0.768281101614435 0.23249999999999998 0.02089268755935425 0.04500000000000001
1 0.7730294396961064 0.14416666666666667 0.013295346628680038 0.025000000000000022
1 0.7659069325735992 0.17083333333333334 0.018043684710351338 0.031666666666666676
1 0.7488129154795822 0.18916666666666668 0.018043684710351338 0.03833333333333333
1 0.6828110161443495 0.2475 0.018993352326685642 0.04166666666666666
1 0.6737891737891738 0.21083333333333332 0.01614434947768273 0.035
1 0.704653371320038 0.22666666666666668 0.02089268755935425 0.04666666666666666
1 0.7160493827160495 0.29000000000000004 0.024691358024691357 0.04999999999999999
1 0.6904083570750237 0.16499999999999998 0.017094017094017144 0.03
1 0.6011396011396011 0.3766666666666667 0.028490028490028574 0.04666666666666669
1 0.671415004748338 0.3566666666666667 0.03038936372269707 0.07
1 0.8214624881291548 0.12833333333333333 0.01139601139601143 0.026666666666666658
