1 0.47101449275362317 0.3430232558139535 0.02898550724637683 0.03875968992248058
1 0.9166666666666667 0.5852713178294573 0.04492753623188406 0.05813953488372092
1 0.9094202898550725 0.6463178294573644 0.05652173913043479 0.07558139534883723
1 0.9 0.7635658914728682 0.08985507246376812 0.12015503875968991
1 0.8869565217391304 0.7131782945736433 0.05507246376811592 0.06976744186046513
1 0.8347826086956522 0.9040697674418605 0.1420289855072464 0.1647286821705426
1 0.5014492753623189 0.8352713178294573 0.10144927536231885 0.1705426356589147
1 0.6260869565217391 0.6986434108527132 0.08695652173913049 0.12596899224806202
1 0.7086956521739131 0.6405038759689923 0.06956521739130439 0.11046511627906974
1 0.7492753623188406 0.5959302325581395 0.04637681159420293 0.07558139534883723
1 0.7797101449275362 0.5765503875968991 0.04637681159420293 0.0678294573643411
1 0.6565217391304348 0.555232558139535 0.04637681159420293 0.06395348837209303
1 0.6057971014492753 0.6027131782945736 0.04637681159420293 0.06589147286821706
1 0.5485507246376811 0.6056201550387597 0.05652173913043479 0.0794573643410853
1 0.55 0.5368217054263567 0.036231884057971064 0.06589147286821706
1 0.4869565217391304 0.5755813953488371 0.04927536231884061 0.0736434108527132
1 0.46739130434782605 0.6705426356589148 0.06521739130434784 0.09302325581395354
1 0.4043478260869565 0.6007751937984496 0.05217391304347829 0.0852713178294574
1 0.2760869565217391 0.7713178294573644 0.0971014492753623 0.14728682170542629
1 0.3115942028985507 0.625 0.07826086956521738 0.10658914728682167
1 0.34347826086956523 0.5261627906976745 0.03768115942028988 0.05620155038759689
1 0.25869565217391305 0.5281007751937985 0.03913043478260869 0.06007751937984496
1 0.2630434782608696 0.500968992248062 0.03623188405797101 0.04457364341085274
1 0.09057971014492754 0.685077519379845 0.08260869565217391 0.12209302325581395
1 0.031159420289855074 0.5436046511627908 0.050724637681159424 0.07558139534883723
1 0.042028985507246375 0.4835271317829457 0.03768115942028986 0.048449612403100806
1 0.10652173913043478 0.5096899224806202 0.03333333333333334 0.0542635658914728
1 0.1471014492753623 0.5387596899224807 0.03623188405797101 0.05813953488372092
1 0.1427536231884058 0.48643410852713176 0.033333333333333326 0.05038759689922484
1 0.18478260869565216 0.5116279069767442 0.03623188405797104 0.05813953488372087
