1 0.20726714431934493 0.35843920145190566 0.03991811668372569 0.07441016333938294
1 0.31525076765609006 0.22413793103448276 0.014329580348004078 0.030852994555353896
1 0.3259979529170931 0.19237749546279492 0.01740020470829068 0.02903811252268601
1 0.35209825997952915 0.19509981851179672 0.014329580348004078 0.030852994555353896
1 0.4078812691914022 0.2087114337568058 0.01740020470829068 0.029038112522686038
1 0.4237461617195496 0.17604355716878403 0.016376663254861812 0.02903811252268601
1 0.4268167860798362 0.1451905626134301 0.012282497441146345 0.025408348457350266
1 0.4483111566018424 0.17604355716878403 0.016376663254861812 0.02903811252268601
1 0.44728761514841353 0.20871143375680581 0.016376663254861812 0.03266787658802178
1 0.45496417604913 0.14791288566243194 0.013306038894575212 0.023593466424682408
1 0.4662231320368475 0.14065335753176045 0.013306038894575212 0.02359346642468238
1 0.48976458546571133 0.1397459165154265 0.013306038894575212 0.029038112522686038
1 0.48925281473899696 0.16696914700544463 0.014329580348004078 0.025408348457350266
1 0.49181166837256907 0.20508166969147007 0.017400204708290623 0.03629764065335753
1 0.503582395087001 0.12159709618874773 0.010235414534288612 0.02177858439201452
1 0.5112589559877174 0.132486388384755 0.013306038894575267 0.02177858439201452
1 0.5342886386898669 0.14972776769509982 0.014329580348004023 0.019963702359346636
1 0.5353121801432958 0.18058076225045372 0.01842374616171949 0.030852994555353896
1 0.5511770726714431 0.16606170598911071 0.015353121801433 0.030852994555353896
1 0.5619242579324463 0.14882032667876588 0.016376663254861867 0.02903811252268601
1 0.5470829068577276 0.12613430127041741 0.011258955987717534 0.019963702359346636
1 0.5266120777891505 0.1352087114337568 0.011258955987717534 0.01633393829401089
1 0.5859774820880246 0.11161524500907441 0.013306038894575156 0.023593466424682408
1 0.593654042988741 0.14337568058076225 0.014329580348004134 0.03266787658802178
1 0.579324462640737 0.18148820326678766 0.014329580348004023 0.02903811252268601
1 0.6228249744114637 0.10254083484573503 0.00921187308085969 0.01996370235934665
1 0.6458546571136131 0.10254083484573503 0.010235414534288667 0.023593466424682394
1 0.6683725690890481 0.11070780399274047 0.0122824974411464 0.02177858439201452
1 0.6566018423746162 0.12159709618874773 0.011258955987717423 0.02177858439201452
1 0.6750255885363357 0.12431941923774954 0.011258955987717534 0.01633393829401089
1 0.7006141248720573 0.1279491833030853 0.013306038894575156 0.023593466424682408
1 0.6345957011258956 0.12341197822141561 0.0122824974411464 0.018148820326678763
1 0.627942681678608 0.13793103448275862 0.013306038894575267 0.01814882032667875
1 0.6427840327533265 0.14428312159709616 0.014329580348004134 0.027223230490018152
1 0.59007164790174 0.1778584392014519 0.013306038894575267 0.025408348457350266
1 0.6335721596724667 0.19147005444646098 0.020470829068577334 0.038112522686025385
1 0.6719549641760492 0.16969147005444646 0.017400204708290734 0.03448275862068967
1 0.7036847492323439 0.1542649727767695 0.01535312180143289 0.025408348457350294
1 0.6182190378710337 0.2441016333938294 0.01842374616171949 0.038112522686025385
1 0.5910951893551689 0.2695099818511797 0.023541453428863823 0.05263157894736842
1 0.5690890481064483 0.2422867513611615 0.020470829068577334 0.04174228675136116
1 0.5291709314227226 0.27586206896551724 0.026612077789150423 0.05081669691470059
1 0.6361310133060389 0.2958257713248639 0.0276356192425794 0.054446460980036304
1 0.6775844421699079 0.26406533575317603 0.022517911975435068 0.04174228675136116
1 0.6883316274309109 0.30671506352087113 0.02763561924257929 0.06170598911070779
1 0.6734902763561924 0.205989110707804 0.0184237461617196 0.03448275862068964
1 0.7128966223132036 0.18874773139745915 0.017400204708290734 0.032667876588021755
1 0.7236438075742068 0.22776769509981853 0.020470829068577334 0.03811252268602541
1 0.740532241555783 0.16787658802177857 0.01535312180143289 0.03448275862068964
1 0.7553735926305015 0.12431941923774954 0.0122824974411464 0.027223230490018152
1 0.7656090071647902 0.1415607985480944 0.014329580348004134 0.029038112522686038
1 0.7814738996929376 0.132486388384755 0.013306038894575156 0.02903811252268601
1 0.8009211873080859 0.16061705989110708 0.013306038894575267 0.030852994555353896
1 0.7799385875127942 0.17967332123411978 0.014329580348004023 0.03992740471869327
1 0.7942681678607983 0.19782214156079855 0.016376663254861867 0.04355716878402904
1 0.8275332650972365 0.16152450090744103 0.013306038894575267 0.03629764065335753
1 0.8372569089048106 0.1542649727767695 0.0122824974411464 0.02903811252268601
1 0.8771750255885363 0.1397459165154265 0.0122824974411464 0.025408348457350266
1 0.8730808597748209 0.1588021778584392 0.014329580348004134 0.030852994555353896
1 0.8643807574206755 0.18148820326678766 0.011258955987717423 0.02903811252268601
1 0.8500511770726715 0.18874773139745915 0.013306038894575267 0.03629764065335753
1 0.8454452405322416 0.21143375680580762 0.016376663254861867 0.03448275862068967
1 0.804503582395087 0.19328493647912887 0.014329580348004134 0.03811252268602541
1 0.913510747185261 0.17422867513611617 0.013306038894575267 0.029038112522686038
1 0.9426816786079837 0.1705989110707804 0.014329580348004023 0.02903811252268601
1 0.9319344933469806 0.19237749546279492 0.015353121801433 0.03266787658802178
1 0.8935516888433981 0.18602540834845735 0.014329580348004023 0.038112522686025385
1 0.8915046059365405 0.2250453720508167 0.0122824974411464 0.025408348457350266
1 0.9293756397134084 0.2268602540834846 0.0184237461617196 0.0399274047186933
1 0.8797338792221086 0.2304900181488203 0.013306038894575267 0.043557168784029016
1 0.9232343909928352 0.2695099818511797 0.020470829068577334 0.041742286751361185
1 0.8730808597748209 0.27586206896551724 0.0184237461617196 0.05081669691470059
1 0.8403275332650972 0.29038112522686027 0.022517911975435068 0.04355716878402904
1 0.8050153531218014 0.26497277676951 0.019447287615148467 0.04355716878402904
1 0.7768679631525077 0.278584392014519 0.02456499488229269 0.05263157894736842
1 0.7425793244626407 0.3294010889292196 0.029682702149437024 0.05989110707803991
1 0.8188331627430911 0.3484573502722323 0.028659160696008157 0.06533575317604357
1 0.90992835209826 0.3793103448275862 0.026612077789150423 0.06533575317604357
1 0.8955987717502558 0.38021778584392013 0.028659160696008157 0.04537205081669693
