1 0.10111111111111111 0.3766666666666667 0.09111111111111111 0.16666666666666669
1 0.22666666666666668 0.32333333333333336 0.044444444444444425 0.06666666666666671
1 0.2944444444444444 0.33999999999999997 0.04222222222222222 0.08000000000000002
1 0.37555555555555553 0.32499999999999996 0.031111111111111145 0.07
1 0.34555555555555556 0.32833333333333337 0.033333333333333326 0.0566666666666667
1 0.4022222222222222 0.325 0.03555555555555556 0.06333333333333335
1 0.47 0.30166666666666664 0.02888888888888891 0.04999999999999999
1 0.6444444444444444 0.35833333333333334 0.0444444444444444 0.08333333333333337
1 0.7288888888888889 0.5616666666666668 0.04888888888888887 0.08333333333333337
1 0.5022222222222222 0.5033333333333333 0.04444444444444451 0.06666666666666665
1 0.3888888888888889 0.5283333333333333 0.053333333333333344 0.08333333333333326
1 0.2622222222222222 0.5516666666666666 0.053333333333333316 0.07666666666666666
1 0.7388888888888889 0.47333333333333333 0.02444444444444438 0.046666666666666634
1 0.7622222222222221 0.45499999999999996 0.01777777777777778 0.03666666666666668
1 0.7922222222222222 0.3816666666666667 0.02444444444444438 0.04999999999999999
1 0.86 0.3616666666666667 0.040000000000000036 0.09666666666666662
1 0.8544444444444445 0.4816666666666667 0.11777777777777776 0.16999999999999998
1 0.971111111111111 0.6516666666666666 0.05777777777777782 0.10333333333333339
