1 0.17810150375939848 0.48914858096828046 0.04605263157894737 0.08013355592654425
1 0.26362781954887216 0.24373956594323876 0.01597744360902259 0.033388981636060105
1 0.3026315789473684 0.25125208681135225 0.015037593984962405 0.03171953255425708
1 0.31719924812030076 0.2621035058430718 0.019736842105263164 0.0400667779632721
1 0.3223684210526316 0.2362270450751252 0.016917293233082664 0.03171953255425708
1 0.32847744360902253 0.21202003338898162 0.01597744360902259 0.03005008347245411
1 0.3609022556390977 0.22287145242070117 0.01879699248120298 0.03839732888146913
1 0.3566729323308271 0.20617696160267113 0.01409774436090222 0.028380634390651083
1 0.35291353383458646 0.2621035058430718 0.021616541353383423 0.046744574290484175
1 0.3966165413533835 0.25792988313856424 0.020676691729323293 0.04841402337228712
1 0.40272556390977443 0.21285475792988312 0.015977443609022535 0.035058430717863104
1 0.387687969924812 0.18614357262103506 0.015977443609022535 0.03171953255425708
1 0.381109022556391 0.18030050083472454 0.010338345864661702 0.026711185308848084
1 0.4318609022556391 0.25041736227045075 0.023496240601503737 0.04674457429048415
1 0.4196428571428571 0.18363939899833054 0.01785714285714285 0.0367278797996661
1 0.4586466165413534 0.18030050083472454 0.01879699248120298 0.03672787979966613
1 0.48026315789473684 0.22537562604340566 0.020676691729323293 0.04340567612687815
1 0.4948308270676691 0.19616026711185308 0.023496240601503737 0.03839732888146913
1 0.4816729323308271 0.15943238731218695 0.01785714285714285 0.035058430717863104
1 0.46898496240601506 0.14106844741235391 0.015037593984962405 0.02504173622704506
1 0.4915413533834586 0.1310517529215359 0.01315789473684209 0.025041736227045086
1 0.5037593984962406 0.14774624373956596 0.018796992481203034 0.0383973288814691
1 0.5300751879699248 0.15609348914858096 0.018796992481203034 0.03171953255425711
1 0.5352443609022557 0.19198664440734559 0.021616541353383423 0.04006677796327213
1 0.5573308270676691 0.15776293823038395 0.016917293233082664 0.0383973288814691
1 0.5695488721804511 0.14357262103505844 0.016917293233082775 0.03005008347245408
1 0.569078947368421 0.11853088480801335 0.014097744360902276 0.03005008347245408
1 0.5874060150375939 0.1619365609348915 0.016917293233082664 0.033388981636060105
1 0.5958646616541353 0.13772954924874792 0.013157894736842035 0.028380634390651083
1 0.5906954887218046 0.11686143572621036 0.010338345864661647 0.02003338898163605
1 0.6174812030075187 0.14023372287145242 0.016917293233082664 0.03005008347245408
1 0.6132518796992481 0.12020033388981635 0.014097744360902276 0.02671118530884807
1 0.6466165413533835 0.10934891485809684 0.016917293233082664 0.03171953255425709
1 0.6348684210526316 0.12854757929883137 0.015977443609022646 0.033388981636060105
1 0.6710526315789473 0.1310517529215359 0.011278195488721776 0.03171953255425709
1 0.5239661654135339 0.2988313856427379 0.03101503759398494 0.06677796327212021
1 0.5620300751879699 0.2429048414023372 0.022556390977443663 0.05509181969949914
1 0.5728383458646616 0.2854757929883138 0.03101503759398505 0.06677796327212021
1 0.6358082706766917 0.25375626043405675 0.02913533834586468 0.06010016694490816
1 0.6348684210526316 0.3005008347245409 0.027255639097744422 0.06010016694490822
1 0.6353383458646618 0.19866444073455758 0.024436090225563922 0.04674457429048415
1 0.662124060150376 0.17529215358931552 0.019736842105263164 0.04340567612687812
1 0.6672932330827068 0.20033388981636058 0.018796992481202923 0.04674457429048415
1 0.680921052631579 0.24373956594323876 0.02913533834586468 0.06343906510851419
1 0.699718045112782 0.21452420701168615 0.023496240601503682 0.058430717863105164
1 0.7015977443609023 0.18280467445742904 0.023496240601503793 0.041736227045075125
1 0.6907894736842105 0.13856427378964942 0.016917293233082775 0.04006677796327213
1 0.7053571428571428 0.13772954924874792 0.015977443609022646 0.03839732888146913
1 0.724624060150376 0.1636060100166945 0.018796992481203034 0.0400667779632721
1 0.7448308270676691 0.18781302170283806 0.015977443609022646 0.04507512520868112
1 0.7495300751879699 0.13606010016694492 0.015977443609022646 0.04173622704507514
1 0.7387218045112782 0.11936560934891485 0.016917293233082664 0.03505843071786312
1 0.7678571428571428 0.1318864774624374 0.016917293233082664 0.036727879799666116
1 0.7720864661654134 0.15609348914858096 0.019736842105263164 0.0383973288814691
1 0.781484962406015 0.18280467445742904 0.021616541353383423 0.048414023372287146
1 0.7843045112781954 0.22537562604340566 0.023496240601503682 0.050083472454090144
1 0.7725563909774436 0.2587646076794658 0.02819548872180444 0.05676126878130219
1 0.7081766917293233 0.27629382303839733 0.03101503759398494 0.06176961602671119
1 0.8458646616541353 0.3005008347245409 0.02819548872180455 0.06010016694490822
1 0.7951127819548872 0.14023372287145242 0.016917293233082775 0.036727879799666116
1 0.8063909774436091 0.16026711185308848 0.016917293233082664 0.03338898163606008
1 0.8275375939849624 0.19532554257095158 0.019736842105263053 0.04674457429048412
1 0.8510338345864662 0.22787979966611016 0.025375939849624052 0.05509181969949914
1 0.8458646616541353 0.1686143572621035 0.018796992481203034 0.0367278797996661
1 0.8416353383458647 0.1310517529215359 0.015977443609022535 0.03505843071786309
1 0.8576127819548872 0.15108514190317196 0.015977443609022535 0.041736227045075125
1 0.8853383458646616 0.17529215358931552 0.013157894736842035 0.04006677796327213
1 0.8961466165413534 0.20033388981636058 0.017857142857142905 0.04674457429048415
1 0.9205827067669172 0.2328881469115192 0.021616541353383423 0.05175292153589317
1 0.9332706766917294 0.25709515859766274 0.022556390977443663 0.05342237061769614
1 0.9050751879699248 0.19198664440734559 0.013157894736842035 0.026711185308848084
1 0.8961466165413534 0.16026711185308848 0.012218045112781906 0.03672787979966613
