1 0.107 0.4369369369369369 0.04200000000000001 0.08708708708708707
1 0.188 0.4414414414414415 0.043999999999999984 0.09009009009009011
1 0.239 0.36486486486486486 0.04200000000000001 0.07507507507507505
1 0.29100000000000004 0.4369369369369369 0.04199999999999998 0.0750750750750751
1 0.33599999999999997 0.3843843843843844 0.035999999999999976 0.06606606606606602
1 0.372 0.4519519519519519 0.04400000000000004 0.08108108108108109
1 0.41300000000000003 0.4039039039039039 0.03799999999999998 0.0570570570570571
1 0.42500000000000004 0.4714714714714715 0.045999999999999985 0.0780780780780781
1 0.475 0.47597597597597596 0.04199999999999998 0.08708708708708701
1 0.528 0.47597597597597596 0.04400000000000004 0.0930930930930931
1 0.496 0.4084084084084084 0.03600000000000003 0.06606606606606608
1 0.575 0.37987987987987987 0.041999999999999926 0.06306306306306309
1 0.5820000000000001 0.47597597597597596 0.04799999999999993 0.08708708708708701
1 0.651 0.44594594594594594 0.04200000000000004 0.08708708708708712
1 0.65 0.39489489489489493 0.03600000000000003 0.06306306306306303
1 0.72 0.43543543543543545 0.04800000000000004 0.0780780780780781
1 0.771 0.41741741741741745 0.04200000000000004 0.07207207207207206
1 0.7889999999999999 0.4774774774774775 0.04999999999999993 0.0780780780780781
1 0.854 0.40990990990990994 0.04400000000000004 0.08108108108108109
