1 0.20993117010816126 0.36 0.040314650934119955 0.08000000000000002
1 0.3303834808259587 0.19217391304347825 0.015732546705997996 0.03304347826086956
1 0.32890855457227136 0.22695652173913045 0.01868239921337267 0.0365217391304348
1 0.35152409046214356 0.20869565217391306 0.014749262536873142 0.03130434782608696
1 0.41248770894788594 0.21043478260869564 0.012782694198623434 0.02782608695652175
1 0.42084562438544737 0.18086956521739128 0.01573254670599805 0.03478260869565217
1 0.44296951819075714 0.1591304347826087 0.010816125860373615 0.02608695652173912
1 0.464110127826942 0.14869565217391303 0.009832841691248762 0.029565217391304355
1 0.471976401179941 0.1373913043478261 0.011799410029498525 0.027826086956521737
1 0.5132743362831859 0.1217391304347826 0.009832841691248762 0.024347826086956514
1 0.5019665683382498 0.14608695652173914 0.010816125860373671 0.024347826086956542
1 0.5526057030481809 0.12695652173913044 0.009832841691248762 0.02434782608695653
1 0.5924287118977385 0.1217391304347826 0.010816125860373726 0.03478260869565218
1 0.6106194690265487 0.10695652173913042 0.01179941002949858 0.026086956521739132
1 0.6047197640117994 0.13478260869565217 0.02556538839724687 0.04347826086956523
1 0.5653883972468043 0.15130434782608698 0.013765978367748288 0.03130434782608696
1 0.548180924287119 0.19391304347826088 0.01671583087512296 0.04000000000000001
1 0.456243854473943 0.20782608695652174 0.021632251720747286 0.03652173913043477
1 0.48770894788593905 0.2217391304347826 0.017699115044247815 0.03304347826086956
1 0.5781710914454277 0.2391304347826087 0.021632251720747342 0.043478260869565216
1 0.6317600786627335 0.15304347826086956 0.012782694198623323 0.03478260869565217
1 0.6411012782694199 0.12521739130434784 0.01179941002949847 0.02434782608695653
1 0.6445427728613569 0.11304347826086956 0.012782694198623434 0.02782608695652175
1 0.6642084562438545 0.11826086956521739 0.008849557522123908 0.024347826086956514
1 0.6868239921337267 0.12782608695652173 0.01868239921337267 0.02956521739130434
1 0.6991150442477876 0.13391304347826086 0.015732546705997996 0.0417391304347826
1 0.6253687315634218 0.21130434782608695 0.021632251720747342 0.04695652173913045
1 0.5191740412979351 0.28086956521739126 0.02556538839724687 0.05043478260869566
1 0.5919370698131761 0.31565217391304345 0.03343166175024581 0.0643478260869565
1 0.6642084562438545 0.3339130434782609 0.036381514257620484 0.06608695652173918
1 0.6366764995083579 0.25130434782608696 0.020648967551622377 0.04000000000000001
1 0.6573254670599804 0.2921739130434783 0.022615535889872196 0.03478260869565214
1 0.6651917404129793 0.22869565217391302 0.01868239921337267 0.04000000000000001
1 0.6705998033431662 0.1826086956521739 0.019665683382497523 0.034782608695652195
1 0.704031465093412 0.20347826086956522 0.019665683382497523 0.038260869565217404
1 0.7094395280235988 0.16347826086956524 0.02851524090462143 0.05565217391304347
1 0.7409046214355949 0.1808695652173913 0.01671583087512296 0.04173913043478261
1 0.755653883972468 0.13217391304347825 0.01671583087512296 0.03478260869565218
1 0.7669616519174041 0.1547826086956522 0.017699115044247704 0.038260869565217376
1 0.7792527040314651 0.14347826086956522 0.020648967551622377 0.039999999999999994
1 0.7222222222222223 0.24608695652173912 0.022615535889872196 0.05391304347826087
1 0.724188790560472 0.3739130434782609 0.034414945919370665 0.06956521739130439
1 0.8195673549655851 0.36086956521739133 0.026548672566371723 0.0469565217391304
1 0.80039331366765 0.2808695652173913 0.021632251720747342 0.04695652173913045
1 0.7920353982300885 0.21391304347826087 0.01868239921337267 0.034782608695652195
1 0.7984267453294003 0.17043478260869566 0.013765978367748288 0.038260869565217404
1 0.8303834808259587 0.1826086956521739 0.014749262536873253 0.024347826086956514
1 0.8436578171091446 0.16 0.01179941002949847 0.027826086956521723
1 0.8765978367748279 0.1626086956521739 0.01671583087512296 0.0365217391304348
1 0.9139626352015733 0.17304347826086958 0.012782694198623434 0.03304347826086956
1 0.9213372664700099 0.17478260869565218 0.01179941002949858 0.029565217391304355
1 0.9464110127826941 0.18347826086956523 0.010816125860373726 0.03304347826086956
1 0.844149459193707 0.22086956521739132 0.014749262536873253 0.03478260869565217
1 0.8348082595870205 0.3060869565217391 0.02359882005899705 0.05217391304347824
1 0.8780727630285152 0.2643478260869565 0.02359882005899705 0.04521739130434785
1 0.8824975417895772 0.2252173913043478 0.01671583087512296 0.03304347826086956
1 0.9178957718780727 0.24869565217391304 0.01671583087512285 0.04173913043478261
1 0.9346116027531957 0.2426086956521739 0.01671583087512296 0.04695652173913045
1 0.9513274336283186 0.2252173913043478 0.01671583087512285 0.04000000000000001
1 0.9277286135693215 0.29043478260869565 0.024582104228121904 0.04173913043478261
1 0.9119960668633236 0.34173913043478266 0.022615535889872196 0.05739130434782608
1 0.8972468043264503 0.43478260869565216 0.02851524090462143 0.07652173913043481
1 0.8682399213372665 0.19478260869565217 0.013765978367748288 0.034782608695652195
1 0.8131760078662733 0.19826086956521738 0.013765978367748288 0.03478260869565217
1 0.5137659783677483 0.1626086956521739 0.012782694198623323 0.02608695652173912
1 0.5339233038348083 0.1582608695652174 0.015732546705997996 0.02782608695652175
1 0.5875122910521141 0.17391304347826086 0.01868239921337267 0.038260869565217404
1 0.599803343166175 0.14956521739130435 0.015732546705998107 0.034782608695652195
1 0.5093411996066863 0.14 0.01179941002949847 0.019130434782608702
1 0.524582104228122 0.12956521739130433 0.012782694198623434 0.02956521739130434
1 0.7787610619469026 0.18956521739130433 0.017699115044247815 0.038260869565217376
1 0.8490658800393314 0.19130434782608696 0.01868239921337267 0.038260869565217404
