1 0.09312839059674502 0.7149758454106281 0.10669077757685352 0.140096618357488
1 0.12658227848101267 0.8864734299516908 0.15913200723327306 0.20289855072463758
1 0.20343580470162748 0.7077294685990339 0.06690777576853527 0.10144927536231885
1 0.27124773960216997 0.6678743961352658 0.05063291139240508 0.07971014492753625
1 0.15913200723327306 0.6666666666666667 0.050632911392405056 0.08212560386473433
1 0.3236889692585895 0.7137681159420289 0.06871609403254969 0.09903381642512077
1 0.364376130198915 0.7294685990338163 0.08137432188065097 0.08212560386473433
1 0.43490054249547916 0.6751207729468599 0.0705244122965642 0.0845410628019323
1 0.5343580470162749 0.6690821256038648 0.0488245931283906 0.06763285024154586
1 0.6184448462929475 0.7850241545893719 0.1338155515370706 0.16425120772946855
1 0.666365280289331 0.567632850241546 0.04159132007233268 0.0628019323671497
1 0.849005424954792 0.6739130434782609 0.05244122965641951 0.06763285024154597
1 0.825497287522604 0.6461352657004831 0.04520795660036159 0.0652173913043479
1 0.8010849909584087 0.6666666666666667 0.05063291139240511 0.0628019323671497
1 0.895117540687161 0.6763285024154589 0.04339963833634719 0.06763285024154597
1 0.9430379746835442 0.7608695652173914 0.11392405063291144 0.17391304347826086
1 0.3905967450271248 0.8888888888888888 0.3001808318264015 0.21739130434782605
