1 0.2104632587859425 0.42141863699582754 0.04073482428115016 0.08623087621696801
1 0.277555910543131 0.25521557719054244 0.023162939297124596 0.04589707927677328
1 0.29193290734824284 0.25173852573018085 0.018370607028753982 0.04172461752433937
1 0.31030351437699677 0.2614742698191933 0.018370607028753982 0.04172461752433937
1 0.3262779552715655 0.2851182197496523 0.024760383386581486 0.05841446453407506
1 0.319888178913738 0.21974965229485396 0.018370607028753982 0.03616133518776077
1 0.34904153354632583 0.2183588317107093 0.017571884984025565 0.04172461752433934
1 0.4045527156549521 0.2677329624478442 0.021565495207667762 0.045897079276773306
1 0.43450479233226835 0.26425591098748263 0.023961661341853013 0.05006954102920727
1 0.44249201277955275 0.22044506258692628 0.02236421725239618 0.04867872044506261
1 0.40495207667731625 0.18567454798331015 0.0191693290734824 0.037552155771905404
1 0.4217252396166134 0.1759388038942976 0.015974440894568676 0.02920723226703756
1 0.4832268370607029 0.23435326842837273 0.023961661341853013 0.045897079276773306
1 0.42172523961661346 0.23226703755215578 0.017571884984025565 0.030598052851182195
1 0.4464856230031949 0.15855354659248957 0.01757188498402551 0.03616133518776077
1 0.45726837060702874 0.1474269819193324 0.011980830670926534 0.02503477051460362
1 0.4704472843450479 0.16342141863699583 0.01597444089456873 0.03477051460361613
1 0.48242811501597443 0.19471488178025037 0.014376996805111841 0.030598052851182195
1 0.4992012779552716 0.2121001390820584 0.014376996805111786 0.03198887343532686
1 0.4912140575079872 0.13699582753824757 0.012779552715654952 0.02642559109874827
1 0.49840255591054317 0.1258692628650904 0.011182108626198117 0.026425591098748258
1 0.5143769968051118 0.14325452016689846 0.012779552715654896 0.02503477051460362
1 0.5395367412140575 0.13699582753824757 0.015175718849840258 0.03198887343532683
1 0.5475239616613419 0.1752433936022253 0.016773162939297093 0.03894297635605007
1 0.5335463258785942 0.19888734353268428 0.019169329073482344 0.03894297635605007
1 0.5599041533546325 0.14255910987482615 0.01757188498402551 0.03755215577190542
1 0.579073482428115 0.16759388038942977 0.019169329073482344 0.03477051460361613
1 0.5926517571884984 0.152990264255911 0.014376996805111841 0.03337969401947147
1 0.590255591054313 0.1196105702364395 0.015974440894568676 0.027816411682892908
1 0.5962460063897763 0.09944367176634214 0.013578274760383313 0.026425591098748258
1 0.6170127795527156 0.15090403337969402 0.018370607028754038 0.03477051460361613
1 0.6585463258785943 0.12030598052851182 0.015175718849840258 0.029207232267037544
1 0.6717252396166133 0.12447844228094576 0.014376996805111841 0.03198887343532686
1 0.5650958466453675 0.25591098748261476 0.031150159744408934 0.05841446453407509
1 0.5519169329073483 0.30180806675938804 0.036741214057507965 0.05563282336578579
1 0.5031948881789137 0.2990264255910987 0.027156549520766737 0.047287899860917915
1 0.6114217252396166 0.24756606397774686 0.024760383386581486 0.047287899860917915
1 0.6325878594249201 0.21070931849791377 0.022364217252396124 0.05146036161335188
1 0.661741214057508 0.21001390820584145 0.024760383386581486 0.04172461752433937
1 0.6565495207667731 0.18011126564673158 0.01757188498402551 0.03755215577190543
1 0.6585463258785942 0.2573018080667594 0.027955271565495265 0.04728789986091797
1 0.7008785942492013 0.30806675938803896 0.027955271565495154 0.0764951321279555
1 0.7300319488817891 0.2809457579972183 0.028753993610223683 0.055632823365785844
1 0.7751597444089456 0.32962447844228093 0.03594249201277955 0.06954102920723226
1 0.7184504792332268 0.2148817802503477 0.024760383386581486 0.04589707927677328
1 0.7212460063897763 0.18289290681502085 0.019169329073482455 0.03755215577190543
1 0.6920926517571886 0.16898470097357443 0.019968051118210872 0.040333796940194705
1 0.7412140575079873 0.152990264255911 0.01757188498402551 0.036161335187760796
1 0.7492012779552716 0.18011126564673158 0.019169329073482455 0.043115438108484005
1 0.7663738019169329 0.16411682892906815 0.015175718849840258 0.033379694019471495
1 0.764776357827476 0.1376912378303199 0.015175718849840258 0.033379694019471495
1 0.7835463258785942 0.14325452016689846 0.015974440894568676 0.03616133518776077
1 0.8031150159744409 0.1383866481223922 0.015175718849840258 0.03477051460361613
1 0.8134984025559105 0.1808066759388039 0.018370607028753927 0.03894297635605007
1 0.7863418530351438 0.21557719054242003 0.019968051118210872 0.03616133518776077
1 0.759185303514377 0.239221140472879 0.021565495207667706 0.04172461752433934
1 0.8091054313099042 0.27746870653685674 0.02875399361022357 0.06258692628650905
1 0.8606230031948883 0.3087621696801113 0.031150159744408934 0.06397774687065372
1 0.8817891373801917 0.26008344923504867 0.022364217252396124 0.052851182197496516
1 0.922923322683706 0.2795549374130737 0.02635782747603832 0.05841446453407512
1 0.8933706070287539 0.20097357440890123 0.018370607028754038 0.040333796940194705
1 0.8845846645367412 0.22183588317107095 0.019968051118210872 0.045897079276773306
1 0.8366613418530351 0.23435326842837273 0.02635782747603843 0.04311543810848403
1 0.8494408945686901 0.19819193324061196 0.01996805111821076 0.043115438108484005
1 0.8430511182108626 0.1383866481223922 0.015175718849840258 0.03755215577190542
1 0.8801916932907348 0.14603616133518776 0.014376996805111841 0.03616133518776077
