1 0.1699810606060606 0.5058528428093645 0.03882575757575757 0.07190635451505012
1 0.25284090909090906 0.2725752508361204 0.013257575757575746 0.026755852842809347
1 0.27367424242424243 0.27842809364548493 0.017045454545454586 0.031772575250836155
1 0.2982954545454546 0.27508361204013376 0.01704545454545453 0.03846153846153849
1 0.3115530303030303 0.24247491638795987 0.013257575757575746 0.026755852842809374
1 0.35653409090909094 0.22491638795986624 0.016098484848484806 0.035117056856187295
1 0.37452651515151514 0.2006688963210702 0.01420454545454547 0.03678929765886288
1 0.3915719696969697 0.19732441471571904 0.016098484848484806 0.030100334448160543
1 0.3920454545454546 0.2282608695652174 0.013257575757575746 0.02842809364548496
1 0.4185606060606061 0.2023411371237458 0.013257575757575746 0.03344481605351171
1 0.44886363636363635 0.17642140468227424 0.013257575757575746 0.02508361204013379
1 0.4678030303030303 0.15217391304347827 0.011363636363636409 0.026755852842809374
1 0.4365530303030303 0.24163879598662208 0.020833333333333315 0.035117056856187295
1 0.39299242424242425 0.2892976588628763 0.022727272727272707 0.043478260869565244
1 0.3768939393939394 0.28511705685618727 0.017045454545454586 0.03846153846153849
1 0.3522727272727273 0.3060200668896321 0.0246212121212121 0.043478260869565244
1 0.30303030303030304 0.31354515050167225 0.02083333333333337 0.0317725752508361
1 0.459280303030303 0.201505016722408 0.01704545454545453 0.038461538461538464
1 0.4791666666666667 0.2399665551839465 0.018939393939393923 0.038461538461538464
1 0.48390151515151514 0.1697324414715719 0.013257575757575746 0.03511705685618727
1 0.4891098484848485 0.14632107023411373 0.012310606060606022 0.021739130434782622
1 0.6358901515151515 0.30852842809364545 0.02556818181818188 0.051839464882943165
1 0.6860795454545454 0.12123745819397994 0.012310606060606077 0.028428093645484945
1 0.6245265151515151 0.12709030100334448 0.014204545454545414 0.02675585284280936
1 0.6036931818181819 0.12959866220735786 0.014204545454545525 0.02842809364548493
1 0.5733901515151515 0.1262541806020067 0.014204545454545414 0.025083612040133776
1 0.5696022727272727 0.15301003344481606 0.014204545454545414 0.02842809364548496
1 0.6060606060606061 0.15551839464882944 0.01325757575757569 0.026755852842809374
1 0.6273674242424243 0.1505016722408027 0.014204545454545525 0.026755852842809374
1 0.6444128787878788 0.14548494983277593 0.01799242424242431 0.03678929765886288
1 0.5795454545454546 0.18227424749163879 0.017045454545454475 0.03344481605351171
1 0.5355113636363636 0.17224080267558528 0.021780303030302983 0.02341137123745818
1 0.5137310606060606 0.205685618729097 0.0179924242424242 0.030100334448160515
1 0.7476325757575757 0.1254180602006689 0.012310606060606077 0.03010033444816053
1 0.7215909090909091 0.15719063545150502 0.015151515151515138 0.030100334448160543
1 0.6993371212121212 0.1596989966555184 0.016098484848484862 0.038461538461538464
1 0.6519886363636364 0.20986622073578595 0.016098484848484862 0.038461538461538436
1 0.6808712121212122 0.21321070234113715 0.017045454545454586 0.04180602006688963
1 0.6145833333333334 0.24247491638795987 0.024621212121212155 0.05016722408026755
1 0.5696022727272727 0.2508361204013378 0.021780303030302983 0.043478260869565216
1 0.5847537878787878 0.29096989966555187 0.025568181818181768 0.05685618729096992
1 0.5208333333333333 0.31270903010033446 0.02651515151515149 0.04682274247491641
1 0.6879734848484849 0.270066889632107 0.02556818181818188 0.05518394648829433
1 0.7135416666666667 0.22575250836120403 0.019886363636363646 0.05351170568561872
1 0.7443181818181819 0.2023411371237458 0.02083333333333337 0.043478260869565216
1 0.765625 0.14548494983277593 0.014204545454545414 0.030100334448160543
1 0.7793560606060606 0.1387959866220736 0.015151515151515249 0.03344481605351171
1 0.7826704545454546 0.16555183946488294 0.014204545454545525 0.03344481605351168
1 0.7992424242424242 0.16387959866220736 0.015151515151515138 0.030100334448160515
1 0.8153409090909091 0.18227424749163879 0.017045454545454586 0.03344481605351171
1 0.8465909090909092 0.1588628762541806 0.013257575757575801 0.030100334448160543
1 0.8598484848484849 0.1714046822742475 0.015151515151515138 0.0317725752508361
1 0.8570075757575757 0.19899665551839463 0.017045454545454475 0.03344481605351171
1 0.8508522727272727 0.22575250836120403 0.01799242424242431 0.05016722408026755
1 0.9086174242424243 0.16638795986622074 0.014204545454545525 0.0317725752508361
1 0.9010416666666667 0.18896321070234112 0.019886363636363646 0.03678929765886288
1 0.9375 0.28260869565217395 0.018939393939394034 0.05351170568561875
1 0.9422348484848484 0.2683946488294314 0.02083333333333337 0.04515050167224077
1 0.8541666666666667 0.28511705685618727 0.02083333333333337 0.04515050167224083
1 0.8536931818181819 0.3394648829431438 0.021780303030303094 0.05685618729096986
1 0.7845643939393939 0.29849498327759194 0.02556818181818188 0.051839464882943165
1 0.7698863636363635 0.24163879598662208 0.018939393939393923 0.0451505016722408
1 0.7859848484848485 0.21404682274247494 0.017045454545454586 0.04013377926421405
1 0.7329545454545454 0.28260869565217395 0.022727272727272707 0.04682274247491641
