1 0.13952380952380952 0.29298831385642743 0.021904761904761927 0.041736227045075125
1 0.3838095238095238 0.22954924874791321 0.03047619047619049 0.055091819699499195
1 0.4180952380952381 0.19699499165275458 0.020952380952380945 0.0367278797996661
1 0.4419047619047619 0.25375626043405675 0.024761904761904763 0.04674457429048415
1 0.4076190476190476 0.333889816360601 0.02857142857142858 0.06010016694490816
1 0.46714285714285714 0.22621035058430716 0.029523809523809508 0.04507512520868115
1 0.49333333333333335 0.18948247078464106 0.020952380952380945 0.041736227045075125
1 0.5123809523809524 0.18280467445742904 0.020952380952381056 0.041736227045075125
1 0.5033333333333334 0.15108514190317196 0.0161904761904762 0.035058430717863104
1 0.5052380952380953 0.2879799666110184 0.02380952380952378 0.05175292153589317
1 0.6461904761904762 0.2429048414023372 0.02571428571428569 0.048414023372287146
1 0.5876190476190477 0.13939899833055092 0.01904761904761909 0.038397328881469114
1 0.7128571428571429 0.18447412353923204 0.020000000000000018 0.0383973288814691
