1 0.06689124157844081 0.4023372287145242 0.02983638113570742 0.06010016694490816
1 0.2887391722810395 0.2387312186978297 0.015399422521655437 0.03005008347245408
1 0.29499518768046196 0.2679465776293823 0.0163618864292589 0.028380634390651083
1 0.309432146294514 0.26627712854757934 0.01828681424446582 0.03839732888146913
1 0.3411934552454283 0.2629382303839733 0.01828681424446582 0.0383973288814691
1 0.3652550529355149 0.25959933222036724 0.0202117420596728 0.041736227045075125
1 0.4023099133782483 0.2629382303839733 0.019249278152069282 0.0417362270450751
1 0.4167468719923003 0.27295492487479134 0.026948989412896973 0.05175292153589317
1 0.34023099133782486 0.21953255425709517 0.0163618864292589 0.028380634390651083
1 0.3638113570741097 0.21368948247078462 0.015399422521655437 0.033388981636060105
1 0.3700673724735323 0.2287145242070117 0.0163618864292589 0.03338898163606008
1 0.4095283926852743 0.21786310517529217 0.014436958614051976 0.035058430717863104
1 0.46775745909528393 0.2287145242070117 0.019249278152069338 0.04006677796327213
1 0.48604427333974976 0.2353923205342237 0.02117420596727626 0.04340567612687815
1 0.39846005774783444 0.19198664440734559 0.013474494706448514 0.033388981636060105
1 0.40327237728585175 0.19031719532554256 0.013474494706448514 0.026711185308848084
1 0.4292589027911453 0.18864774624373956 0.013474494706448514 0.026711185308848084
1 0.46631376323387874 0.19532554257095158 0.014436958614051976 0.03672787979966613
1 0.49615014436958615 0.19866444073455758 0.014436958614052031 0.0400667779632721
1 0.48411934552454283 0.1669449081803005 0.013474494706448459 0.03338898163606008
1 0.4778633301251203 0.14774624373956594 0.012512030798845053 0.025041736227045086
1 0.4995187680461983 0.13689482470784642 0.011549566891241592 0.026711185308848084
1 0.507218479307026 0.166110183639399 0.015399422521655437 0.028380634390651083
1 0.5298363811357074 0.19198664440734559 0.016361886429258954 0.04006677796327213
1 0.5457170356111646 0.2020033388981636 0.019249278152069227 0.04006677796327213
1 0.5346487006737247 0.17278797996661102 0.016361886429258954 0.025041736227045086
1 0.5774783445620789 0.15442404006677796 0.017324350336862304 0.025041736227045086
1 0.5856592877767084 0.169449081803005 0.016361886429258954 0.035058430717863104
1 0.5842155919153031 0.12437395659432388 0.01347449470644857 0.028380634390651083
1 0.6077959576515881 0.12687813021702837 0.012512030798844997 0.02671118530884807
1 0.6145332050048123 0.14774624373956596 0.014436958614052031 0.035058430717863104
1 0.627526467757459 0.1352253756260434 0.01347449470644857 0.02671118530884807
1 0.6390760346487007 0.14691151919866444 0.011549566891241536 0.03005008347245408
1 0.6434071222329163 0.12520868113522537 0.010587102983638075 0.026711185308848084
1 0.6650625601539942 0.13439065108514192 0.013474494706448459 0.035058430717863104
1 0.6684311838306063 0.12353923205342238 0.012512030798844997 0.030050083472454095
1 0.7045235803657363 0.12520868113522537 0.013474494706448459 0.026711185308848084
1 0.7507218479307026 0.12270450751252088 0.013474494706448459 0.028380634390651097
1 0.7743022136669875 0.13939899833055092 0.012512030798845108 0.03171953255425708
1 0.7897016361886429 0.1318864774624374 0.012512030798844997 0.03005008347245408
1 0.7978825794032725 0.15025041736227046 0.01347449470644857 0.033388981636060105
1 0.8368623676612127 0.1318864774624374 0.010587102983638186 0.026711185308848084
1 0.8662175168431183 0.1419031719532554 0.015399422521655493 0.033388981636060105
1 0.8859480269489894 0.16110183639398998 0.01443695861405192 0.03171953255425708
1 0.9080846968238692 0.166110183639399 0.012512030798844997 0.03839732888146913
1 0.9162656400384985 0.162771285475793 0.011549566891241536 0.03171953255425711
1 0.9355149181905679 0.21786310517529214 0.017324350336862304 0.041736227045075125
1 0.953320500481232 0.24791318864774622 0.018286814244465877 0.04507512520868112
1 0.9624639076034649 0.2863105175292154 0.025024061597690106 0.05509181969949917
1 0.8700673724735322 0.17946577629382304 0.017324350336862415 0.035058430717863104
1 0.8912415784408085 0.2387312186978297 0.025024061597690106 0.05342237061769614
1 0.8195380173243503 0.17445742904841405 0.018286814244465766 0.035058430717863104
1 0.8440808469682387 0.21035058430717862 0.02117420596727615 0.04340567612687812
1 0.7151106833493743 0.15442404006677796 0.01347449470644857 0.03171953255425711
1 0.7290664100096247 0.15108514190317196 0.01443695861405192 0.03171953255425711
1 0.7410972088546679 0.1719532554257095 0.015399422521655493 0.033388981636060105
1 0.7853705486044273 0.1652754590984975 0.013474494706448459 0.03005008347245408
1 0.7670837343599615 0.1894824707846411 0.017324350336862415 0.04507512520868115
1 0.7281039461020211 0.1894824707846411 0.016361886429258843 0.0383973288814691
1 0.6684311838306063 0.18697829716193656 0.018286814244465766 0.04006677796327213
1 0.6650625601539942 0.21535893155258765 0.023099133782483072 0.04340567612687812
1 0.6304138594802695 0.19949916527545908 0.019249278152069338 0.0383973288814691
1 0.6010587102983638 0.22203672787979967 0.022136669874879722 0.05008347245409017
1 0.6434071222329163 0.2429048414023372 0.024061597690086645 0.05175292153589314
1 0.6020211742059672 0.2896494156928214 0.025986525505293567 0.05509181969949917
1 0.5192492781520693 0.3038397328881469 0.025986525505293567 0.05008347245409017
1 0.6434071222329163 0.31719532554257096 0.031761308950914335 0.06010016694490816
1 0.6881616939364774 0.2671118530884808 0.02117420596727626 0.05342237061769614
1 0.7093358999037536 0.25876460767946574 0.02117420596727626 0.04674457429048412
1 0.7410972088546679 0.29799666110183637 0.025024061597690106 0.05509181969949917
1 0.785851780558229 0.2337228714524207 0.02213666987487961 0.05342237061769617
1 0.7959576515880655 0.20868113522537562 0.019249278152069338 0.04674457429048412
1 0.8806544754571703 0.31385642737896496 0.02694898941289703 0.05342237061769617
1 0.7882579403272377 0.3038397328881469 0.025024061597689995 0.06010016694490816
