1 0.10060060060060061 0.26287744227353466 0.017017017017017008 0.028419182948490246
1 0.16566566566566565 0.23001776198934282 0.019019019019019007 0.03730017761989343
1 0.26876876876876876 0.25044404973357015 0.02702702702702703 0.056838365896980436
1 0.34034034034034033 0.2175843694493783 0.018018018018018 0.040852575488454695
1 0.4314314314314314 0.19182948490230906 0.03003003003003002 0.056838365896980464
1 0.4444444444444444 0.22735346358792186 0.018018018018018 0.03197158081705151
1 0.49099099099099097 0.22291296625222023 0.023023023023023004 0.04440497335701596
1 0.5055055055055055 0.17673179396092362 0.02002002002002007 0.04440497335701599
1 0.55005005005005 0.19182948490230906 0.019019019019019034 0.039076376554174064
1 0.5980980980980981 0.16163410301953818 0.017017017017016967 0.03552397868561277
1 0.6216216216216217 0.1447602131438721 0.014014014014014031 0.030195381882770878
1 0.6431431431431431 0.2575488454706927 0.02302302302302306 0.05328596802841917
1 0.7242242242242243 0.29484902309058614 0.027027027027027084 0.060390763765541755
1 0.8413413413413413 0.34369449378330375 0.02902902902902904 0.05506216696269983
1 0.8368368368368369 0.23268206039076378 0.020020020020020013 0.04618117229129662
1 0.9264264264264264 0.29218472468916523 0.023023023023022948 0.04085257548845472
