1 0.20161290322580644 0.422425952045134 0.043548387096774194 0.0860366713681241
1 0.28629032258064513 0.2588152327221439 0.016129032258064557 0.03244005641748943
1 0.30000000000000004 0.24259520451339914 0.017741935483870985 0.04231311706629054
1 0.3314516129032258 0.26304654442877295 0.02258064516129027 0.03808180535966149
1 0.3245967741935484 0.21227080394922426 0.01370967741935486 0.03244005641748943
1 0.33669354838709675 0.2143864598025388 0.015322580645161288 0.036671368124118475
1 0.40403225806451615 0.2524682651622003 0.019354838709677413 0.04231311706629057
1 0.40161290322580645 0.231311706629055 0.01935483870967747 0.04231311706629054
1 0.43266129032258066 0.2454160789844852 0.020161290322580627 0.03949224259520448
1 0.4282258064516129 0.2609308885754584 0.022580645161290325 0.050775740479548664
1 0.4149193548387097 0.1854724964739069 0.015322580645161288 0.029619181946403367
1 0.4314516129032258 0.17983074753173484 0.014516129032258074 0.03244005641748943
1 0.41088709677419355 0.1685472496473907 0.013709677419354804 0.0324400564174894
1 0.42983870967741933 0.15796897038081806 0.014516129032258018 0.03385049365303244
1 0.469758064516129 0.1382228490832158 0.012096774193548432 0.02820874471086038
1 0.47338709677419355 0.14950634696755993 0.012903225806451646 0.031029619181946383
1 0.482258064516129 0.1854724964739069 0.016129032258064502 0.04090267983074755
1 0.48024193548387095 0.22214386459802538 0.016935483870967716 0.046544428772919616
1 0.5306451612903226 0.19040902679830746 0.01774193548387104 0.04231311706629057
1 0.5157258064516129 0.17842031029619182 0.015322580645161343 0.03526093088857546
1 0.4907258064516129 0.1325811001410437 0.010483870967741948 0.025387870239774332
1 0.49879032258064515 0.12059238363892806 0.00887096774193541 0.023977433004231302
1 0.5225806451612903 0.1234132581100141 0.012903225806451646 0.029619181946403395
1 0.5383064516129032 0.1325811001410437 0.015322580645161343 0.031029619181946397
1 0.5629032258064517 0.15444287729196052 0.014516129032258074 0.03526093088857546
1 0.5673387096774194 0.1325811001410437 0.013709677419354915 0.028208744710860365
1 0.4717741935483871 0.32087447108603667 0.022580645161290325 0.05218617771509171
1 0.5467741935483871 0.29619181946403383 0.03387096774193554 0.05359661495063467
1 0.5915322580645161 0.23342736248236953 0.0185483870967742 0.04654442877291959
1 0.6004032258064516 0.15867418899858957 0.015322580645161232 0.03244005641748943
1 0.5943548387096774 0.13469675599435824 0.012903225806451646 0.02961918194640338
1 0.5907258064516129 0.10084626234132582 0.013709677419354804 0.023977433004231316
1 0.6012096774193549 0.10366713681241185 0.012096774193548376 0.02961918194640338
1 0.6169354838709677 0.1389280677009873 0.012903225806451646 0.03244005641748943
1 0.6149193548387096 0.11847672778561354 0.010483870967741948 0.02538787023977432
1 0.6282258064516129 0.12623413258110014 0.011290322580645218 0.029619181946403395
1 0.6616935483870967 0.10648801128349789 0.013709677419354915 0.023977433004231302
1 0.6790322580645161 0.1071932299012694 0.011290322580645218 0.02820874471086038
1 0.657258064516129 0.1622002820874471 0.016129032258064502 0.04513399153737657
1 0.6209677419354839 0.2002820874471086 0.01774193548387104 0.03949224259520451
1 0.6431451612903225 0.23201692524682652 0.023387096774193483 0.04654442877291959
1 0.659274193548387 0.25811001410437234 0.020161290322580627 0.0451339915373766
1 0.6701612903225806 0.29901269393511987 0.030645161290322576 0.06488011283497885
1 0.6620967741935484 0.20451339915373767 0.022580645161290325 0.04795486600846263
1 0.6850806451612903 0.15091678420310295 0.015322580645161343 0.031029619181946383
1 0.7137096774193548 0.17277856135401976 0.014516129032258074 0.03244005641748943
1 0.7254032258064516 0.15514809590973203 0.013709677419354915 0.03102961918194641
1 0.7419354838709677 0.1861777150916784 0.019354838709677358 0.04231311706629057
1 0.7201612903225807 0.21156558533145275 0.022580645161290325 0.03949224259520451
1 0.7294354838709678 0.26022566995768687 0.02661290322580645 0.057827926657263745
1 0.7701612903225806 0.3244005641748942 0.032258064516129004 0.05923836389280679
1 0.7665322580645162 0.2143864598025388 0.020161290322580627 0.03949224259520451
1 0.7705645161290322 0.16995768688293372 0.015322580645161232 0.03808180535966152
1 0.7657258064516129 0.14174894217207334 0.015322580645161343 0.03244005641748943
1 0.7814516129032258 0.12693935119887165 0.014516129032258074 0.036671368124118475
1 0.810483870967742 0.12482369534555712 0.014516129032258074 0.040902679830747524
1 0.7943548387096775 0.16008462623413258 0.012903225806451535 0.03244005641748943
1 0.8048387096774194 0.19675599435825106 0.01774193548387093 0.040902679830747524
1 0.8189516129032257 0.1678420310296192 0.01693548387096777 0.04795486600846263
1 0.8346774193548387 0.15373765867418898 0.014516129032258074 0.031029619181946383
1 0.844758064516129 0.12834978843441466 0.012096774193548376 0.031029619181946397
1 0.8766129032258064 0.1375176304654443 0.012903225806451646 0.03244005641748943
1 0.8568548387096775 0.1777150916784203 0.013709677419354915 0.03102961918194641
1 0.8508064516129032 0.20239774330042312 0.016129032258064502 0.03808180535966149
1 0.8362903225806451 0.22002820874471085 0.022580645161290325 0.0451339915373766
1 0.8036290322580646 0.27221438645980256 0.025000000000000022 0.0564174894217207
1 0.864516129032258 0.2820874471086037 0.024193548387096753 0.053596614950634724
1 0.896774193548387 0.20380818053596617 0.016129032258064502 0.04090267983074755
1 0.922983870967742 0.2531734837799718 0.020161290322580627 0.05218617771509168
1 0.8955645161290322 0.1847672778561354 0.013709677419354915 0.03385049365303244
