1 0.10768995098039216 0.42038043478260867 0.02420343137254903 0.0516304347826087
1 0.15747549019607843 0.39809782608695654 0.031862745098039214 0.06684782608695655
1 0.19194240196078433 0.41494565217391305 0.02849264705882351 0.0581521739130435
1 0.23682598039215685 0.40625 0.03492647058823528 0.06032608695652175
1 0.2991727941176471 0.4032608695652174 0.027267156862745112 0.06413043478260871
1 0.3166360294117647 0.37472826086956523 0.024203431372549045 0.05923913043478263
1 0.3417585784313726 0.3951086956521739 0.03707107843137253 0.07282608695652176
1 0.41130514705882354 0.4402173913043478 0.037071078431372584 0.06956521739130433
1 0.42769607843137253 0.4092391304347826 0.02757352941176472 0.061956521739130466
1 0.47181372549019607 0.46059782608695654 0.04105392156862747 0.07663043478260873
1 0.5370710784313726 0.4796195652173913 0.03492647058823528 0.06902173913043474
1 0.6268382352941176 0.4116847826086957 0.04289215686274517 0.0864130434782609
1 0.7149203431372548 0.44755434782608694 0.04381127450980393 0.09402173913043477
1 0.7409620098039216 0.39184782608695656 0.032169117647058876 0.08152173913043476
1 0.821844362745098 0.4625 0.05851715686274506 0.11086956521739127
1 0.8719362745098039 0.4081521739130435 0.045955882352941124 0.08913043478260874
