1 0.03038674033149171 0.402 0.055248618784530384 0.07600000000000001
1 0.13674033149171272 0.404 0.0580110497237569 0.07200000000000001
1 0.22237569060773482 0.396 0.05248618784530387 0.064
1 0.19751381215469616 0.33999999999999997 0.03591160220994474 0.04799999999999999
1 0.27348066298342544 0.348 0.0331491712707182 0.055999999999999994
1 0.3121546961325967 0.406 0.04972375690607739 0.07600000000000001
1 0.34944751381215466 0.368 0.030386740331491746 0.04800000000000004
1 0.3411602209944751 0.32799999999999996 0.03038674033149169 0.03999999999999998
1 0.35497237569060774 0.316 0.024861878453038666 0.040000000000000036
1 0.393646408839779 0.312 0.024861878453038666 0.04800000000000004
1 0.4171270718232044 0.33999999999999997 0.02762430939226518 0.04799999999999999
1 0.4157458563535912 0.398 0.04696132596685082 0.07600000000000001
1 0.4958563535911602 0.364 0.04143646408839774 0.064
1 0.47651933701657456 0.33799999999999997 0.024861878453038666 0.043999999999999984
1 0.4419889502762431 0.314 0.022099447513812154 0.03600000000000003
1 0.44613259668508287 0.22399999999999998 0.01933701657458564 0.032
1 0.4903314917127072 0.29200000000000004 0.02486187845303872 0.03999999999999998
1 0.5207182320441989 0.348 0.03038674033149169 0.04799999999999999
1 0.5096685082872928 0.316 0.01933701657458564 0.03200000000000003
1 0.5276243093922652 0.29600000000000004 0.02209944751381221 0.03199999999999997
1 0.5511049723756906 0.316 0.01933701657458564 0.040000000000000036
1 0.5013812154696132 0.246 0.019337016574585586 0.027999999999999997
1 0.6878453038674033 0.32599999999999996 0.02209944751381221 0.043999999999999984
1 0.6947513812154696 0.304 0.01933701657458564 0.02400000000000002
1 0.8121546961325967 0.43200000000000005 0.04972375690607733 0.07200000000000001
