1 0.27235772357723576 0.22054140127388536 0.015356820234869006 0.033439490445859865
1 0.3193315266485998 0.21178343949044587 0.017163504968383037 0.03821656050955413
1 0.34191508581752483 0.24203821656050956 0.017163504968383037 0.03821656050955413
1 0.36946702800361336 0.19187898089171973 0.02168021680216803 0.03980891719745225
1 0.3794037940379404 0.17436305732484075 0.012646793134598044 0.027070063694267538
1 0.3866305329719964 0.20222929936305734 0.016260162601625994 0.031847133757961804
1 0.3956639566395664 0.1839171974522293 0.016260162601625994 0.030254777070063715
1 0.4155374887082204 0.2213375796178344 0.01626016260162605 0.035031847133757954
1 0.4006323396567299 0.24522292993630573 0.024390243902439046 0.047770700636942665
1 0.43766937669376693 0.2531847133757962 0.022583559168925016 0.047770700636942665
1 0.4363143631436314 0.17436305732484075 0.014453477868112019 0.027070063694267538
1 0.4232158988256549 0.14888535031847133 0.013550135501355032 0.02707006369426751
1 0.46025293586269195 0.14171974522292993 0.011743450767841002 0.02547770700636942
1 0.4760614272809395 0.15843949044585987 0.012646793134598044 0.023885350318471332
1 0.47244805781391147 0.18869426751592355 0.016260162601625994 0.030254777070063715
1 0.46386630532971995 0.2085987261146497 0.015356820234869006 0.03821656050955413
1 0.49096657633242996 0.2157643312101911 0.020776874435410986 0.0429936305732484
1 0.5063233965672991 0.19745222929936307 0.017163504968383037 0.03821656050955416
1 0.5031616982836495 0.16401273885350318 0.010840108401083959 0.02547770700636942
1 0.484643179765131 0.14251592356687898 0.013550135501354976 0.02707006369426751
1 0.4941282746160795 0.1337579617834395 0.012646793134598044 0.0286624203821656
1 0.5153568202348691 0.13136942675159236 0.013550135501355087 0.020700636942675155
1 0.530713640469738 0.1664012738853503 0.013550135501354976 0.02707006369426751
1 0.537037037037037 0.1377388535031847 0.011743450767841002 0.020700636942675155
1 0.541553748870822 0.125 0.013550135501355087 0.033439490445859865
1 0.5627822944896116 0.1393312101910828 0.014453477868112019 0.02707006369426751
1 0.570460704607046 0.12977707006369427 0.013550135501355087 0.023885350318471332
1 0.5808491418247516 0.1695859872611465 0.01806684733513997 0.046178343949044603
1 0.5505871725383921 0.19745222929936307 0.02258355916892496 0.04140127388535034
1 0.498193315266486 0.28821656050955413 0.04245709123757907 0.07643312101910826
1 0.5609756097560976 0.28662420382165604 0.028906955736223927 0.07006369426751591
1 0.5727190605239386 0.2531847133757962 0.023486901535682003 0.03821656050955413
1 0.6084010840108401 0.267515923566879 0.028003613369466995 0.0573248407643312
1 0.6318879855465221 0.21098726114649682 0.024390243902439046 0.046178343949044576
1 0.5989159891598916 0.1106687898089172 0.010840108401083959 0.023885350318471332
1 0.6047877145438121 0.13853503184713375 0.011743450767841002 0.02547770700636942
1 0.6133694670280037 0.1321656050955414 0.012646793134598044 0.022292993630573243
1 0.6233062330623306 0.1449044585987261 0.014453477868112019 0.0286624203821656
1 0.6214995483288166 0.12261146496815287 0.012646793134598044 0.022292993630573243
1 0.6300813008130082 0.11305732484076433 0.009936766034327027 0.022292993630573243
1 0.6562782294489612 0.11544585987261147 0.013550135501354976 0.02707006369426751
1 0.6698283649503162 0.11146496815286625 0.011743450767841113 0.0286624203821656
1 0.6775067750677507 0.1321656050955414 0.014453477868112019 0.0286624203821656
1 0.7104787714543812 0.11544585987261147 0.013550135501354976 0.030254777070063688
1 0.6996386630532971 0.16878980891719744 0.013550135501355087 0.02547770700636942
1 0.7082204155374887 0.1799363057324841 0.014453477868112019 0.03503184713375798
1 0.6987353206865402 0.22611464968152867 0.020776874435411097 0.04140127388535031
1 0.6824751580849142 0.267515923566879 0.02258355916892507 0.04458598726114649
1 0.6707317073170731 0.21894904458598727 0.020776874435410986 0.03662420382165604
1 0.6630532971996387 0.18710191082802546 0.019873532068654054 0.046178343949044603
1 0.7384823848238482 0.2635350318471338 0.02619692863595302 0.05254777070063693
1 0.7570009033423668 0.2571656050955414 0.02168021680216803 0.0429936305732484
1 0.7457091237579043 0.2125796178343949 0.017163504968383037 0.0429936305732484
1 0.7348690153568203 0.17754777070063693 0.017163504968383037 0.03662420382165607
1 0.7308039747064138 0.14729299363057324 0.014453477868112019 0.033439490445859865
1 0.7633242999096658 0.15286624203821655 0.014453477868112019 0.03821656050955413
1 0.7895212285456188 0.15445859872611464 0.016260162601626105 0.03821656050955413
1 0.7877145438121048 0.12818471337579618 0.01806684733513997 0.03662420382165604
1 0.7886178861788617 0.2197452229299363 0.02168021680216803 0.03821656050955413
1 0.7845528455284553 0.2818471337579618 0.024390243902439046 0.0573248407643312
1 0.8337850045167119 0.3248407643312102 0.030713640469738013 0.060509554140127375
1 0.8057813911472448 0.1592356687898089 0.014453477868112019 0.035031847133757954
1 0.8116531165311653 0.14410828025477707 0.011743450767841002 0.02707006369426751
1 0.8211382113821138 0.17436305732484075 0.014453477868112019 0.030254777070063715
1 0.8360433604336044 0.160828025477707 0.015356820234868951 0.031847133757961776
1 0.8473351400180669 0.1520700636942675 0.01084010840108407 0.033439490445859865
1 0.8644986449864498 0.178343949044586 0.012646793134598044 0.03821656050955416
1 0.8825654923215899 0.17356687898089174 0.012646793134597933 0.031847133757961804
1 0.8414634146341463 0.20461783439490447 0.015356820234869062 0.030254777070063688
1 0.8563685636856369 0.20063694267515925 0.016260162601626105 0.031847133757961804
1 0.8360433604336044 0.23885350318471338 0.02258355916892507 0.04140127388535031
1 0.8617886178861789 0.25636942675159236 0.025293586269195978 0.05414012738853502
1 0.8775971093044264 0.23328025477707007 0.013550135501354976 0.03662420382165604
1 0.8852755194218609 0.20939490445859874 0.016260162601626105 0.033439490445859865
1 0.9065040650406504 0.160828025477707 0.013550135501354976 0.035031847133757954
1 0.934056007226739 0.1839171974522293 0.012646793134598044 0.03343949044585989
1 0.9426377597109304 0.21178343949044587 0.015356820234869062 0.04458598726114649
1 0.9214092140921409 0.21656050955414013 0.014453477868112019 0.031847133757961776
1 0.924119241192412 0.24681528662420382 0.01806684733514008 0.035031847133757954
1 0.9164408310749774 0.2961783439490446 0.02258355916892496 0.04458598726114649
1 0.9186991869918699 0.3495222929936306 0.027100271002709952 0.05891719745222934
