1 0.05501930501930502 0.3466003316749585 0.0193050193050193 0.03648424543946932
1 0.39768339768339767 0.19817578772802652 0.019305019305019322 0.03150912106135986
1 0.5193050193050193 0.07545605306799337 0.015444015444015413 0.02487562189054726
1 0.5067567567567568 0.1509121061359867 0.013513513513513487 0.033167495854063006
1 0.44305019305019305 0.25538971807628524 0.021235521235521193 0.039800995024875635
1 0.47297297297297297 0.22139303482587064 0.021235521235521193 0.04809286898839138
1 0.5936293436293436 0.12686567164179105 0.015444015444015413 0.02487562189054726
1 0.4917953667953668 0.2769485903814262 0.027992277992277992 0.05306799336650081
1 0.5376447876447876 0.27943615257048093 0.02316602316602312 0.05804311774461024
1 0.6602316602316602 0.24212271973466004 0.02316602316602312 0.05970149253731341
1 0.7239382239382239 0.18159203980099503 0.019305019305019266 0.03482587064676618
