1 0.23021001615508885 0.24617524339360222 0.0258481421647819 0.047287899860917915
1 0.25201938610662356 0.237134909596662 0.02423263327948305 0.04867872044506258
1 0.2855411954765751 0.26286509040333794 0.018578352180937008 0.030598052851182195
1 0.30290791599353795 0.27885952712100137 0.021001615508885296 0.04033379694019473
1 0.324313408723748 0.23852573018080667 0.020193861066235885 0.043115438108484005
1 0.35258481421647814 0.23713490959666203 0.02665589660743134 0.04589707927677328
1 0.3505654281098546 0.20584144645340752 0.02423263327948305 0.04172461752433937
1 0.4507269789983845 0.1905424200278164 0.029079159935379684 0.04728789986091794
1 0.5258481421647819 0.2760778859527121 0.029079159935379684 0.05146036161335188
1 0.5831987075928917 0.29694019471488176 0.029079159935379573 0.04589707927677328
1 0.6122778675282714 0.3143254520166898 0.029079159935379684 0.05841446453407512
