1 0.1846938775510204 0.4346938775510204 0.0326530612244898 0.05034013605442178
1 0.2545918367346939 0.6197278911564625 0.04795918367346941 0.0775510204081632
1 0.3168367346938775 0.6034013605442177 0.0622448979591837 0.08843537414965985
1 0.31275510204081636 0.5442176870748299 0.03775510204081628 0.05442176870748294
1 0.2790816326530612 0.5319727891156463 0.03367346938775512 0.05714285714285716
1 0.3989795918367347 0.5149659863945578 0.04285714285714287 0.05034013605442178
1 0.38418367346938775 0.572108843537415 0.04795918367346941 0.06666666666666665
1 0.5846938775510204 0.6925170068027211 0.07551020408163267 0.12244897959183676
1 0.5622448979591836 0.5877551020408163 0.04693877551020409 0.0680272108843537
1 0.5219387755102041 0.5244897959183673 0.03979591836734686 0.05306122448979589
1 0.5729591836734693 0.5496598639455782 0.03979591836734697 0.05986394557823127
1 0.5877551020408163 0.5054421768707483 0.030612244897959218 0.04217687074829929
1 0.628061224489796 0.5299319727891156 0.04795918367346941 0.05306122448979589
1 0.6785714285714286 0.5748299319727892 0.055102040816326525 0.07210884353741498
1 0.7795918367346939 0.616326530612245 0.07959183673469394 0.108843537414966
1 0.758673469387755 0.5448979591836735 0.04183673469387761 0.05578231292517
1 0.8198979591836735 0.5564625850340137 0.04591836734693877 0.0653061224489796
1 0.8061224489795918 0.5081632653061224 0.038775510204081653 0.04489795918367351
1 0.8372448979591837 0.49727891156462584 0.027551020408163263 0.04489795918367345
1 0.8540816326530613 0.5448979591836736 0.03265306122448974 0.058503401360544216
1 0.8938775510204082 0.49795918367346936 0.032653061224489854 0.040816326530612235
1 0.9576530612244898 0.5782312925170068 0.07244897959183683 0.10068027210884356
1 0.9663265306122448 0.49863945578231295 0.032653061224489854 0.05578231292517005
