1 0.21197718631178708 0.8430813124108416 0.1520912547528517 0.24536376604850207
1 0.1397338403041825 0.6547788873038516 0.07984790874524715 0.10556348074179744
1 0.1349809885931559 0.5920114122681883 0.07034220532319392 0.08559201141226813
1 0.1088403041825095 0.5477888730385164 0.050380228136882144 0.05706134094151216
1 0.11929657794676807 0.507132667617689 0.037072243346007616 0.05563480741797433
1 0.08460076045627377 0.5049928673323824 0.043726235741444866 0.054208273894436554
1 0.0408745247148289 0.5748930099857347 0.060836501901140684 0.09129814550641946
1 0.018060836501901142 0.5092724679029957 0.034220532319391636 0.05135520684736089
1 0.2414448669201521 0.49928673323823114 0.03231939163498099 0.04279600570613412
1 0.21577946768060835 0.4893009985734665 0.026615969581749027 0.03708987161198285
1 0.22338403041825095 0.47075606276747506 0.03231939163498099 0.037089871611982905
1 0.2785171102661597 0.4736091298145506 0.03231939163498099 0.045649072753209674
1 0.3084600760456274 0.49643366619115553 0.03326996197718629 0.03994293865905851
1 0.31416349809885935 0.4629101283880171 0.02756653992395436 0.03851640513552068
1 0.3417300380228137 0.5085592011412268 0.035171102661596954 0.06134094151212549
1 0.36549429657794674 0.4971469329529244 0.01996197718631182 0.0442225392296719
1 0.34505703422053235 0.47218259629101283 0.024714828897338392 0.0342368045649073
1 0.3821292775665399 0.48288159771754635 0.026615969581749055 0.04422253922967195
1 0.4049429657794677 0.4700427960057061 0.026615969581749055 0.04136947218259629
1 0.42918250950570347 0.5028530670470757 0.04277566539923955 0.05848787446504994
1 0.45009505703422054 0.5349500713266762 0.050380228136882144 0.0684736091298146
1 0.4443916349809886 0.4764621968616263 0.02376425855513309 0.04279600570613412
1 0.4553231939163498 0.4586305278174037 0.024714828897338392 0.03851640513552068
1 0.3184410646387833 0.40014265335235377 0.017110266159695853 0.032810271041369465
1 0.49429657794676807 0.5014265335235378 0.038022813688212864 0.055634807417974275
1 0.5004752851711027 0.4586305278174037 0.02376425855513309 0.029957203994293913
1 0.5423003802281369 0.45649072753209696 0.025665399239543696 0.04279600570613412
1 0.561787072243346 0.48074179743223966 0.02281368821292773 0.0542082738944365
1 0.5375475285171103 0.5470756062767475 0.04657794676806082 0.06990014265335243
1 0.6411596958174905 0.593437945791726 0.06749049429657805 0.09700427960057068
1 0.629277566539924 0.535663338088445 0.05133079847908739 0.0641940085592011
1 0.5865019011406845 0.48930099857346654 0.03802281368821292 0.054208273894436554
1 0.6121673003802282 0.47004279600570614 0.026615969581749055 0.0442225392296719
1 0.5888783269961977 0.44650499286733236 0.025665399239543696 0.03138373751783169
1 0.6416349809885932 0.45720399429386593 0.02281368821292773 0.04136947218259629
1 0.6463878326996197 0.4921540656205421 0.034220532319391594 0.04850213980028534
1 0.6653992395437263 0.4579172610556348 0.024714828897338448 0.04564907275320973
1 0.7062737642585551 0.5064194008559201 0.04752851711026618 0.06847360912981454
1 0.7100760456273765 0.4629101283880171 0.028517110266159773 0.0442225392296719
1 0.7442965779467681 0.47075606276747506 0.03231939163498099 0.045649072753209674
1 0.7870722433460076 0.48074179743223966 0.026615969581749055 0.0542082738944365
1 0.8051330798479087 0.4978601997146933 0.03612167300380231 0.05706134094151216
1 0.8174904942965779 0.5527817403708988 0.06273764258555126 0.08131241084165486
1 0.8512357414448669 0.6911554921540657 0.11501901140684412 0.21825962910128383
1 0.9301330798479088 0.6747503566333809 0.08840304182509506 0.16833095577746082
1 0.8849809885931559 0.557774607703281 0.06844106463878319 0.09415121255349501
1 0.8431558935361216 0.4942938659058488 0.04372623574144485 0.061340941512125546
1 0.8640684410646389 0.456490727532097 0.03231939163498099 0.0542082738944365
1 0.9634030418250951 0.5249643366619116 0.056083650190114076 0.09985734664764623
1 0.9776615969581749 0.4600570613409415 0.04467680608365021 0.06134094151212549
