1 0.06220984215413185 0.42070116861435725 0.03342618384401114 0.08347245409015025
1 0.08774373259052926 0.42821368948247074 0.04549675023212628 0.0951585976627713
1 0.3152274837511606 0.19699499165275458 0.025069637883008367 0.05342237061769614
1 0.3226555246053853 0.24123539232053423 0.02135561745589598 0.041736227045075125
1 0.36258124419684307 0.22287145242070117 0.02692664809656453 0.05509181969949917
1 0.39136490250696376 0.2045075125208681 0.021355617455896037 0.041736227045075125
1 0.5153203342618384 0.2879799666110184 0.027855153203342642 0.05509181969949917
1 0.5487465181058496 0.2896494156928214 0.027855153203342642 0.06510851419031716
1 0.8481894150417828 0.4774624373956594 0.05292479108635095 0.12353923205342232
1 0.6244196843082637 0.27963272120200333 0.03249767873723308 0.06176961602671116
1 0.6049210770659239 0.17612687813021705 0.02692664809656453 0.05175292153589314
1 0.5798514391829155 0.14691151919866444 0.0232126276694522 0.04340567612687812
1 0.6132776230269267 0.12520868113522537 0.02135561745589598 0.04340567612687812
1 0.6499535747446611 0.13355592654424042 0.02599814298978642 0.04674457429048415
1 0.6615598885793872 0.19616026711185308 0.0343546889507893 0.05509181969949917
1 0.6982358402971216 0.19365609348914858 0.02228412256267409 0.04340567612687812
