1 0.30842105263157893 0.5404984423676013 0.09473684210526317 0.1713395638629283
1 0.2305263157894737 0.4158878504672897 0.0736842105263158 0.1090342679127726
1 0.13473684210526315 0.3598130841121495 0.06315789473684212 0.09657320872274144
1 0.09052631578947368 0.30062305295950154 0.05473684210526315 0.09034267912772587
1 0.053684210526315786 0.24299065420560745 0.039999999999999994 0.056074766355140165
1 0.14105263157894737 0.2616822429906542 0.03789473684210527 0.056074766355140165
1 0.15894736842105261 0.2757009345794392 0.03578947368421051 0.059190031152647954
1 0.25894736842105265 0.2850467289719626 0.04631578947368423 0.07165109034267911
1 0.4094736842105263 0.3956386292834891 0.056842105263157916 0.09345794392523366
1 0.5663157894736841 0.44859813084112143 0.07578947368421052 0.12461059190031148
1 0.4557894736842105 0.2585669781931464 0.03578947368421048 0.06230529595015574
1 0.44105263157894736 0.22274143302180685 0.03157894736842104 0.04672897196261683
1 0.3894736842105263 0.24766355140186913 0.02947368421052632 0.05295950155763238
1 0.33473684210526317 0.21495327102803738 0.025263157894736876 0.04361370716510904
1 0.6221052631578947 0.19781931464174454 0.023157894736842044 0.04672897196261683
1 0.7094736842105263 0.2102803738317757 0.025263157894736765 0.04672897196261683
1 0.6873684210526316 0.29906542056074764 0.039999999999999925 0.07476635514018692
1 0.8273684210526315 0.3644859813084112 0.04210526315789476 0.09345794392523366
1 0.9347368421052631 0.32398753894080995 0.05052631578947364 0.09345794392523366
1 0.7978947368421052 0.24922118380062303 0.025263157894736765 0.056074766355140165
1 0.9663157894736842 0.23676012461059187 0.037894736842105314 0.06230529595015574
