1 0.039126478616924476 0.24511400651465798 0.01273885350318471 0.037459283387622166
1 0.19563239308462238 0.2019543973941368 0.02001819836214741 0.039087947882736146
1 0.2070063694267516 0.3452768729641694 0.039126478616924476 0.08794788273615634
1 0.313466787989081 0.1685667752442997 0.022747952684258388 0.04071661237785015
1 0.29526842584167423 0.21905537459283386 0.017288444040036433 0.02442996742671008
1 0.3848953594176524 0.19462540716612378 0.02001819836214741 0.043973941368078195
1 0.41128298453139217 0.21905537459283386 0.021838034576888044 0.04397394136807817
1 0.4167424931756142 0.1783387622149837 0.016378525932666088 0.03420195439739415
1 0.43312101910828027 0.1449511400651466 0.0218380345768881 0.04234527687296416
1 0.6101000909918107 0.1026058631921824 0.01364877161055511 0.029315960912052116
1 0.6492265696087351 0.11807817589576547 0.0154686078252958 0.030944625407166124
1 0.6346678798908099 0.13925081433224756 0.011828935395814422 0.027687296416938123
1 0.6464968152866242 0.1457654723127036 0.017288444040036377 0.02442996742671008
1 0.7529572338489536 0.14250814332247558 0.011828935395814422 0.03094462540716611
1 0.7679708826205642 0.1449511400651466 0.018198362147406777 0.03583061889250813
1 0.864877161055505 0.18892508143322476 0.013648771610555 0.03583061889250816
1 0.9376706096451319 0.19381107491856678 0.015468607825295688 0.03583061889250816
1 0.8858052775250227 0.23941368078175895 0.017288444040036377 0.045602605863192175
1 0.91901728844404 0.24511400651465798 0.020018198362147355 0.04723127035830621
1 0.8189262966333031 0.25651465798045603 0.021838034576888155 0.04723127035830621
