1 0.03125 0.4027777777777778 0.05694444444444445 0.09814814814814815
1 0.14027777777777778 0.4657407407407408 0.09722222222222222 0.1388888888888889
1 0.18611111111111112 0.3990740740740741 0.052777777777777785 0.08703703703703702
1 0.09513888888888888 0.26851851851851855 0.04027777777777779 0.05925925925925926
1 0.23125 0.3407407407407408 0.02638888888888888 0.037037037037037035
1 0.27152777777777776 0.35 0.03194444444444444 0.05185185185185187
1 0.29930555555555555 0.3277777777777778 0.03194444444444444 0.04814814814814816
1 0.27013888888888893 0.4361111111111111 0.07083333333333336 0.10185185185185186
1 0.39444444444444443 0.4842592592592593 0.09444444444444444 0.1425925925925926
1 0.35833333333333334 0.3657407407407407 0.04166666666666663 0.05740740740740741
1 0.3625 0.33611111111111114 0.030555555555555558 0.03518518518518515
1 0.40069444444444446 0.35 0.03750000000000003 0.06666666666666671
1 0.46111111111111114 0.35277777777777775 0.04999999999999999 0.08703703703703708
1 0.5076388888888889 0.35277777777777775 0.0402777777777778 0.06851851851851848
1 0.5965277777777778 0.4027777777777778 0.0625 0.09814814814814815
1 0.5666666666666667 0.35555555555555557 0.047222222222222276 0.07407407407407407
1 0.6611111111111112 0.35370370370370374 0.03888888888888886 0.06296296296296294
1 0.6909722222222222 0.4046296296296297 0.056944444444444464 0.08333333333333331
1 0.7243055555555555 0.3648148148148148 0.03749999999999998 0.062962962962963
1 0.7611111111111111 0.36296296296296293 0.03888888888888886 0.07037037037037036
1 0.7673611111111112 0.4388888888888889 0.08472222222222225 0.11481481481481481
1 0.8472222222222223 0.36944444444444446 0.036111111111111094 0.06851851851851853
1 0.8819444444444444 0.41203703703703703 0.06388888888888888 0.09444444444444444
1 0.9166666666666667 0.37777777777777777 0.0444444444444444 0.08148148148148149
