1 0.07563025210084033 0.3595505617977528 0.03734827264239029 0.0770465489566613
1 0.2735760971055089 0.19502407704654895 0.016806722689075626 0.040128410914927776
1 0.2861811391223156 0.22231139646869985 0.021475256769374396 0.0561797752808989
1 0.30952380952380953 0.18940609951845905 0.015873015873015872 0.035313001605136424
1 0.3221288515406162 0.18218298555377208 0.018674136321195134 0.03691813804173355
1 0.3954248366013072 0.20385232744783305 0.028944911297852483 0.057784911717495974
1 0.4243697478991597 0.2247191011235955 0.019607843137254888 0.0449438202247191
1 0.47245564892623715 0.1781701444622793 0.024276377217553713 0.0609951845906902
1 0.5130718954248366 0.15409309791332265 0.02334267040149396 0.048154093097913325
1 0.5695611577964519 0.15730337078651685 0.02614379084967322 0.05457463884430175
1 0.6349206349206349 0.18459069020866775 0.02801120448179273 0.057784911717495974
1 0.5863678804855275 0.2736757624398074 0.02801120448179273 0.06260032102728733
1 0.6167133520074697 0.29935794542536115 0.028944911297852483 0.0626003210272873
1 0.7525676937441643 0.35152487961476725 0.04481792717086841 0.0930979133226324
