1 0.0225 0.5421686746987951 0.043 0.08734939759036142
1 0.10025 0.5508283132530121 0.0655 0.10165662650602414
1 0.0405 0.47891566265060237 0.030000000000000002 0.05271084337349391
1 0.01625 0.48230421686746994 0.028499999999999998 0.042921686746987986
1 0.06775 0.4740210843373494 0.025500000000000002 0.04442771084337349
1 0.111 0.47966867469879515 0.03 0.040662650602409645
1 0.12925 0.47891566265060237 0.02250000000000002 0.042168674698795205
1 0.166 0.5222138554216867 0.05099999999999999 0.07756024096385539
1 0.14525 0.4634789156626506 0.01849999999999999 0.027861445783132543
1 0.20900000000000002 0.5022590361445783 0.034 0.05572289156626509
1 0.20450000000000002 0.4740210843373494 0.031 0.03840361445783136
1 0.267 0.3625753012048193 0.057999999999999996 0.09412650602409639
1 0.30525 0.6460843373493976 0.1475 0.23644578313253006
1 0.50425 0.5335090361445783 0.10249999999999998 0.16942771084337355
1 0.5627500000000001 0.5128012048192772 0.04749999999999999 0.10692771084337355
1 0.46799999999999997 0.32944277108433734 0.07699999999999996 0.12274096385542166
1 0.43925000000000003 0.40399096385542166 0.016500000000000015 0.03237951807228917
1 0.43525 0.38478915662650603 0.020500000000000018 0.03162650602409639
1 0.4065 0.39081325301204817 0.01899999999999996 0.02861445783132527
1 0.40625 0.41528614457831325 0.01849999999999996 0.027861445783132543
1 0.4135 0.4691265060240964 0.03199999999999997 0.06174698795180722
1 0.36375 0.47665662650602414 0.038500000000000034 0.0828313253012048
1 0.35 0.41641566265060237 0.01699999999999996 0.03012048192771083
1 0.59675 0.44728915662650603 0.02849999999999997 0.04668674698795183
1 0.5569999999999999 0.44917168674698793 0.025000000000000022 0.0384036144578313
1 0.5365 0.44352409638554213 0.018000000000000016 0.040662650602409645
1 0.5622499999999999 0.39721385542168675 0.021499999999999964 0.03539156626506024
1 0.5802499999999999 0.38215361445783136 0.01749999999999996 0.03237951807228917
1 0.6012500000000001 0.40775602409638556 0.018500000000000072 0.0384036144578313
1 0.60575 0.38478915662650603 0.01750000000000007 0.03765060240963858
1 0.626 0.36634036144578314 0.016999999999999904 0.03539156626506024
1 0.64525 0.4167921686746988 0.01849999999999996 0.041415662650602425
1 0.619 0.4058734939759036 0.020000000000000018 0.04668674698795183
1 0.6447499999999999 0.38516566265060237 0.01650000000000007 0.03237951807228917
1 0.66725 0.37650602409638556 0.019500000000000073 0.040662650602409645
1 0.6697500000000001 0.4295933734939759 0.030500000000000083 0.04442771084337349
1 0.6705 0.4755271084337349 0.03200000000000003 0.06852409638554219
1 0.6559999999999999 0.6393072289156626 0.12 0.24849397590361444
1 0.636 0.5207078313253012 0.050000000000000044 0.08960843373493982
1 0.7135 0.5587349397590362 0.09499999999999997 0.17469879518072295
1 0.71275 0.45594879518072284 0.05149999999999999 0.0971385542168674
1 0.74725 0.4811746987951807 0.02949999999999997 0.05873493975903615
1 0.7805 0.457078313253012 0.04600000000000004 0.09487951807228912
1 0.81325 0.521460843373494 0.07250000000000001 0.14081325301204822
1 0.853 0.4792921686746988 0.050999999999999934 0.1121987951807229
1 0.8025 0.4145331325301205 0.03200000000000003 0.06400602409638556
1 0.7202500000000001 0.39194277108433734 0.01650000000000007 0.0368975903614458
1 0.71075 0.38478915662650603 0.01550000000000007 0.03765060240963858
1 0.7375 0.3817771084337349 0.02100000000000002 0.03765060240963852
1 0.7637499999999999 0.3693524096385542 0.018500000000000072 0.041415662650602425
1 0.9375 0.6652861445783133 0.125 0.25527108433734935
1 0.9470000000000001 0.5229668674698795 0.10599999999999998 0.18599397590361444
1 0.885 0.4405120481927711 0.02400000000000002 0.05572289156626503
1 0.86175 0.4036144578313253 0.023500000000000076 0.039156626506024084
1 0.88775 0.39683734939759036 0.023499999999999965 0.04668674698795183
1 0.8947499999999999 0.3723644578313253 0.019499999999999962 0.03689759036144574
1 0.94 0.37838855421686746 0.029000000000000026 0.04743975903614456
1 0.95075 0.36031626506024095 0.020499999999999963 0.033885542168674676
1 0.9904999999999999 0.36784638554216864 0.019000000000000017 0.0384036144578313
