1 0.08282828282828283 0.48013245033112584 0.04444444444444444 0.07284768211920528
1 0.12121212121212122 0.4155629139072847 0.03232323232323232 0.05629139072847683
1 0.15252525252525254 0.4950331125827815 0.03434343434343434 0.06291390728476826
1 0.16767676767676767 0.4288079470198676 0.0282828282828283 0.05629139072847683
1 0.2 0.4867549668874172 0.03636363636363635 0.06622516556291391
1 0.2585858585858586 0.4917218543046358 0.036363636363636376 0.0629139072847682
1 0.2303030303030303 0.4304635761589404 0.02828282828282827 0.05298013245033112
1 0.203030303030303 0.3973509933774835 0.030303030303030304 0.05298013245033112
1 0.2303030303030303 0.3708609271523179 0.02424242424242426 0.05298013245033112
1 0.26666666666666666 0.39072847682119205 0.024242424242424288 0.04635761589403975
1 0.2797979797979798 0.4321192052980133 0.03030303030303033 0.05629139072847683
1 0.28686868686868683 0.38079470198675497 0.024242424242424232 0.04635761589403975
1 0.3151515151515152 0.3923841059602649 0.024242424242424232 0.04966887417218546
1 0.301010101010101 0.4784768211920529 0.028282828282828243 0.06953642384105957
1 0.35757575757575755 0.48344370860927155 0.03636363636363632 0.07284768211920528
1 0.3373737373737374 0.43543046357615894 0.028282828282828243 0.056291390728476776
1 0.3545454545454545 0.3824503311258278 0.026262626262626265 0.04966887417218546
1 0.33333333333333337 0.36092715231788075 0.0282828282828283 0.05298013245033112
1 0.3808080808080808 0.34602649006622516 0.030303030303030276 0.04304635761589404
1 0.38383838383838387 0.4006622516556292 0.0282828282828283 0.05298013245033112
1 0.3888888888888889 0.45364238410596025 0.022222222222222254 0.04635761589403975
1 0.4181818181818182 0.48509933774834435 0.032323232323232365 0.0629139072847682
1 0.44747474747474747 0.4139072847682119 0.030303030303030276 0.05960264900662249
1 0.43333333333333335 0.3923841059602649 0.026262626262626265 0.04304635761589404
1 0.41515151515151516 0.36092715231788075 0.026262626262626265 0.05298013245033112
1 0.44747474747474747 0.35430463576158944 0.022222222222222254 0.046357615894039694
1 0.4727272727272728 0.3774834437086093 0.024242424242424232 0.05298013245033112
1 0.49696969696969695 0.4784768211920529 0.03232323232323231 0.076158940397351
1 0.502020202020202 0.3973509933774835 0.026262626262626265 0.05298013245033112
1 0.502020202020202 0.35596026490066224 0.0222222222222222 0.04304635761589404
1 0.5232323232323233 0.38741721854304634 0.024242424242424288 0.04635761589403975
1 0.5363636363636364 0.41887417218543044 0.022222222222222143 0.04966887417218541
1 0.5595959595959596 0.4768211920529801 0.036363636363636265 0.06622516556291397
1 0.5777777777777777 0.4155629139072848 0.024242424242424288 0.0629139072847682
1 0.5818181818181818 0.37748344370860926 0.024242424242424288 0.039735099337748325
1 0.5474747474747474 0.3609271523178808 0.024242424242424288 0.039735099337748325
1 0.6090909090909091 0.36092715231788075 0.02626262626262632 0.05298013245033112
1 0.604040404040404 0.4056291390728477 0.028282828282828243 0.05629139072847683
1 0.6171717171717171 0.4950331125827815 0.030303030303030276 0.06291390728476826
1 0.6676767676767676 0.4768211920529801 0.030303030303030276 0.05960264900662254
1 0.7101010101010101 0.4701986754966887 0.03434343434343434 0.05960264900662254
1 0.7414141414141414 0.4370860927152318 0.03232323232323231 0.05960264900662249
1 0.7151515151515151 0.41721854304635764 0.028282828282828354 0.05298013245033112
1 0.6888888888888889 0.42218543046357615 0.024242424242424176 0.05629139072847683
1 0.6393939393939394 0.4288079470198676 0.030303030303030276 0.05629139072847683
1 0.6636363636363636 0.4105960264900662 0.02626262626262632 0.05298013245033112
1 0.6373737373737374 0.39072847682119205 0.022222222222222143 0.039735099337748325
