1 0.21251193887297037 0.4694397283531409 0.04106972301814707 0.09677419354838712
1 0.2531041069723018 0.4456706281833617 0.04966571155682903 0.08998302207130732
1 0.4813753581661891 0.32173174872665533 0.030563514804202496 0.05602716468590835
1 0.3514804202483286 0.2538200339558574 0.024832855778414487 0.039049235993208864
1 0.37201528175740206 0.2470288624787776 0.02578796561604585 0.04923599320882854
1 0.4340974212034384 0.27674023769100164 0.027698185291308464 0.040747028862478774
1 0.4255014326647565 0.22410865874363328 0.02196752626552051 0.030560271646859094
1 0.44937917860553966 0.2308998302207131 0.020057306590257895 0.03735144312393887
1 0.45272206303724927 0.1901528013582343 0.021012416427889202 0.03735144312393887
1 0.4761222540592168 0.1969439728353141 0.018147086914995225 0.03395585738539897
1 0.4641833810888252 0.15195246179966043 0.017191977077363918 0.04244482173174871
1 0.47468958930276983 0.15874363327674024 0.017191977077363918 0.04244482173174874
1 0.49808978032473733 0.1536502546689304 0.018147086914995225 0.03225806451612903
1 0.4923591212989494 0.13242784380305603 0.012416427889207271 0.030560271646859094
1 0.5343839541547277 0.13582342954159593 0.0162368672397325 0.030560271646859094
1 0.5635148042024833 0.1468590831918506 0.019102196752626477 0.04244482173174874
1 0.5883476599808979 0.1468590831918506 0.015281757402101248 0.035653650254668934
1 0.5401146131805157 0.200339558573854 0.018147086914995225 0.0373514431239389
1 0.6566380133715377 0.2640067911714771 0.029608404966571134 0.05942275042444822
1 0.6843361986628462 0.15959252971137522 0.025787965616045794 0.04753820033955858
1 0.712989493791786 0.1460101867572156 0.0162368672397325 0.03735144312393887
1 0.8147086914995225 0.12818336162988114 0.013371537726838523 0.03565365025466892
1 0.7526265520534862 0.1366723259762309 0.013371537726838634 0.039049235993208836
1 0.7397325692454633 0.16553480475382004 0.029608404966571134 0.05263157894736842
1 0.7650429799426934 0.18081494057724956 0.021012416427889202 0.052631578947368446
1 0.8032473734479465 0.18845500848896435 0.019102196752626588 0.040747028862478774
1 0.7220630372492837 0.2826825127334465 0.026743075453677267 0.05942275042444822
1 0.7731614135625597 0.3140916808149406 0.02387774594078318 0.05772495755517826
1 0.8791786055396371 0.2300509337860781 0.02387774594078318 0.04584040747028861
