1 0.05409219190968956 0.44333333333333336 0.04421448730009408 0.07666666666666666
1 0.07149576669802446 0.5341666666666667 0.047036688617121354 0.09166666666666662
1 0.13123236124176857 0.43166666666666664 0.04797742238946377 0.10000000000000003
1 0.3847601128880527 0.2 0.01881467544684856 0.03666666666666665
1 0.43273753527751646 0.2225 0.03198494825964249 0.05499999999999999
1 0.46425211665098776 0.22666666666666668 0.021636876763875823 0.04666666666666666
1 0.48824082784571965 0.22416666666666668 0.033866415804327366 0.06499999999999997
1 0.5239887111947319 0.13916666666666666 0.024459078080903085 0.05166666666666668
1 0.5719661335841957 0.13083333333333333 0.015051740357478804 0.02500000000000001
1 0.6204139228598307 0.2375 0.027281279397930458 0.05833333333333332
1 0.7191909689557855 0.12166666666666667 0.0235183443085607 0.05666666666666666
1 0.9548447789275635 0.095 0.015051740357478804 0.03
1 0.9604891815616181 0.13166666666666665 0.01881467544684845 0.04000000000000001
