1 0.03333333333333333 0.5923566878980892 0.06333333333333334 0.14649681528662417
1 0.0725 0.39649681528662417 0.03833333333333332 0.07324840764331214
1 0.11666666666666667 0.42197452229299365 0.03666666666666668 0.07961783439490444
1 0.15833333333333333 0.43630573248407645 0.04000000000000001 0.07643312101910826
1 0.16416666666666668 0.3980891719745223 0.02833333333333335 0.0509554140127389
1 0.24 0.4426751592356688 0.046666666666666634 0.08280254777070062
1 0.2866666666666666 0.39968152866242035 0.026666666666666672 0.054140127388535075
1 0.345 0.42197452229299365 0.03666666666666668 0.07324840764331209
1 0.39166666666666666 0.4124203821656051 0.036666666666666625 0.07324840764331209
1 0.4191666666666667 0.39171974522292996 0.015000000000000013 0.0509554140127389
1 0.4475 0.4028662420382166 0.025000000000000022 0.047770700636942665
1 0.4741666666666667 0.4888535031847134 0.04833333333333334 0.0987261146496815
1 0.49333333333333335 0.46337579617834396 0.026666666666666727 0.060509554140127375
1 0.5016666666666667 0.42356687898089174 0.023333333333333317 0.0573248407643312
1 0.4741666666666667 0.3885350318471338 0.025000000000000022 0.04458598726114654
1 0.4983333333333333 0.3805732484076433 0.013333333333333364 0.041401273885350365
1 0.5141666666666667 0.3996815286624204 0.021666666666666723 0.04140127388535031
1 0.5325 0.37898089171974525 0.018333333333333313 0.04458598726114654
1 0.5716666666666667 0.4968152866242038 0.046666666666666634 0.09554140127388533
1 0.5591666666666667 0.4171974522292994 0.02833333333333332 0.07006369426751591
1 0.5891666666666666 0.38694267515923564 0.018333333333333424 0.04777070063694272
1 0.6433333333333333 0.4028662420382166 0.026666666666666616 0.05414012738853502
1 0.685 0.3996815286624204 0.023333333333333317 0.047770700636942665
1 0.6833333333333333 0.4538216560509554 0.030000000000000027 0.060509554140127375
1 0.7475 0.4394904458598726 0.03166666666666662 0.07006369426751591
1 0.73 0.5334394904458599 0.053333333333333344 0.11146496815286622
1 0.8083333333333333 0.5079617834394905 0.053333333333333344 0.10509554140127386
1 0.865 0.3407643312101911 0.050000000000000044 0.10191082802547774
1 0.9483333333333333 0.4315286624203822 0.053333333333333344 0.0859872611464968
