1 0.08083832335329341 0.2777777777777778 0.02594810379241516 0.052083333333333315
1 0.2934131736526946 0.2404513888888889 0.0179640718562874 0.03298611111111108
1 0.28642714570858285 0.2248263888888889 0.0179640718562874 0.03993055555555555
1 0.33632734530938124 0.1918402777777778 0.017964071856287456 0.03993055555555555
1 0.3577844311377245 0.19618055555555558 0.018962075848303395 0.03819444444444445
1 0.36027944111776444 0.22395833333333331 0.0179640718562874 0.03819444444444445
1 0.3837325349301397 0.23784722222222224 0.02295409181636726 0.045138888888888895
1 0.33982035928143717 0.2282986111111111 0.018962075848303395 0.03645833333333334
1 0.3837325349301397 0.2013888888888889 0.014970059880239528 0.03819444444444445
1 0.3992015968063872 0.20833333333333331 0.015968063872255467 0.03472222222222224
1 0.38972055888223556 0.1736111111111111 0.016966067864271406 0.03472222222222221
1 0.4091816367265469 0.171875 0.0119760479041916 0.03472222222222221
1 0.4281437125748503 0.20399305555555555 0.015968063872255467 0.036458333333333315
1 0.4121756487025948 0.2421875 0.02594810379241519 0.04340277777777779
1 0.45059880239520955 0.24739583333333331 0.02295409181636726 0.05034722222222221
1 0.4510978043912176 0.20225694444444442 0.01996007984031939 0.03993055555555555
1 0.47055888223552894 0.20399305555555555 0.020958083832335328 0.04340277777777779
1 0.43213572854291415 0.1605902777777778 0.015968063872255522 0.029513888888888867
1 0.4545908183632734 0.16145833333333331 0.018962075848303395 0.03819444444444445
1 0.49101796407185627 0.13802083333333331 0.0119760479041916 0.026041666666666657
1 0.4935129740518962 0.1501736111111111 0.012974051896207595 0.026041666666666657
1 0.5024950099800399 0.15538194444444445 0.014970059880239583 0.026041666666666685
1 0.5069860279441117 0.18663194444444445 0.01996007984031939 0.036458333333333315
1 0.531437125748503 0.1796875 0.020958083832335328 0.036458333333333315
1 0.5184630738522954 0.1519097222222222 0.014970059880239583 0.029513888888888867
1 0.5104790419161677 0.1345486111111111 0.012974051896207595 0.02604166666666667
1 0.5294411177644711 0.1371527777777778 0.012974051896207484 0.020833333333333343
1 0.5568862275449102 0.1284722222222222 0.015968063872255578 0.024305555555555552
1 0.5618762475049901 0.14149305555555555 0.013972055888223589 0.026041666666666685
1 0.5758483033932136 0.16145833333333334 0.013972055888223478 0.03125
1 0.5663672654690619 0.18489583333333331 0.01696606786427146 0.04340277777777776
1 0.5444111776447105 0.1605902777777778 0.01696606786427146 0.03645833333333334
1 0.5853293413173652 0.14322916666666666 0.014970059880239583 0.032986111111111105
1 0.6012974051896207 0.13975694444444445 0.012974051896207595 0.029513888888888895
1 0.6142714570858283 0.1675347222222222 0.014970059880239472 0.03645833333333334
1 0.6157684630738522 0.1267361111111111 0.009980039920159611 0.024305555555555566
1 0.622255489021956 0.12760416666666666 0.012974051896207595 0.02604166666666667
1 0.6337325349301397 0.13802083333333334 0.013972055888223589 0.03298611111111112
1 0.6487025948103793 0.125 0.015968063872255467 0.03472222222222221
1 0.6721556886227544 0.12326388888888888 0.012974051896207484 0.024305555555555552
1 0.6661676646706587 0.11024305555555555 0.010978043912175606 0.019097222222222224
1 0.6921157684630739 0.1345486111111111 0.012974051896207595 0.032986111111111105
1 0.6946107784431137 0.11197916666666666 0.009980039920159611 0.02604166666666667
1 0.7040918163672655 0.12760416666666666 0.012974051896207595 0.02604166666666667
1 0.7165668662674651 0.11805555555555555 0.013972055888223589 0.03125
1 0.6771457085828343 0.18663194444444445 0.01896207584830345 0.036458333333333315
1 0.6641716566866267 0.14583333333333331 0.012974051896207595 0.024305555555555552
1 0.6511976047904191 0.1579861111111111 0.014970059880239472 0.03125
1 0.6017964071856288 0.22916666666666666 0.02594810379241519 0.048611111111111105
1 0.6322355289421158 0.21006944444444445 0.024950099800399306 0.048611111111111105
1 0.6487025948103793 0.2508680555555556 0.02594810379241519 0.05381944444444445
1 0.7015968063872255 0.26041666666666663 0.02594810379241519 0.052083333333333315
1 0.6916167664670658 0.2248263888888889 0.021956087824351322 0.05034722222222221
1 0.7130738522954092 0.1840277777777778 0.01696606786427146 0.04166666666666666
1 0.7265469061876247 0.1857638888888889 0.015968063872255467 0.03819444444444445
1 0.748003992015968 0.17881944444444442 0.01896207584830345 0.03819444444444445
1 0.7085828343313373 0.3255208333333333 0.03393213572854292 0.078125
1 0.7604790419161677 0.3810763888888889 0.031936127744510934 0.06770833333333337
1 0.8063872255489022 0.2986111111111111 0.027944111776447178 0.0625
1 0.7799401197604791 0.2517361111111111 0.026946107784431073 0.0625
1 0.7435129740518962 0.24305555555555555 0.02195608782435121 0.052083333333333315
1 0.7664670658682635 0.19791666666666669 0.021956087824351322 0.04166666666666666
1 0.7450099800399201 0.1527777777777778 0.01696606786427146 0.03125
1 0.7724550898203593 0.1371527777777778 0.013972055888223478 0.031250000000000014
1 0.7934131736526946 0.1371527777777778 0.013972055888223589 0.027777777777777762
1 0.8003992015968064 0.1484375 0.0119760479041916 0.026041666666666685
1 0.8053892215568863 0.1701388888888889 0.0119760479041916 0.02777777777777779
1 0.810379241516966 0.2074652777777778 0.017964071856287456 0.03993055555555555
1 0.8288423153692615 0.203125 0.01696606786427146 0.03819444444444442
1 0.8537924151696606 0.2230902777777778 0.020958083832335328 0.04340277777777776
1 0.8398203592814371 0.265625 0.022954091816367206 0.05902777777777779
1 0.8702594810379242 0.2309027777777778 0.015968063872255467 0.03819444444444445
1 0.843812375249501 0.1779513888888889 0.014970059880239472 0.03645833333333334
1 0.812874251497006 0.1423611111111111 0.014970059880239583 0.03125
1 0.8373253493013972 0.14756944444444445 0.0119760479041916 0.03125
1 0.8498003992015968 0.1579861111111111 0.014970059880239472 0.03472222222222221
1 0.8687624750499001 0.15625 0.014970059880239472 0.03472222222222221
1 0.8882235528942116 0.1657986111111111 0.015968063872255467 0.03993055555555555
1 0.8807385229540918 0.1909722222222222 0.014970059880239583 0.03819444444444445
1 0.9016966067864272 0.23177083333333331 0.01896207584830334 0.03993055555555555
1 0.9101796407185628 0.21180555555555555 0.015968063872255467 0.041666666666666685
1 0.9156686626746506 0.1909722222222222 0.01696606786427146 0.03125
1 0.9261477045908184 0.15711805555555558 0.0119760479041916 0.03993055555555555
1 0.9630738522954092 0.18663194444444445 0.013972055888223589 0.04340277777777779
1 0.9510978043912176 0.20833333333333331 0.015968063872255467 0.04166666666666666
1 0.9570858283433133 0.234375 0.017964071856287456 0.04166666666666666
1 0.936626746506986 0.2630208333333333 0.022954091816367206 0.05034722222222221
1 0.9266467065868264 0.3229166666666667 0.03093812375249505 0.0625
