1 0.028975741239892182 0.44797979797979803 0.05525606469002695 0.11616161616161619
1 0.1694743935309973 0.44898989898989894 0.059973045822102444 0.09595959595959597
1 0.20114555256064692 0.40505050505050505 0.03167115902964959 0.06262626262626259
1 0.23517520215633425 0.43383838383838386 0.03369272237196766 0.04949494949494948
1 0.2695417789757413 0.4257575757575758 0.030997304582210228 0.049494949494949536
1 0.3028975741239892 0.4095959595959596 0.022237196765498624 0.043434343434343436
1 0.3146900269541779 0.49797979797979797 0.08760107816711588 0.1232323232323233
1 0.3362533692722372 0.4398989898989899 0.03908355795148244 0.04747474747474745
1 0.3389487870619946 0.40454545454545454 0.02560646900269542 0.03535353535353536
1 0.3564690026954178 0.407070707070707 0.020215633423180612 0.0282828282828283
1 0.38948787061994605 0.45252525252525255 0.06873315363881399 0.10505050505050506
1 0.4228436657681941 0.4242424242424242 0.023584905660377353 0.04444444444444445
1 0.4477762803234502 0.42828282828282827 0.042452830188679236 0.06060606060606061
1 0.48787061994609165 0.4196969696969697 0.03234501347708896 0.05959595959595959
1 0.5165094339622641 0.4303030303030303 0.03032345013477089 0.048484848484848464
1 0.5360512129380054 0.4171717171717172 0.028975741239892105 0.04242424242424242
1 0.7422506738544474 0.30000000000000004 0.05997304582210239 0.09494949494949495
