1 0.04181818181818181 0.27893175074183973 0.043636363636363626 0.06528189910979226
1 0.20636363636363636 0.2804154302670623 0.03818181818181818 0.05637982195845698
1 0.38 0.2744807121661721 0.047272727272727244 0.0801186943620178
1 0.3690909090909091 0.45548961424332346 0.06909090909090909 0.12759643916913954
1 0.4818181818181818 0.413946587537092 0.07272727272727275 0.15133531157270025
1 0.5709090909090909 0.510385756676558 0.10909090909090913 0.17210682492581608
1 0.5709090909090908 0.42729970326409494 0.050909090909090904 0.08902077151335314
1 0.6854545454545454 0.4762611275964391 0.09818181818181815 0.15133531157270025
1 0.6818181818181819 0.37240356083086057 0.054545454545454564 0.09198813056379823
1 0.7236363636363636 0.4050445103857567 0.05454545454545445 0.12166172106824924
1 0.780909090909091 0.370919881305638 0.038181818181818206 0.08902077151335314
1 0.7518181818181818 0.3798219584569733 0.041818181818181754 0.08902077151335314
1 0.8263636363636364 0.3738872403560831 0.049090909090909185 0.08902077151335314
1 0.8481818181818181 0.41543026706231456 0.06727272727272726 0.10682492581602371
1 0.8936363636363636 0.586053412462908 0.14727272727272733 0.25816023738872407
1 0.9590909090909091 0.47922848664688433 0.08181818181818179 0.15727002967359055
1 0.9090909090909092 0.4020771513353116 0.047272727272727244 0.10385756676557867
1 0.990909090909091 0.2878338278931751 0.018181818181818188 0.029673590504451064
1 0.9445454545454546 0.39020771513353114 0.030909090909090886 0.06824925816023736
1 0.9663636363636363 0.3649851632047478 0.045454545454545525 0.0771513353115727
