1 0.554 0.4575645756457565 0.02399999999999991 0.051660516605166074
1 0.461 0.7841328413284132 0.10999999999999999 0.21771217712177127
1 0.241 0.8560885608856088 0.19400000000000003 0.26568265682656833
1 0.197 0.7084870848708487 0.086 0.1254612546125461
1 0.153 0.6734317343173433 0.057999999999999996 0.1070110701107011
1 0.029 0.6162361623616236 0.05 0.11808118081180807
1 0.061 0.6014760147601476 0.038 0.08118081180811809
1 0.091 0.584870848708487 0.021999999999999992 0.047970479704797064
1 0.218 0.5977859778597786 0.028000000000000025 0.06642066420664205
1 0.246 0.6697416974169741 0.036000000000000004 0.07011070110701112
1 0.262 0.6328413284132841 0.03600000000000003 0.0627306273062731
1 0.257 0.5904059040590406 0.030000000000000027 0.05904059040590415
1 0.309 0.6180811808118081 0.026000000000000023 0.06273062730627299
1 0.33599999999999997 0.6568265682656826 0.03999999999999998 0.06642066420664205
1 0.34199999999999997 0.6273062730627306 0.02799999999999997 0.059040590405904037
1 0.369 0.6254612546125461 0.02200000000000002 0.047970479704797064
1 0.385 0.6420664206642066 0.02200000000000002 0.05166051660516602
1 0.398 0.7121771217712177 0.05199999999999999 0.11070110701107017
1 0.42000000000000004 0.6328413284132841 0.02799999999999997 0.07011070110701101
1 0.445 0.6365313653136531 0.03400000000000003 0.07749077490774903
1 0.471 0.6328413284132841 0.025999999999999968 0.07011070110701101
1 0.492 0.6328413284132841 0.02400000000000002 0.0627306273062731
1 0.511 0.6457564575645757 0.02200000000000002 0.05166051660516602
1 0.542 0.6937269372693726 0.04799999999999993 0.11808118081180818
1 0.554 0.6605166051660516 0.03599999999999992 0.09594095940959402
1 0.571 0.6420664206642066 0.029999999999999916 0.07380073800738007
1 0.137 0.6070110701107011 0.021999999999999992 0.047970479704797064
1 0.14200000000000002 0.584870848708487 0.032 0.06273062730627299
1 0.742 0.6494464944649447 0.028000000000000025 0.059040590405904037
1 0.78 0.6439114391143912 0.02400000000000002 0.07749077490774903
1 0.812 0.6586715867158672 0.03599999999999992 0.09225092250922506
1 0.838 0.6789667896678966 0.03600000000000003 0.07380073800738007
1 0.919 0.6789667896678967 0.04999999999999993 0.11070110701107017
1 0.896 0.6549815498154982 0.03200000000000003 0.07011070110701101
1 0.964 0.6660516605166051 0.040000000000000036 0.09225092250922506
