1 0.17644183773216032 0.49489795918367346 0.045943304007820124 0.09523809523809523
1 0.25806451612903225 0.1802721088435374 0.01564027370478982 0.03061224489795919
1 0.3919843597262952 0.26870748299319724 0.02346041055718473 0.037414965986394544
1 0.3655913978494624 0.19642857142857142 0.017595307917888547 0.03231292517006801
1 0.3787878787878788 0.21683673469387754 0.02052785923753664 0.032312925170068035
1 0.4100684261974584 0.22534013605442177 0.02248289345063542 0.03231292517006801
1 0.4423264907135875 0.2193877551020408 0.02052785923753664 0.037414965986394544
1 0.4198435972629521 0.16156462585034015 0.014662756598240456 0.0272108843537415
1 0.510752688172043 0.1284013605442177 0.012707722385141729 0.02551020408163264
1 0.5273704789833822 0.13010204081632654 0.014662756598240456 0.02891156462585033
1 0.5547409579667644 0.13095238095238096 0.014662756598240456 0.027210884353741485
1 0.5654936461388074 0.1096938775510204 0.01270772238514184 0.028911564625850344
1 0.5855327468230694 0.12159863945578231 0.013685239491691092 0.02891156462585036
1 0.6163245356793744 0.1522108843537415 0.01857282502443791 0.03911564625850339
1 0.5166177908113392 0.15051020408163265 0.02639296187683282 0.04251700680272108
1 0.5640273704789833 0.1921768707482993 0.02346041055718484 0.047619047619047616
1 0.6686217008797654 0.12329931972789115 0.021505376344086002 0.04251700680272108
1 0.6593352883675464 0.2227891156462585 0.024437927663734094 0.044217687074829926
1 0.6163245356793744 0.2568027210884354 0.02639296187683282 0.0442176870748299
1 0.5425219941348973 0.326530612244898 0.029325513196480912 0.05782312925170069
1 0.49022482893450636 0.3120748299319728 0.02834799608993155 0.05272108843537415
1 0.6808406647116325 0.32227891156462585 0.026392961876832932 0.06292517006802723
1 0.7179863147605083 0.28656462585034015 0.02639296187683282 0.04931972789115646
1 0.7326490713587488 0.11564625850340135 0.022482893450635366 0.04421768707482991
1 0.7609970674486803 0.2193877551020408 0.02052785923753664 0.047619047619047616
1 0.7839687194525904 0.12329931972789115 0.021505376344086002 0.04591836734693877
1 0.8049853372434017 0.1292517006802721 0.018572825024438022 0.030612244897959176
1 0.8362658846529815 0.141156462585034 0.014662756598240456 0.023809523809523808
1 0.843108504398827 0.12585034013605442 0.012707722385141729 0.030612244897959176
1 0.8724340175953079 0.12074829931972789 0.014662756598240456 0.027210884353741513
1 0.8641251221896383 0.1403061224489796 0.013685239491691092 0.028911564625850344
1 0.9173998044965787 0.15136054421768708 0.016617790811339184 0.03401360544217685
1 0.9325513196480939 0.15816326530612246 0.011730205278592476 0.03061224489795919
1 0.9071358748778103 0.24404761904761904 0.043010752688172005 0.0901360544217687
1 0.8176930596285434 0.2568027210884354 0.024437927663734205 0.04761904761904759
1 0.8225806451612903 0.298469387755102 0.02834799608993166 0.05612244897959179
1 0.8157380254154447 0.3520408163265306 0.03616813294232657 0.0680272108843537
1 0.7258064516129032 0.3486394557823129 0.032258064516129004 0.08163265306122447
1 0.7771260997067448 0.2874149659863946 0.029325513196480912 0.06122448979591838
