1 0.03666666666666667 0.4725 0.03333333333333334 0.05999999999999994
1 0.11166666666666666 0.45625 0.03666666666666667 0.05249999999999999
1 0.17333333333333334 0.52 0.04000000000000001 0.06000000000000005
1 0.21750000000000003 0.52125 0.051666666666666666 0.08749999999999997
1 0.2125 0.45499999999999996 0.02833333333333332 0.05499999999999999
1 0.28833333333333333 0.515 0.043333333333333335 0.07500000000000001
1 0.3675 0.515 0.04833333333333334 0.07000000000000006
1 0.3458333333333333 0.4575 0.03500000000000003 0.05499999999999999
1 0.41583333333333333 0.44 0.02833333333333332 0.040000000000000036
1 0.43166666666666664 0.46875 0.026666666666666672 0.04249999999999998
1 0.4275 0.5125 0.04833333333333334 0.08000000000000002
1 0.4633333333333333 0.46625 0.033333333333333326 0.0625
1 0.4458333333333333 0.44125000000000003 0.018333333333333368 0.03250000000000003
1 0.515 0.48 0.03666666666666668 0.06
1 0.5974999999999999 0.4825 0.04166666666666663 0.05999999999999994
1 0.6191666666666666 0.44999999999999996 0.021666666666666723 0.03999999999999998
1 0.7175 0.64 0.11166666666666669 0.18500000000000005
1 0.7841666666666667 0.53875 0.05833333333333335 0.10249999999999998
1 0.9175 0.5825 0.07499999999999996 0.10499999999999998
1 0.905 0.5175 0.050000000000000044 0.08000000000000002
1 0.9283333333333332 0.50375 0.053333333333333344 0.08749999999999997
1 0.7433333333333334 0.4 0.023333333333333317 0.044999999999999984
1 0.7375 0.47250000000000003 0.025000000000000022 0.04999999999999999
1 0.7675 0.46625 0.02833333333333332 0.03249999999999997
1 0.6925 0.48250000000000004 0.03833333333333333 0.05499999999999999
1 0.6683333333333333 0.47375 0.023333333333333428 0.04249999999999998
