1 0.13325377883850437 0.4993016759776536 0.0517104216388226 0.08798882681564252
1 0.1571201272871917 0.4755586592178771 0.046937151949085126 0.07681564245810057
1 0.16308671439936356 0.34148044692737434 0.030230708035003995 0.054469273743016744
1 0.23110580747812254 0.3009776536312849 0.031026252983293562 0.06564245810055869
1 0.5067621320604614 0.07891061452513967 0.01591089896579162 0.02374301675977654
1 0.541368337311058 0.05726256983240223 0.01352426412092278 0.025139664804469268
1 0.6125696101829754 0.06284916201117319 0.014319809069212375 0.025139664804469275
1 0.6356404136833731 0.05097765363128492 0.014319809069212486 0.02374301675977654
1 0.7955449482895784 0.06424581005586592 0.014319809069212375 0.030726256983240226
1 0.8564041368337311 0.0782122905027933 0.01511535401750197 0.025139664804469275
