1 0.19053301511535403 0.4255910987482615 0.0437549721559268 0.09179415855354661
1 0.2748607796340493 0.26495132127955495 0.018297533810660294 0.040333796940194705
1 0.2720763723150358 0.2573018080667594 0.0175019888623707 0.04172461752433934
1 0.31861575178997614 0.2510431154381085 0.019888623707239428 0.037552155771905404
1 0.33571996817820204 0.2531293463143255 0.0175019888623707 0.04172461752433937
1 0.3607796340493238 0.2426981919332406 0.019888623707239428 0.04033379694019468
1 0.3739061256961018 0.26495132127955495 0.02545743834526648 0.040333796940194705
1 0.4077167859984089 0.26495132127955495 0.02466189339697694 0.05146036161335191
1 0.33969769291964996 0.2093184979137691 0.015910898965791564 0.03755215577190543
1 0.32895783611774065 0.2148817802503477 0.01511535401750197 0.03477051460361613
1 0.3719172633253779 0.19471488178025034 0.019888623707239428 0.033379694019471495
1 0.39856801909307876 0.17246175243393602 0.015910898965791564 0.030598052851182223
1 0.4291964996022275 0.17593880389429764 0.016706443914081104 0.03198887343532686
1 0.4236276849642005 0.2148817802503477 0.021479713603818618 0.043115438108484005
1 0.45346062052505964 0.21766342141863698 0.01909307875894989 0.040333796940194705
1 0.4514717581543357 0.14812239221140472 0.01670644391408116 0.03755215577190543
1 0.4685759745425616 0.15090403337969402 0.0175019888623707 0.03477051460361613
1 0.4745425616547335 0.19123783031988872 0.018297533810660294 0.03477051460361613
1 0.49443118536197295 0.21349095966620307 0.021479713603818673 0.043115438108484005
1 0.5147175815433571 0.18636995827538247 0.017501988862370754 0.033379694019471495
1 0.5409705648369133 0.18358831710709317 0.019093078758949833 0.04172461752433934
1 0.5127287191726333 0.15090403337969402 0.01670644391408116 0.03198887343532686
1 0.49005568814638023 0.13073713490959665 0.01431980906921243 0.022253129346314335
1 0.49403341288782815 0.1599443671766342 0.014319809069212375 0.03616133518776077
1 0.5238663484486874 0.13351877607788595 0.018297533810660238 0.033379694019471495
1 0.5719968178202068 0.15785813630041723 0.017501988862370643 0.03755215577190543
1 0.5624502784407319 0.13977746870653684 0.012728719172633296 0.02920723226703756
1 0.5855210819411296 0.14464534075104313 0.015910898965791564 0.036161335187760796
1 0.577167859984089 0.1321279554937413 0.013524264120922891 0.030598052851182195
1 0.6058074781225139 0.14255910987482615 0.01829753381066035 0.03755215577190542
1 0.6085918854415274 0.09874826147426982 0.012728719172633296 0.030598052851182195
1 0.6221161495624503 0.12726008344923506 0.012728719172633185 0.03198887343532683
1 0.6467780429594272 0.1196105702364395 0.015910898965791564 0.033379694019471495
1 0.6750198886237072 0.11891515994436717 0.01829753381066035 0.03198887343532683
1 0.49960222752585526 0.29276773296244785 0.028639618138424805 0.05980528511821975
1 0.5421638822593476 0.305980528511822 0.0342084327764518 0.06397774687065366
1 0.5763723150357996 0.2336578581363004 0.024661893396976886 0.05006954102920724
1 0.6173428798727127 0.20653685674547984 0.02386634844868729 0.05146036161335188
1 0.6141607000795546 0.25521557719054244 0.02545743834526648 0.05424200278164118
1 0.6579156722354813 0.2579972183588317 0.023866348448687402 0.05146036161335188
1 0.6714399363564041 0.1954102920723227 0.02545743834526648 0.040333796940194705
1 0.6519490851233094 0.17315716272600834 0.018297533810660238 0.043115438108484005
1 0.711217183770883 0.26564673157162727 0.03023070803500394 0.06119610570236436
1 0.6738265712012729 0.33936022253129344 0.042959427207637235 0.06954102920723226
1 0.7422434367541766 0.34561891515994436 0.03818615751789978 0.06815020862308763
1 0.7084327764518696 0.21001390820584145 0.021479713603818618 0.04450625869262864
1 0.7291169451073987 0.19749652294853964 0.021479713603818618 0.04450625869262864
1 0.7211614956245028 0.14951321279554936 0.01670644391408116 0.03198887343532683
1 0.6817820206841687 0.16063977746870653 0.019093078758949944 0.03477051460361613
1 0.6913285600636436 0.18845618915159945 0.020684168655529023 0.03477051460361613
1 0.7494033412887828 0.14673157162726008 0.019093078758949833 0.037552155771905404
1 0.7637231503579953 0.15855354659248955 0.017501988862370754 0.04728789986091794
1 0.7633253778838505 0.12795549374130738 0.01511535401750197 0.03616133518776078
1 0.7776451869530628 0.1411682892906815 0.01670644391408116 0.04311543810848402
1 0.7935560859188544 0.14116828929068148 0.01193317422434359 0.02920723226703756
1 0.7987271280827366 0.16898470097357443 0.015910898965791564 0.040333796940194705
1 0.775258552108194 0.19471488178025034 0.021479713603818618 0.04450625869262864
1 0.7541766109785203 0.2211404728789986 0.020684168655529023 0.04450625869262864
1 0.784805091487669 0.2878998609179416 0.031026252983293534 0.05841446453407512
1 0.8058870326173428 0.21974965229485396 0.02386634844868729 0.052851182197496516
1 0.8365155131264916 0.20445062586926288 0.021479713603818618 0.04172461752433934
1 0.8460620525059666 0.1787204450625869 0.021479713603818618 0.043115438108484005
1 0.8671439936356404 0.13908205841446453 0.015910898965791564 0.041724617524339355
1 0.8834526650755767 0.18497913769123783 0.01511535401750197 0.04172461752433937
1 0.8766905330151153 0.2148817802503477 0.019093078758949833 0.04589707927677328
1 0.8647573587907716 0.22670375521557717 0.020684168655529023 0.04728789986091794
1 0.9045346062052506 0.2475660639777469 0.023866348448687402 0.05006954102920724
1 0.86793953858393 0.30180806675938804 0.03023070803500394 0.05841446453407506
