1 0.21257142857142858 0.4566532258064516 0.050285714285714295 0.09879032258064518
1 0.24685714285714289 0.4314516129032258 0.045714285714285735 0.08870967741935487
1 0.30914285714285716 0.28125 0.02171428571428574 0.04233870967741937
1 0.36057142857142854 0.2610887096774194 0.019428571428571406 0.03830645161290319
1 0.4308571428571428 0.2681451612903226 0.02514285714285719 0.052419354838709686
1 0.4165714285714286 0.2247983870967742 0.019428571428571406 0.03830645161290322
1 0.44057142857142856 0.22076612903225806 0.017142857142857126 0.03830645161290325
1 0.44285714285714284 0.18044354838709675 0.017142857142857126 0.03830645161290322
1 0.4662857142857143 0.18850806451612903 0.020571428571428574 0.0463709677419355
1 0.44285714285714284 0.14314516129032256 0.014857142857142847 0.03225806451612903
1 0.4645714285714285 0.1502016129032258 0.014857142857142847 0.03024193548387097
1 0.5211428571428571 0.13709677419354838 0.016000000000000014 0.03629032258064516
1 0.5491428571428572 0.1471774193548387 0.017142857142857126 0.03629032258064516
1 0.5708571428571428 0.15423387096774194 0.017142857142857126 0.034274193548387094
1 0.5285714285714286 0.19959677419354838 0.01942857142857135 0.04435483870967741
1 0.472 0.3235887096774194 0.02514285714285719 0.05443548387096775
1 0.6451428571428572 0.25705645161290325 0.02857142857142858 0.0584677419354839
1 0.7188571428571429 0.27620967741935487 0.029714285714285804 0.06048387096774194
1 0.7714285714285715 0.28125 0.03200000000000003 0.058467741935483875
1 0.6754285714285715 0.14818548387096775 0.020571428571428574 0.03830645161290322
1 0.7045714285714286 0.1471774193548387 0.017142857142857237 0.03225806451612903
1 0.7257142857142858 0.15625 0.01828571428571435 0.04233870967741937
1 0.7388571428571429 0.1401209677419355 0.021714285714285686 0.042338709677419345
1 0.7577142857142857 0.16028225806451613 0.016000000000000014 0.03830645161290322
1 0.7902857142857143 0.18245967741935484 0.01942857142857146 0.0463709677419355
1 0.8005714285714286 0.12096774193548387 0.014857142857142902 0.028225806451612892
1 0.8714285714285714 0.2127016129032258 0.02400000000000002 0.050403225806451624
