1 0.14427083333333335 0.7726851851851853 0.096875 0.17314814814814816
1 0.02708333333333333 0.6180555555555556 0.05208333333333333 0.14907407407407403
1 0.0390625 0.44027777777777777 0.03645833333333333 0.0712962962962963
1 0.13515625 0.5041666666666667 0.0390625 0.0768518518518519
1 0.17135416666666667 0.4041666666666667 0.025000000000000022 0.05462962962962964
1 0.1515625 0.42083333333333334 0.021875000000000006 0.036111111111111094
1 0.20078125000000002 0.41435185185185186 0.03177083333333333 0.07314814814814818
1 0.265625 0.4212962962962963 0.03437500000000002 0.04999999999999999
1 0.25104166666666666 0.5393518518518519 0.039583333333333304 0.0712962962962963
1 0.2768229166666667 0.5087962962962963 0.03072916666666664 0.05277777777777781
1 0.3028645833333333 0.6231481481481481 0.047395833333333304 0.07592592592592595
1 0.46432291666666664 0.6601851851851852 0.0546875 0.08703703703703702
1 0.4848958333333333 0.587962962962963 0.043749999999999956 0.059259259259259234
1 0.3692708333333333 0.512962962962963 0.04166666666666663 0.061111111111111116
1 0.34843749999999996 0.49722222222222223 0.03437499999999999 0.061111111111111116
1 0.38645833333333335 0.3925925925925926 0.03125 0.05185185185185187
1 0.4096354166666667 0.38981481481481484 0.02656249999999999 0.04259259259259257
1 0.43776041666666665 0.3787037037037037 0.019270833333333348 0.042592592592592626
1 0.45963541666666663 0.3907407407407407 0.028645833333333315 0.055555555555555525
1 0.4799479166666667 0.41574074074074074 0.028645833333333315 0.04629629629629628
1 0.49244791666666665 0.3833333333333333 0.019270833333333348 0.04259259259259257
1 0.5322916666666666 0.37546296296296294 0.021874999999999978 0.04351851851851851
1 0.3598958333333333 0.312962962962963 0.01874999999999999 0.04259259259259257
1 0.34036458333333336 0.30925925925925923 0.0234375 0.03518518518518515
1 0.5692708333333334 0.4759259259259259 0.038541666666666585 0.07407407407407407
1 0.5796874999999999 0.44074074074074077 0.025000000000000022 0.04259259259259257
1 0.5804687500000001 0.40185185185185185 0.021354166666666674 0.040740740740740744
1 0.5828125 0.38101851851851853 0.017708333333333326 0.037962962962962976
1 0.5648437500000001 0.4046296296296297 0.017187500000000022 0.037037037037037035
1 0.6119791666666667 0.39814814814814814 0.02083333333333337 0.042592592592592626
1 0.63203125 0.4351851851851852 0.030729166666666585 0.05555555555555558
1 0.65625 0.3939814814814815 0.027083333333333348 0.04166666666666663
1 0.5924479166666667 0.649537037037037 0.05781249999999993 0.09722222222222221
1 0.8015625 0.726388888888889 0.08229166666666665 0.14166666666666672
1 0.8291666666666666 0.6018518518518519 0.05312499999999998 0.10000000000000009
1 0.9052083333333334 0.5939814814814814 0.044791666666666674 0.07314814814814807
1 0.9166666666666666 0.537037037037037 0.03125 0.0722222222222223
1 0.9432291666666667 0.4638888888888889 0.038541666666666696 0.06296296296296294
1 0.8432291666666667 0.5462962962962963 0.038541666666666696 0.05555555555555558
1 0.7947916666666667 0.49675925925925923 0.03750000000000009 0.05277777777777776
1 0.8278645833333333 0.4458333333333333 0.03385416666666674 0.06574074074074071
1 0.7700520833333333 0.324537037037037 0.031770833333333304 0.06388888888888888
1 0.7408854166666666 0.47685185185185186 0.04322916666666665 0.09074074074074079
1 0.7151041666666667 0.4189814814814815 0.025000000000000022 0.04722222222222222
1 0.6937500000000001 0.437037037037037 0.02083333333333337 0.04999999999999999
1 0.6458333333333334 0.4930555555555555 0.03541666666666665 0.07685185185185184
