1 0.3215789473684211 0.199812382739212 0.01789473684210524 0.031894934333958735
1 0.3678947368421053 0.19887429643527205 0.013684210526315799 0.02626641651031897
1 0.3736842105263158 0.18105065666041276 0.012631578947368438 0.024390243902439046
1 0.41000000000000003 0.174484052532833 0.013684210526315799 0.030018761726078785
1 0.42894736842105263 0.17917448405253283 0.013684210526315743 0.02814258911819889
1 0.4521052631578948 0.22795497185741087 0.01578947368421052 0.03189493433395871
1 0.45842105263157895 0.17073170731707316 0.011578947368421022 0.022514071294559096
1 0.45 0.15290806754221387 0.011578947368421022 0.02439024390243902
1 0.43842105263157893 0.14634146341463417 0.011578947368421078 0.030018761726078785
1 0.47210526315789475 0.13320825515947465 0.0094736842105263 0.01876172607879925
1 0.4710526315789474 0.16041275797373358 0.011578947368421078 0.024390243902439046
1 0.5042105263157894 0.1857410881801126 0.012631578947368438 0.030018761726078785
1 0.4921052631578947 0.17636022514071295 0.009473684210526356 0.030018761726078813
1 0.4936842105263158 0.13227016885553472 0.010526315789473717 0.020637898686679174
1 0.5073684210526316 0.13227016885553472 0.010526315789473717 0.02439024390243902
1 0.5163157894736843 0.16416510318949343 0.011578947368421022 0.031894934333958735
1 0.541578947368421 0.14165103189493433 0.011578947368421133 0.02814258911819889
1 0.5689473684210526 0.14446529080675424 0.011578947368421133 0.01876172607879925
1 0.5742105263157895 0.12570356472795496 0.013684210526315743 0.02251407129455911
1 0.5926315789473684 0.15666041275797374 0.012631578947368438 0.02814258911819889
1 0.5900000000000001 0.13133208255159473 0.011578947368421022 0.022514071294559096
1 0.5542105263157895 0.06191369606003752 0.0094736842105263 0.018761726078799244
1 0.6152631578947368 0.10787992495309569 0.0094736842105263 0.020637898686679174
1 0.628421052631579 0.13414634146341464 0.010526315789473606 0.01688555347091933
1 0.6252631578947369 0.1604127579737336 0.010526315789473717 0.020637898686679174
1 0.6531578947368422 0.11163227016885553 0.009473684210526412 0.01688555347091933
1 0.6699999999999999 0.11350844277673545 0.011578947368421022 0.028142589118198863
1 0.6789473684210526 0.1303939962476548 0.008421052631578885 0.028142589118198863
1 0.6984210526315789 0.12382739212007504 0.0094736842105263 0.02251407129455911
1 0.5642105263157895 0.2401500938086304 0.0189473684210526 0.04502814258911822
1 0.5505263157894738 0.1857410881801126 0.012631578947368438 0.022514071294559096
1 0.63 0.20168855534709193 0.015789473684210575 0.046904315196998114
1 0.6442105263157895 0.18949343339587243 0.01473684210526316 0.03377110694183863
1 0.6636842105263158 0.21575984990619138 0.015789473684210575 0.0375234521575985
1 0.7068421052631579 0.23545966228893056 0.017894736842105297 0.04315196998123824
1 0.7063157894736842 0.1951219512195122 0.01473684210526316 0.03377110694183866
1 0.6905263157894737 0.1801125703564728 0.012631578947368438 0.03377110694183866
1 0.7652631578947369 0.31894934333958724 0.03368421052631576 0.07129455909943716
1 0.7326315789473685 0.17636022514071295 0.01684210526315788 0.03377110694183866
1 0.7247368421052631 0.1472795497185741 0.011578947368421022 0.02439024390243902
1 0.7505263157894737 0.1397748592870544 0.010526315789473717 0.0168855534709193
1 0.761578947368421 0.13227016885553472 0.0094736842105263 0.01688555347091933
1 0.7684210526315789 0.17354596622889307 0.012631578947368438 0.03189493433395871
1 0.7863157894736842 0.1651031894934334 0.010526315789473717 0.02626641651031894
1 0.8052631578947368 0.15853658536585366 0.01473684210526316 0.031894934333958735
1 0.8168421052631578 0.13696060037523453 0.012631578947368438 0.030018761726078813
1 0.7926315789473685 0.21200750469043153 0.01473684210526316 0.04127579737335835
1 0.8136842105263158 0.19230769230769232 0.012631578947368327 0.039399624765478425
1 0.8273684210526315 0.17166979362101314 0.010526315789473606 0.03189493433395871
1 0.8521052631578947 0.1378986866791745 0.011578947368421022 0.02814258911819889
1 0.8826315789473684 0.15196998123827393 0.011578947368421133 0.02626641651031894
1 0.8536842105263158 0.19887429643527205 0.012631578947368438 0.0375234521575985
1 0.878421052631579 0.2298311444652908 0.013684210526315854 0.04315196998123827
1 0.8868421052631579 0.2045028142589118 0.013684210526315743 0.022514071294559096
1 0.9147368421052632 0.18292682926829268 0.010526315789473717 0.02439024390243902
1 0.9310526315789474 0.22795497185741087 0.015789473684210575 0.04315196998123827
1 0.9357894736842105 0.17073170731707316 0.012631578947368438 0.022514071294559096
1 0.8721052631578947 0.27204502814258913 0.017894736842105297 0.04502814258911819
