1 0.029742324561403508 0.4638157894736842 0.029331140350877194 0.04934210526315791
1 0.05304276315789474 0.47121710526315785 0.030975877192982462 0.04111842105263158
1 0.09169407894736842 0.4973273026315789 0.0424890350877193 0.0563322368421052
1 0.11951754385964912 0.5082236842105263 0.049890350877192985 0.07401315789473678
1 0.1517269736842105 0.4434621710526316 0.030975877192982476 0.0390625
1 0.17393092105263158 0.4627878289473684 0.02878289473684209 0.043174342105263164
1 0.18530701754385964 0.5524259868421053 0.049890350877192985 0.0719572368421052
1 0.29262609649122806 0.489514802631579 0.042489035087719285 0.055509868421052655
1 0.34457236842105265 0.5034950657894737 0.04385964912280699 0.05879934210526322
1 0.41625548245614036 0.526110197368421 0.05016447368421051 0.06702302631578949
1 0.5738760964912281 0.561060855263158 0.04194078947368429 0.058799342105263164
1 0.5320723684210527 0.4453125 0.02412280701754388 0.037006578947368474
1 0.5951206140350878 0.4638157894736842 0.02412280701754388 0.045230263157894746
1 0.707236842105263 0.4202302631578947 0.027412280701754388 0.04440789473684209
1 0.9544956140350878 0.5923108552631579 0.08223684210526316 0.13363486842105265
