1 0.10583333333333333 0.555625 0.04833333333333334 0.08124999999999993
1 0.23375 0.56375 0.05583333333333332 0.08999999999999997
1 0.28708333333333336 0.546875 0.057499999999999996 0.09624999999999995
1 0.26625 0.475 0.04416666666666666 0.0625
1 0.3566666666666667 0.31062500000000004 0.065 0.12125000000000002
1 0.4825 0.385625 0.05166666666666664 0.08875
1 0.4691666666666667 0.5018750000000001 0.07500000000000007 0.11875000000000002
1 0.36916666666666664 0.5225 0.06 0.09000000000000002
1 0.44625000000000004 0.528125 0.03916666666666663 0.08374999999999994
1 0.5862499999999999 0.49375 0.044166666666666576 0.08500000000000002
1 0.5708333333333333 0.52875 0.04166666666666663 0.06250000000000006
1 0.6483333333333333 0.531875 0.07833333333333337 0.13624999999999998
1 0.6737500000000001 0.470625 0.04916666666666669 0.09875
1 0.6983333333333334 0.49125 0.030000000000000027 0.06500000000000006
1 0.8358333333333333 0.483125 0.03166666666666673 0.07375000000000004
1 0.8583333333333334 0.46749999999999997 0.043333333333333335 0.08999999999999997
1 0.8845833333333333 0.48624999999999996 0.057499999999999996 0.11249999999999999
1 0.9608333333333333 0.426875 0.07833333333333337 0.16124999999999995
