1 0.24 0.3900375939849624 0.052631578947368446 0.10338345864661658
1 0.5368421052631579 0.18609022556390975 0.021052631578947434 0.04887218045112782
1 0.6263157894736842 0.22086466165413532 0.023157894736842155 0.05075187969924813
1 0.6710526315789473 0.19360902255639095 0.020000000000000018 0.03383458646616541
1 0.6784210526315789 0.22086466165413532 0.015789473684210575 0.0394736842105263
1 0.6663157894736842 0.2584586466165414 0.021052631578947434 0.04699248120300753
1 0.7105263157894737 0.20206766917293234 0.01684210526315788 0.0394736842105263
1 0.7531578947368421 0.22086466165413532 0.020000000000000018 0.0469924812030075
1 0.7494736842105263 0.28101503759398494 0.025263157894736876 0.05451127819548868
1 0.7626315789473683 0.2734962406015038 0.017894736842105297 0.0432330827067669
1 0.7326315789473684 0.3693609022556391 0.02947368421052632 0.08082706766917291
1 0.8121052631578947 0.412593984962406 0.0368421052631579 0.07706766917293228
1 0.8999999999999999 0.4135338345864662 0.03578947368421048 0.08270676691729323
1 0.8294736842105264 0.2650375939849624 0.023157894736842155 0.052631578947368446
