1 0.26091954022988506 0.3089368258859784 0.14482758620689654 0.22650231124807396
1 0.11379310344827587 0.34283513097072416 0.11494252873563218 0.17719568567026195
1 0.45632183908045976 0.3998459167950693 0.08045977011494254 0.11556240369799692
1 0.4729885057471265 0.36671802773497686 0.054022988505747105 0.0832049306625578
1 0.5091954022988505 0.4291217257318952 0.0482758620689655 0.07550077041602465
1 0.5885057471264368 0.37057010785824346 0.08045977011494254 0.1032357473035439
1 0.7706896551724138 0.41602465331278893 0.042528735632183845 0.07087827426810478
1 0.8413793103448276 0.40909090909090906 0.05977011494252871 0.060092449922958424
1 0.8850574712643677 0.41602465331278893 0.04137931034482756 0.05855161787365176
1 0.8994252873563218 0.37904468412942993 0.0356321839080459 0.04930662557781201
1 0.7413793103448276 0.43682588597842836 0.0367816091954023 0.057010785824345156
