1 0.34685759745425615 0.22022160664819945 0.0175019888623707 0.03047091412742381
1 0.30787589498806683 0.22714681440443213 0.015910898965791564 0.02770083102493076
1 0.3846459824980112 0.29155124653739617 0.02466189339697694 0.051246537396121894
1 0.4821002386634845 0.20152354570637118 0.015910898965791564 0.04016620498614959
1 0.45942720763723155 0.15443213296398894 0.013524264120922835 0.02631578947368421
1 0.5572792362768497 0.1260387811634349 0.011933174224343701 0.022160664819944595
1 0.5576770087509944 0.1842105263157895 0.017501988862370754 0.033240997229916885
1 0.8675417661097853 0.1412742382271468 0.010342084327764511 0.024930747922437685
1 0.8993635640413684 0.13850415512465375 0.011933174224343701 0.027700831024930733
1 0.7955449482895783 0.4037396121883656 0.03182179793158313 0.07063711911357345
