1 0.92875 0.4020715630885122 0.04500000000000004 0.0847457627118644
1 0.9706250000000001 0.32015065913371 0.03375000000000006 0.052730696798493404
1 0.871875 0.3258003766478343 0.03125 0.04143126177024481
1 0.8200000000000001 0.4491525423728814 0.05500000000000005 0.07721280602636532
1 0.639375 0.5056497175141244 0.06125000000000003 0.096045197740113
1 0.62625 0.4350282485875706 0.04249999999999998 0.064030131826742
1 0.674375 0.391713747645951 0.03125 0.060263653483992485
1 0.635 0.3502824858757062 0.022499999999999964 0.04519774011299438
1 0.584375 0.4114877589453861 0.03125 0.043314500941619594
1 0.5856250000000001 0.3625235404896422 0.018749999999999933 0.039548022598870025
1 0.72875 0.371939736346516 0.02499999999999991 0.043314500941619594
1 0.7518750000000001 0.35499058380414317 0.018749999999999933 0.028248587570621486
1 0.76625 0.3305084745762712 0.020000000000000018 0.03578154425612057
1 0.713125 0.3483992467043314 0.018750000000000044 0.03389830508474573
1 0.7075 0.3248587570621469 0.02749999999999997 0.03578154425612057
1 0.6825 0.3559322033898305 0.020000000000000018 0.04519774011299438
1 0.5125 0.28060263653483997 0.01749999999999996 0.026365348399246702
1 0.399375 0.3973634651600753 0.02124999999999999 0.030131826741996215
1 0.46875 0.2966101694915254 0.015000000000000013 0.024482109227871918
1 0.450625 0.2966101694915254 0.016249999999999987 0.020715630885122405
1 0.421875 0.3116760828625235 0.018750000000000044 0.020715630885122405
1 0.424375 0.2796610169491526 0.01375000000000004 0.01694915254237289
1 0.398125 0.2928436911487759 0.01375000000000004 0.016949152542372836
1 0.374375 0.288135593220339 0.013749999999999984 0.02259887005649719
1 0.374375 0.3116760828625236 0.016249999999999987 0.028248587570621486
1 0.36 0.3305084745762712 0.020000000000000018 0.024482109227871973
1 0.345 0.30131826741996237 0.019999999999999962 0.03013182674199627
1 0.329375 0.2664783427495292 0.013749999999999984 0.020715630885122405
1 0.30000000000000004 0.2664783427495292 0.017500000000000016 0.020715630885122405
1 0.31125 0.3116760828625235 0.02250000000000002 0.032015065913371
1 0.279375 0.3220338983050848 0.02124999999999999 0.026365348399246702
1 0.2725 0.2711864406779661 0.015000000000000013 0.026365348399246757
1 0.236875 0.2853107344632768 0.01874999999999999 0.028248587570621486
1 0.20500000000000002 0.2928436911487759 0.017499999999999988 0.024482109227871973
1 0.20500000000000002 0.2523540489642184 0.01999999999999999 0.026365348399246702
1 0.17125 0.2598870056497175 0.01999999999999999 0.02259887005649716
1 0.10125 0.2598870056497175 0.022500000000000006 0.033898305084745756
1 0.143125 0.27306967984934083 0.01874999999999999 0.03389830508474573
1 0.079375 0.2222222222222222 0.01625 0.02259887005649716
1 0.025 0.2297551789077213 0.020000000000000004 0.030131826741996243
1 0.041874999999999996 0.28342749529190203 0.018749999999999996 0.028248587570621486
1 0.01125 0.2937853107344633 0.02 0.03389830508474578
1 0.128125 0.623352165725047 0.09124999999999998 0.128060263653484
1 0.2175 0.4613935969868173 0.03749999999999998 0.052730696798493404
1 0.27625 0.4463276836158192 0.03249999999999997 0.06026365348399243
1 0.3075 0.4472693032015066 0.04749999999999999 0.07721280602636538
1 0.348125 0.4868173258003766 0.03125 0.050847457627118675
1 0.33999999999999997 0.3860640301318268 0.019999999999999962 0.03389830508474573
1 0.27375 0.36817325800376643 0.020000000000000018 0.03578154425612051
1 0.23249999999999998 0.33333333333333337 0.027499999999999997 0.037664783427495296
1 0.16375 0.428436911487759 0.03 0.050847457627118675
1 0.139375 0.3738229755178908 0.028749999999999998 0.043314500941619594
1 0.12187500000000001 0.2994350282485876 0.023750000000000007 0.030131826741996215
1 0.0925 0.3173258003766478 0.024999999999999994 0.043314500941619594
1 0.11499999999999999 0.4143126177024482 0.022500000000000006 0.037664783427495296
1 0.0575 0.4416195856873823 0.045 0.05461393596986819
1 0.058125 0.4981167608286252 0.053750000000000006 0.062146892655367214
1 0.028749999999999998 0.6167608286252354 0.0525 0.14124293785310726
1 0.011874999999999998 0.4209039548022599 0.021249999999999998 0.062146892655367214
1 0.016875 0.3785310734463277 0.02625 0.04519774011299438
1 0.02375 0.3531073446327684 0.0325 0.043314500941619594
