1 0.03666666666666667 0.5220048899755502 0.04666666666666666 0.08068459657701715
1 0.16249999999999998 0.5378973105134475 0.04166666666666666 0.06845965770171147
1 0.23583333333333334 0.5574572127139363 0.051666666666666666 0.07823960880195602
1 0.3433333333333333 0.5782396088019559 0.06333333333333335 0.10024449877750607
1 0.3541666666666667 0.5220048899755501 0.03833333333333333 0.06112469437652812
1 0.5408333333333333 0.6907090464547677 0.05500000000000005 0.0806845965770171
1 0.4608333333333333 0.5330073349633252 0.041666666666666685 0.06845965770171142
1 0.43666666666666665 0.5244498777506112 0.03666666666666668 0.05134474327628363
1 0.5208333333333334 0.5281173594132029 0.03833333333333333 0.07334963325183375
1 0.6433333333333333 0.6821515892420538 0.09666666666666668 0.18092909535452328
1 0.7641666666666667 0.6503667481662592 0.08166666666666667 0.16625916870415658
1 0.6833333333333333 0.5452322738386308 0.033333333333333326 0.07334963325183375
1 0.73 0.539119804400978 0.026666666666666616 0.05134474327628358
1 0.9775 0.5757946210268948 0.04166666666666663 0.09046454767726164
1 0.6608333333333334 0.5244498777506112 0.03500000000000003 0.05134474327628363
