1 0.11433305716652858 0.5110650069156293 0.04142502071251036 0.06777316735822952
1 0.20629660314830156 0.3340248962655602 0.019884009942004982 0.037344398340248997
1 0.24109362054681027 0.34923928077455046 0.018227009113504583 0.04287690179806364
1 0.2684341342170671 0.30013831258644535 0.014913007456503757 0.03319502074688796
1 0.27879038939519474 0.3478561549100968 0.019055509527754755 0.04011065006915632
1 0.30737365368682684 0.3609958506224067 0.01988400994200501 0.0442600276625173
1 0.33098591549295775 0.32918395573997233 0.02071251035625521 0.03319502074688796
1 0.335956917978459 0.28769017980636236 0.014084507042253502 0.02213001383125862
1 0.36702568351284176 0.3278008298755187 0.0165700082850041 0.03319502074688796
1 0.39229494614747307 0.3326417704011065 0.02236951118475561 0.02904564315352698
1 0.3715824357912179 0.2676348547717842 0.014084507042253502 0.02904564315352698
1 0.4146644573322287 0.23789764868603042 0.012427506213753103 0.02213001383125865
1 0.4270919635459818 0.2524204702627939 0.014084507042253502 0.0318118948824343
1 0.4362054681027341 0.326417704011065 0.020712510356255154 0.0387275242047026
1 0.44821872410936203 0.3070539419087137 0.016570008285004156 0.03319502074688796
1 0.44614747307373653 0.23789764868603042 0.014084507042253502 0.02213001383125865
1 0.49254349627174815 0.3070539419087137 0.015741507870754012 0.04149377593360998
1 0.4531897265948633 0.4045643153526971 0.026512013256006606 0.053941908713692976
1 0.4933719966859984 0.2551867219917012 0.014084507042253558 0.03181189488243427
1 0.5024855012427506 0.2710926694329184 0.014084507042253502 0.03319502074688796
1 0.5132560066280033 0.24412171507607194 0.014084507042253502 0.029045643153527007
1 0.5331400165700083 0.23443983402489627 0.012427506213753103 0.02904564315352698
1 0.5459817729908865 0.21507607192254496 0.014913007456503702 0.02351313969571231
1 0.5608947804473903 0.20608575380359612 0.0165700082850041 0.02213001383125865
1 0.5965202982601492 0.19709543568464732 0.011599005799502904 0.02351313969571231
1 0.56006628003314 0.2697095435684647 0.014913007456503702 0.03596127247579528
1 0.5890637945318973 0.2434301521438451 0.011599005799502904 0.03319502074688799
1 0.6251035625517812 0.21438450899031813 0.014084507042253502 0.02489626556016597
1 0.6271748135874068 0.24135546334716457 0.014913007456503813 0.03181189488243427
1 0.648301574150787 0.21023513139695713 0.014084507042253502 0.024896265560165998
1 0.664043082021541 0.21991701244813278 0.014084507042253502 0.02766251728907332
1 0.684341342170671 0.21230982019363762 0.013256006628003303 0.026279391424619658
1 0.5091135045567523 0.42254495159059474 0.027340513670256805 0.05947441217150762
1 0.5265120132560066 0.34439834024896265 0.024026512013256007 0.04702627939142462
1 0.572079536039768 0.4412171507607192 0.03231151615575811 0.06085753803596128
1 0.5724937862468931 0.38105117565698476 0.023198011599005697 0.04840940525587828
1 0.5849212924606462 0.322268326417704 0.021541010770505298 0.04149377593360998
1 0.6222038111019055 0.2994467496542185 0.0165700082850041 0.03734439834024894
1 0.6541010770505385 0.27247579529737204 0.014084507042253502 0.03042876901798064
1 0.6901408450704225 0.2475795297372061 0.013256006628003303 0.03319502074688796
1 0.671913835956918 0.30774550484094054 0.023198011599005808 0.03457814661134162
1 0.6992543496271748 0.2869986168741355 0.01822700911350461 0.037344398340248997
1 0.6454018227009113 0.3582295988934993 0.0198840099420049 0.049792531120331995
1 0.6731565865782934 0.35338865836791145 0.01905550952775481 0.04287690179806364
1 0.6263463131731566 0.46058091286307057 0.0314830157415078 0.06362378976486865
1 0.7029826014913008 0.39557399723374825 0.025683512841756406 0.05809128630705396
1 0.6864125932062966 0.5325034578146611 0.03562551781275891 0.06915629322268324
1 0.7630488815244407 0.42461964038727523 0.028169014084507116 0.05532503457814664
1 0.7220381110190555 0.2399723374827109 0.014084507042253613 0.02627939142461963
1 0.7489643744821872 0.21784232365145229 0.014913007456503702 0.02904564315352698
1 0.751864125932063 0.25103734439834025 0.0157415078707539 0.03457814661134162
1 0.7676056338028169 0.2704011065006916 0.0173985086992543 0.037344398340248997
1 0.7713338856669429 0.2351313969571231 0.011599005799502904 0.03319502074688796
1 0.7879038939519469 0.23582295988934993 0.013256006628003303 0.0318118948824343
1 0.8115161557580779 0.2641770401106501 0.014084507042253502 0.03042876901798064
1 0.8318144159072081 0.24481327800829877 0.011599005799502904 0.03596127247579531
1 0.8036454018227008 0.28769017980636236 0.014913007456503702 0.03319502074688796
1 0.8260149130074566 0.2987551867219917 0.0165700082850041 0.03319502074688796
1 0.8169014084507042 0.3257261410788382 0.01822700911350461 0.04011065006915626
1 0.8007456503728252 0.3478561549100968 0.0207125103562551 0.04840940525587828
1 0.848384424192212 0.35892116182572614 0.0182270091135045 0.0456431535269709
1 0.8392709196354599 0.4384508990318119 0.024855012427506207 0.05809128630705396
1 0.8094449047224523 0.479253112033195 0.026512013256006606 0.05670816044260024
1 0.9022369511184756 0.45435684647302904 0.026512013256006606 0.05947441217150762
1 0.8670256835128418 0.34163208852005533 0.01905550952775481 0.0442600276625173
1 0.8429991714995857 0.26625172890733056 0.014084507042253613 0.03734439834024894
1 0.8657829328914664 0.2503457814661134 0.011599005799502904 0.03596127247579528
1 0.884009942004971 0.2704011065006916 0.0165700082850041 0.04011065006915632
1 0.8985086992543496 0.31258644536652835 0.0173985086992543 0.03596127247579528
1 0.9262634631317316 0.3540802213001383 0.01822700911350461 0.04979253112033194
1 0.9229494614747307 0.2959889349930844 0.014913007456503702 0.03596127247579528
1 0.9275062137531068 0.2704011065006916 0.012427506213753103 0.023513139695712282
1 0.9014084507042254 0.4273858921161826 0.026512013256006606 0.035961272475795336
1 0.5683512841756422 0.25103734439834025 0.013256006628003303 0.03457814661134162
1 0.39022369511184757 0.2939142461964039 0.013256006628003303 0.02904564315352698
1 0.4196354598177299 0.2987551867219917 0.015741507870753957 0.03042876901798064
1 0.38939519469759737 0.2724757952973721 0.013256006628003303 0.024896265560165942
1 0.8748964374482187 0.30290456431535273 0.014913007456503702 0.04149377593360998
