1 0.27016520894071916 0.2597402597402597 0.0194363459669582 0.03246753246753248
1 0.2813411078717201 0.262987012987013 0.01846452866861026 0.038961038961038974
1 0.3114674441205053 0.2637987012987013 0.018464528668610314 0.04058441558441561
1 0.3275024295432459 0.2792207792207792 0.017492711370262426 0.038961038961038974
1 0.3493683187560739 0.30438311688311687 0.022351797862001976 0.037337662337662336
1 0.35082604470359574 0.237012987012987 0.0194363459669582 0.0357142857142857
1 0.38386783284742465 0.2142857142857143 0.01749271137026237 0.035714285714285726
1 0.3974732750242954 0.21185064935064934 0.01749271137026237 0.03084415584415584
1 0.40524781341107874 0.2987012987012987 0.025267249757045696 0.04545454545454547
1 0.4193391642371234 0.237012987012987 0.02235179786200192 0.0357142857142857
1 0.4834791059280855 0.22564935064935066 0.024295432458697808 0.042207792207792194
1 0.467930029154519 0.1810064935064935 0.02040816326530609 0.037337662337662336
1 0.5174927113702623 0.16639610389610388 0.016520894071914483 0.027597402597402593
1 0.5379008746355685 0.18587662337662336 0.020408163265306034 0.037337662337662364
1 0.5252672497570456 0.21347402597402598 0.020408163265306145 0.03409090909090909
1 0.5699708454810495 0.19318181818181818 0.02235179786200192 0.03246753246753248
1 0.5685131195335277 0.16233766233766234 0.0194363459669582 0.029220779220779203
1 0.5937803692905734 0.17207792207792208 0.019436345966958313 0.038961038961038974
1 0.6098153547133138 0.12418831168831168 0.016520894071914483 0.027597402597402607
1 0.5816326530612245 0.2272727272727273 0.020408163265306145 0.038961038961038946
1 0.5077745383867833 0.3060064935064935 0.024295432458697752 0.05032467532467533
1 0.5587949465500486 0.31493506493506496 0.03109815354713308 0.05844155844155846
1 0.597667638483965 0.2711038961038961 0.027210884353741527 0.05844155844155843
1 0.6248785228377065 0.21996753246753248 0.023323615160349753 0.04383116883116883
1 0.6491739552964042 0.19642857142857142 0.021379980563653977 0.042207792207792194
1 0.6676384839650146 0.349025974025974 0.033041788143828965 0.0714285714285714
1 0.6579203109815355 0.2727272727272727 0.029154518950437414 0.05194805194805194
1 0.6812439261418852 0.21672077922077923 0.023323615160349864 0.05032467532467533
1 0.6943634596695821 0.18506493506493507 0.020408163265306145 0.038961038961038974
1 0.7312925170068028 0.20373376623376624 0.020408163265306145 0.037337662337662336
1 0.7385811467444121 0.18181818181818182 0.019436345966958313 0.0357142857142857
1 0.7269193391642371 0.2564935064935065 0.02526724975704564 0.04870129870129869
1 0.7589893100097183 0.2362012987012987 0.021379980563653977 0.04383116883116886
1 0.7667638483965015 0.19074675324675325 0.017492711370262315 0.034090909090909116
1 0.7881438289601554 0.2012987012987013 0.017492711370262426 0.038961038961038946
1 0.7764820213799806 0.1444805194805195 0.01554907677356665 0.03246753246753248
1 0.8066083576287657 0.14772727272727273 0.017492711370262426 0.03246753246753248
1 0.8241010689990282 0.17613636363636365 0.019436345966958313 0.03409090909090909
1 0.8309037900874635 0.23214285714285715 0.0194363459669582 0.035714285714285726
1 0.8158406219630709 0.25243506493506496 0.02818270165208947 0.05681818181818182
1 0.7871720116618076 0.30519480519480524 0.02526724975704564 0.055194805194805185
1 0.7687074829931972 0.36444805194805197 0.033041788143828965 0.0600649350649351
1 0.8595724003887268 0.29707792207792205 0.02818270165208936 0.055194805194805185
1 0.8731778425655976 0.2670454545454546 0.024295432458697808 0.04707792207792211
1 0.9110787172011662 0.2930194805194805 0.026239067055393583 0.0535714285714286
1 0.8935860058309038 0.2142857142857143 0.01846452866861037 0.04220779220779222
1 0.8508260447035958 0.2037337662337662 0.016520894071914483 0.040584415584415584
1 0.8624878522837707 0.16314935064935066 0.014577259475218707 0.03084415584415584
