1 0.137459807073955 0.5628531073446328 0.03697749196141478 0.07485875706214684
1 0.22146302250803857 0.3495762711864407 0.018488745980707405 0.035310734463276816
1 0.2572347266881029 0.36087570621468923 0.022508038585208973 0.04096045197740111
1 0.29059485530546625 0.3615819209039548 0.021704180064308687 0.0423728813559322
1 0.3122990353697749 0.38983050847457623 0.02491961414790994 0.050847457627118675
1 0.30184887459807075 0.3057909604519774 0.01688102893890675 0.03248587570621464
1 0.35289389067524113 0.30014124293785316 0.016077170418006437 0.032485875706214695
1 0.3472668810289389 0.3403954802259887 0.022508038585209056 0.03672316384180796
1 0.3786173633440515 0.327683615819209 0.016077170418006437 0.03954802259887008
1 0.38585209003215437 0.2761299435028249 0.01929260450160769 0.03813559322033899
1 0.4047427652733119 0.2959039548022599 0.015273311897106123 0.035310734463276816
1 0.4087620578778135 0.3319209039548022 0.020096463022508004 0.03954802259887008
1 0.434887459807074 0.3467514124293785 0.01929260450160769 0.04661016949152541
1 0.40554662379421225 0.2676553672316384 0.016881028938906806 0.029661016949152574
1 0.42483922829581994 0.2761299435028248 0.01688102893890675 0.02966101694915252
1 0.42323151125401925 0.25 0.01366559485530544 0.025423728813559338
1 0.4397106109324759 0.30014124293785316 0.016077170418006437 0.032485875706214695
1 0.4662379421221865 0.3093220338983051 0.01768488745980712 0.03389830508474578
1 0.47427652733118975 0.2733050847457627 0.016077170418006437 0.029661016949152574
1 0.4485530546623794 0.25 0.01446945337620581 0.02824858757062146
1 0.46663987138263663 0.2387005649717514 0.012057877813504814 0.025423728813559338
1 0.489951768488746 0.2768361581920904 0.018488745980707377 0.03672316384180796
1 0.5136655948553055 0.2521186440677966 0.012861736334405127 0.026836158192090398
1 0.5213022508038585 0.2725988700564972 0.01688102893890675 0.031073446327683607
1 0.5321543408360129 0.2570621468926554 0.014469453376205754 0.031073446327683635
1 0.5562700964630225 0.2153954802259887 0.012861736334405238 0.0211864406779661
1 0.5715434083601286 0.2387005649717514 0.0112540192926045 0.025423728813559338
1 0.5940514469453376 0.2231638418079096 0.014469453376205754 0.02542372881355931
1 0.6057073954983923 0.2090395480225989 0.013665594855305496 0.02824858757062146
1 0.6181672025723473 0.21822033898305085 0.0112540192926045 0.026836158192090398
1 0.5920418006430868 0.2535310734463277 0.015273311897106123 0.03248587570621467
1 0.6237942122186495 0.2648305084745763 0.014469453376205754 0.03248587570621467
1 0.5462218649517685 0.2810734463276836 0.01688102893890675 0.03389830508474578
1 0.46061093247588425 0.4074858757062147 0.025723472668810254 0.057909604519774005
1 0.5008038585209003 0.326271186440678 0.01929260450160769 0.04519774011299432
1 0.5631028938906752 0.268361581920904 0.01848874598070749 0.036723163841807904
1 0.5289389067524115 0.37570621468926557 0.025723472668810365 0.05649717514124292
1 0.5261254019292605 0.4322033898305085 0.029742765273311877 0.053672316384180796
1 0.5735530546623795 0.44562146892655363 0.03295819935691313 0.0635593220338983
1 0.5904340836012862 0.3728813559322034 0.026527331189710623 0.05084745762711862
1 0.5904340836012862 0.3227401129943503 0.02331189710610937 0.04661016949152541
1 0.6266077170418006 0.2980225988700565 0.02331189710610926 0.04519774011299438
1 0.6258038585209003 0.46963276836158196 0.03295819935691313 0.0748587570621469
1 0.6611736334405145 0.3707627118644068 0.026527331189710623 0.05225988700564971
1 0.6382636655948553 0.3403954802259887 0.020900321543408373 0.04519774011299438
1 0.6816720257234726 0.34675141242937857 0.022508038585209 0.04378531073446329
1 0.6917202572347267 0.2966101694915254 0.020096463022508115 0.03954802259887008
1 0.6619774919614148 0.2846045197740113 0.020096463022508004 0.043785310734463234
1 0.6635852090032155 0.2323446327683616 0.010450160771704131 0.026836158192090398
1 0.6603697749196141 0.2076271186440678 0.012057877813504758 0.02259887005649719
1 0.6744372990353698 0.2231638418079096 0.012861736334405127 0.031073446327683607
1 0.6981511254019293 0.24505649717514125 0.012057877813504758 0.03531073446327687
1 0.7282958199356913 0.259180790960452 0.014469453376205865 0.02966101694915252
1 0.7303054662379421 0.2422316384180791 0.013665594855305496 0.02401129943502825
1 0.7359324758842444 0.2309322033898305 0.013665594855305496 0.026836158192090398
1 0.6985530546623795 0.5105932203389831 0.03536977491961413 0.08333333333333337
1 0.715032154340836 0.4018361581920904 0.029742765273311877 0.05508474576271183
1 0.7672829581993569 0.442090395480226 0.031350482315112504 0.05932203389830509
1 0.7994372990353698 0.5416666666666666 0.0361736334405145 0.0805084745762712
1 0.8307877813504823 0.4611581920903955 0.03295819935691313 0.057909604519774005
1 0.844855305466238 0.4124293785310734 0.02893890675241162 0.05649717514124292
1 0.7966237942122187 0.3615819209039548 0.024115755627009627 0.0480225988700565
1 0.809887459807074 0.346045197740113 0.018488745980707377 0.0423728813559322
1 0.7495980707395499 0.298728813559322 0.01688102893890675 0.03813559322033899
1 0.755225080385852 0.27824858757062143 0.01205787781350487 0.02542372881355931
1 0.7741157556270096 0.2662429378531074 0.01768488745980701 0.032485875706214695
1 0.7692926045016077 0.2422316384180791 0.014469453376205754 0.029661016949152574
1 0.790192926045016 0.2612994350282486 0.014469453376205865 0.02824858757062146
1 0.8110932475884245 0.30720338983050843 0.01768488745980712 0.04096045197740111
1 0.8038585209003215 0.2838983050847458 0.014469453376205754 0.03389830508474573
1 0.8283762057877814 0.2641242937853107 0.013665594855305496 0.033898305084745756
1 0.8444533762057878 0.2740112994350282 0.015273311897106123 0.04237288135593226
1 0.837620578778135 0.30932203389830504 0.01768488745980712 0.0480225988700565
1 0.8593247588424437 0.2584745762711864 0.014469453376205754 0.03107344632768358
1 0.885048231511254 0.2838983050847458 0.01768488745980701 0.03954802259887008
1 0.8770096463022508 0.3227401129943503 0.014469453376205865 0.035310734463276816
1 0.8705787781350482 0.3559322033898305 0.020900321543408373 0.05084745762711862
1 0.8987138263665595 0.4103107344632768 0.022508038585209 0.060734463276836126
1 0.9007234726688103 0.4830508474576271 0.026527331189710623 0.06497175141242939
1 0.915192926045016 0.3509887005649718 0.020096463022508115 0.04378531073446329
1 0.9055466237942122 0.31355932203389836 0.01688102893890675 0.036723163841807904
1 0.9204180064308682 0.307909604519774 0.012861736334405127 0.039548022598870025
