1 0.008771929824561403 0.5325484764542936 0.01569713758079409 0.04293628808864269
1 0.020775623268698064 0.5228531855955678 0.024930747922437674 0.0373961218836566
1 0.022160664819944595 0.4903047091412742 0.025854108956602027 0.038781163434903065
1 0.06463527239150507 0.5706371191135734 0.044321329639889204 0.07202216066481992
1 0.1371191135734072 0.5914127423822715 0.04524469067405355 0.07202216066481992
1 0.11542012927054479 0.5013850415512465 0.02400738688827332 0.03601108033241002
1 0.14035087719298245 0.5069252077562327 0.020313942751615882 0.03601108033240996
1 0.16204986149584488 0.5249307479224377 0.019390581717451533 0.03601108033240996
1 0.16666666666666669 0.5041551246537396 0.02123730378578023 0.0249307479224376
1 0.17497691597414589 0.47229916897506924 0.017543859649122806 0.03324099722991691
1 0.19852262234533702 0.5387811634349031 0.033240997229916885 0.052631578947368474
1 0.22206832871652815 0.5200831024930748 0.023084025854108958 0.040166204986149534
1 0.22022160664819945 0.49099722991689754 0.023084025854108958 0.03185595567867039
1 0.2580794090489381 0.5124653739612188 0.02308402585410893 0.041551246537396114
1 0.247460757156048 0.5685595567867037 0.038781163434903065 0.062326869806094254
1 0.2968605724838412 0.6322714681440443 0.048938134810710965 0.0872576177285318
1 0.3471837488457987 0.6094182825484764 0.04986149584487537 0.08310249307479223
1 0.30701754385964913 0.5318559556786704 0.026777469990766356 0.052631578947368474
1 0.29593721144967683 0.49584487534626037 0.02123730378578026 0.03324099722991691
1 0.32825484764542934 0.5 0.019390581717451505 0.038781163434903065
1 0.3490304709141274 0.5214681440443214 0.024007386888273308 0.04293628808864269
1 0.3739612188365651 0.48545706371191133 0.018467220683287155 0.03462603878116338
1 0.3956602031394275 0.5560941828254848 0.030470914127423865 0.05124653739612184
1 0.4159741458910434 0.5886426592797784 0.039704524469067415 0.06925207756232687
1 0.42843951985226225 0.5498614958448753 0.024007386888273308 0.047091412742382266
1 0.4515235457063712 0.4930747922437673 0.016620498614958457 0.03324099722991691
1 0.48014773776546626 0.5034626038781164 0.018467220683287155 0.04016620498614959
1 0.502770083102493 0.48753462603878117 0.015697137580794107 0.03324099722991686
1 0.49722991689750695 0.5373961218836565 0.02677746999076641 0.049861495844875314
1 0.5595567867036011 0.5796398891966759 0.0313942751615881 0.059556786703601095
1 0.5674053554939982 0.5124653739612188 0.02123730378578026 0.038781163434903065
1 0.5877192982456141 0.5034626038781164 0.02123730378578015 0.045706371191135686
1 0.6075715604801477 0.5443213296398892 0.029547553093259515 0.05263157894736836
1 0.656971375807941 0.5311634349030471 0.023084025854108847 0.037396121883656486
1 0.6301939058171745 0.556786703601108 0.02123730378578026 0.04432132963988922
1 0.6994459833795014 0.5221606648199446 0.01939058171745156 0.03324099722991691
1 0.8005540166204986 0.5373961218836565 0.029547553093259404 0.049861495844875314
1 0.8938134810710988 0.5602493074792243 0.027700831024930705 0.04293628808864269
1 0.7894736842105263 0.8005540166204986 0.16620498614958445 0.27977839335180055
