1 0.04950495049504951 0.41876750700280113 0.08203677510608204 0.15406162464985995
1 0.014851485148514853 0.3263305322128851 0.024045261669024046 0.1092436974789916
1 0.1973125884016973 0.3753501400560224 0.06082036775106084 0.12324929971988796
1 0.2644978783592645 0.29971988795518206 0.05091937765205093 0.11204481792717089
1 0.25035360678925034 0.5028011204481793 0.07920792079207922 0.18207282913165268
1 0.34158415841584155 0.17507002801120447 0.02687411598302686 0.06442577030812327
1 0.3741159830268741 0.3123249299719888 0.038189533239038176 0.1092436974789916
1 0.41796322489391796 0.43977591036414565 0.074964639321075 0.15126050420168063
1 0.4738330975954738 0.3389355742296919 0.04526166902404527 0.11764705882352938
1 0.49222065063649223 0.25910364145658266 0.03677510608203677 0.092436974789916
1 0.4405940594059406 0.18907563025210083 0.02970297029702973 0.0700280112044818
1 0.5516265912305516 0.334733893557423 0.04526166902404527 0.1092436974789916
1 0.5601131541725601 0.2338935574229692 0.03677510608203671 0.07563025210084032
1 0.6188118811881188 0.3879551820728291 0.06082036775106081 0.13725490196078433
1 0.6647807637906648 0.3445378151260504 0.04526166902404527 0.10644257703081228
1 0.6428571428571428 0.2983193277310925 0.0410183875530411 0.07563025210084034
1 0.6725601131541725 0.2535014005602241 0.038189533239038176 0.08683473389355742
1 0.6598302687411598 0.6666666666666666 0.10608203677510608 0.2408963585434174
1 0.7355021216407355 0.4677871148459384 0.08486562942008491 0.20168067226890757
1 0.8217821782178218 0.30532212885154064 0.042432814710042455 0.10084033613445381
1 0.8727015558698727 0.2773109243697479 0.03960396039603953 0.09523809523809526
1 0.9101838755304101 0.4117647058823529 0.06082036775106081 0.1400560224089636
1 0.966053748231966 0.3137254901960784 0.048090523338048086 0.12324929971988796
