1 0.049 0.4933333333333333 0.054 0.08000000000000002
1 0.123 0.492 0.03799999999999999 0.055999999999999994
1 0.15999999999999998 0.472 0.032 0.04799999999999999
1 0.022 0.5800000000000001 0.04 0.10399999999999998
1 0.317 0.612 0.07399999999999995 0.1253333333333333
1 0.33199999999999996 0.5306666666666666 0.043999999999999984 0.0746666666666666
1 0.404 0.5146666666666666 0.04799999999999999 0.08533333333333337
1 0.445 0.496 0.038000000000000034 0.08533333333333332
1 0.528 0.5746666666666667 0.06800000000000006 0.09333333333333327
1 0.352 0.7813333333333333 0.14 0.21333333333333337
1 0.54 0.8773333333333333 0.20800000000000002 0.22933333333333328
1 0.638 0.5853333333333333 0.08800000000000008 0.12
1 0.8089999999999999 0.6733333333333333 0.11399999999999999 0.17866666666666675
1 0.739 0.4 0.04600000000000004 0.0693333333333333
