1 0.2572727272727273 0.6147540983606558 0.11454545454545456 0.23497267759562845
1 0.19272727272727275 0.36475409836065575 0.03636363636363635 0.06830601092896177
1 0.16909090909090907 0.2896174863387978 0.029090909090909084 0.04918032786885246
1 0.30272727272727273 0.26639344262295084 0.038181818181818206 0.05191256830601093
1 0.3218181818181818 0.32377049180327866 0.03999999999999998 0.06830601092896177
1 0.36818181818181817 0.3702185792349727 0.07818181818181819 0.09562841530054644
1 0.4672727272727273 0.5040983606557377 0.13090909090909092 0.16666666666666663
1 0.5390909090909091 0.36065573770491804 0.0636363636363636 0.10382513661202186
1 0.4281818181818182 0.3224043715846995 0.03818181818181815 0.0655737704918033
1 0.3881818181818182 0.27732240437158473 0.034545454545454546 0.05191256830601093
1 0.4390909090909091 0.21448087431693988 0.030909090909090886 0.046448087431693985
1 0.45 0.2704918032786885 0.030909090909090886 0.06010928961748635
1 0.6872727272727273 0.23633879781420764 0.050909090909090904 0.09562841530054644
1 0.8209090909090909 0.13251366120218577 0.1145454545454545 0.21038251366120217
