1 0.09135584677419353 0.4782919847328244 0.10912298387096772 0.25715648854961826
1 0.19632056451612903 0.3604484732824427 0.0786290322580645 0.17509541984732824
1 0.16935483870967744 0.2876908396946565 0.06804435483870966 0.1564885496183206
1 0.2491179435483871 0.2869751908396947 0.06779233870967744 0.15505725190839698
1 0.3719758064516129 0.29890267175572516 0.04485887096774194 0.09971374045801523
1 0.47769657258064513 0.30224236641221375 0.04763104838709675 0.10353053435114501
1 0.6145413306451613 0.3194179389312977 0.051159274193548376 0.10353053435114501
1 0.7200100806451613 0.34780534351145037 0.04485887096774188 0.11545801526717558
1 0.7847782258064515 0.3630725190839695 0.06653225806451613 0.15935114503816794
1 0.7661290322580645 0.28435114503816794 0.03377016129032251 0.0782442748091603
1 0.8826864919354839 0.3413645038167939 0.05267137096774199 0.12070610687022898
1 0.916960685483871 0.44131679389312983 0.08190524193548387 0.18797709923664124
1 0.9681199596774194 0.35186068702290074 0.05670362903225801 0.13120229007633588
