1 0.0809090909090909 0.5622895622895623 0.027272727272727268 0.06060606060606055
1 0.1290909090909091 0.5875420875420876 0.025454545454545452 0.0572390572390572
1 0.13454545454545455 0.7104377104377104 0.036363636363636376 0.06734006734006737
1 0.2 0.7188552188552189 0.029090909090909084 0.05723905723905731
1 0.18272727272727274 0.5791245791245792 0.027272727272727254 0.05387205387205385
1 0.16545454545454547 0.5555555555555556 0.025454545454545452 0.05387205387205385
1 0.21090909090909093 0.5740740740740742 0.02181818181818182 0.0505050505050505
1 0.23363636363636364 0.5824915824915825 0.01999999999999999 0.05387205387205385
1 0.2554545454545455 0.5841750841750841 0.027272727272727282 0.0572390572390572
1 0.27 0.7508417508417509 0.03090909090909094 0.06734006734006737
1 0.29000000000000004 0.601010101010101 0.027272727272727282 0.0505050505050505
1 0.2854545454545454 0.563973063973064 0.025454545454545452 0.0505050505050505
1 0.3090909090909091 0.5942760942760943 0.025454545454545452 0.05723905723905731
1 0.33090909090909093 0.5740740740740742 0.025454545454545452 0.0505050505050505
1 0.3418181818181818 0.5791245791245792 0.021818181818181792 0.05387205387205385
1 0.32636363636363636 0.7205387205387206 0.034545454545454546 0.06734006734006737
1 0.3645454545454545 0.5892255892255892 0.023636363636363622 0.05387205387205385
1 0.3772727272727273 0.5892255892255892 0.023636363636363622 0.05387205387205385
1 0.3981818181818182 0.5774410774410774 0.025454545454545452 0.0505050505050505
1 0.42454545454545456 0.5707070707070707 0.023636363636363622 0.0505050505050505
1 0.39909090909090905 0.7188552188552189 0.03818181818181815 0.07744107744107742
1 0.46090909090909093 0.7373737373737373 0.03090909090909094 0.06060606060606055
1 0.4536363636363636 0.5791245791245792 0.019999999999999962 0.05387205387205385
1 0.47818181818181815 0.5858585858585859 0.021818181818181792 0.06060606060606055
1 0.4909090909090909 0.5740740740740742 0.018181818181818188 0.0505050505050505
1 0.5054545454545455 0.5774410774410774 0.021818181818181792 0.0505050505050505
1 0.519090909090909 0.7138047138047139 0.030909090909090886 0.06060606060606066
1 0.5354545454545454 0.5791245791245792 0.023636363636363567 0.06060606060606055
1 0.5663636363636364 0.5858585858585859 0.020000000000000018 0.06060606060606055
1 0.5909090909090908 0.6043771043771045 0.025454545454545507 0.0572390572390572
1 0.5909090909090908 0.5723905723905724 0.018181818181818188 0.04040404040404033
1 0.5827272727272728 0.7222222222222222 0.030909090909090886 0.07070707070707072
1 0.6309090909090909 0.7121212121212122 0.029090909090909167 0.07070707070707072
1 0.6154545454545455 0.5841750841750841 0.023636363636363678 0.0505050505050505
1 0.6327272727272728 0.5622895622895623 0.018181818181818188 0.047138047138047146
1 0.6490909090909092 0.5774410774410774 0.021818181818181848 0.0505050505050505
1 0.6718181818181819 0.5875420875420876 0.019999999999999907 0.0505050505050505
1 0.6845454545454546 0.5723905723905724 0.020000000000000018 0.04040404040404033
1 0.6990909090909091 0.5942760942760943 0.023636363636363678 0.05723905723905731
1 0.7136363636363636 0.5892255892255892 0.020000000000000018 0.047138047138047146
1 0.73 0.5656565656565656 0.020000000000000018 0.047138047138047146
1 0.74 0.595959595959596 0.025454545454545396 0.06060606060606066
1 0.6827272727272727 0.7424242424242424 0.023636363636363678 0.05723905723905731
1 0.74 0.7272727272727273 0.029090909090909056 0.06060606060606055
1 0.7672727272727273 0.5942760942760943 0.021818181818181848 0.043771043771043794
1 0.7963636363636364 0.6060606060606061 0.021818181818181848 0.05387205387205385
1 0.8227272727272728 0.5925925925925926 0.023636363636363678 0.06060606060606066
1 0.8481818181818181 0.5942760942760943 0.023636363636363678 0.05723905723905731
1 0.8627272727272728 0.7373737373737375 0.030909090909090886 0.06734006734006737
1 0.81 0.7373737373737375 0.027272727272727226 0.06734006734006737
1 0.8990909090909092 0.6043771043771045 0.023636363636363567 0.0505050505050505
1 0.8881818181818182 0.5774410774410774 0.020000000000000018 0.043771043771043794
1 0.9445454545454546 0.5757575757575757 0.030909090909090886 0.06060606060606066
