1 0.1743447180301827 0.2591292134831461 0.011914217633042096 0.03230337078651685
1 0.27720413026211277 0.30758426966292135 0.03335980937251787 0.0702247191011236
1 0.3137410643367752 0.24367977528089887 0.02382843526608419 0.04353932584269665
1 0.2962668784749801 0.2710674157303371 0.015885623510722813 0.0252808988764045
1 0.34193804606830813 0.24297752808988765 0.023034154090548042 0.0449438202247191
1 0.3598093725178713 0.21207865168539325 0.02223987291501195 0.036516853932584276
1 0.38800635424940433 0.21629213483146068 0.02462271644162034 0.050561797752809
1 0.3594122319301033 0.3497191011235955 0.042096902303415396 0.0814606741573034
1 0.4249404289118348 0.19873595505617977 0.02541699761715649 0.04634831460674155
1 0.4745830023828435 0.2535112359550562 0.02938840349483718 0.05477528089887643
1 0.5790309769658459 0.3019662921348315 0.023828435266084247 0.04213483146067415
