1 0.21687499999999998 0.2866666666666667 0.05374999999999999 0.10666666666666669
1 0.181875 0.5677777777777777 0.14375 0.2022222222222222
1 0.234375 0.8444444444444444 0.26375000000000004 0.3111111111111111
1 0.273125 0.49777777777777776 0.05875 0.12444444444444452
1 0.448125 0.47777777777777775 0.07374999999999998 0.1422222222222222
1 0.54125 0.48777777777777775 0.11499999999999999 0.2377777777777778
1 0.59375 0.43 0.04499999999999993 0.11777777777777776
1 0.503125 0.21444444444444444 0.03375 0.06444444444444444
1 0.69875 0.42000000000000004 0.057499999999999996 0.09333333333333332
1 0.805625 0.32 0.06374999999999997 0.12
1 0.755 0.39444444444444443 0.05499999999999994 0.14
1 0.7675 0.8188888888888889 0.21750000000000003 0.35777777777777775
