1 0.08333333333333334 0.44333333333333336 0.12000000000000001 0.19
1 0.021666666666666667 0.46499999999999997 0.04111111111111111 0.09666666666666662
1 0.24833333333333332 0.4241666666666667 0.052222222222222225 0.09166666666666662
1 0.27944444444444444 0.4291666666666667 0.02777777777777779 0.044999999999999984
1 0.3255555555555556 0.39166666666666666 0.03999999999999998 0.07333333333333336
1 0.3633333333333333 0.38583333333333336 0.06 0.11166666666666664
1 0.445 0.4708333333333333 0.10999999999999999 0.175
1 0.48333333333333334 0.3883333333333333 0.07333333333333336 0.12
1 0.5333333333333333 0.32999999999999996 0.046666666666666634 0.09333333333333332
1 0.6277777777777778 0.3666666666666667 0.0755555555555556 0.14666666666666667
1 0.7144444444444444 0.4983333333333333 0.13777777777777778 0.22999999999999993
1 0.7294444444444445 0.34750000000000003 0.10777777777777775 0.16499999999999998
1 0.6922222222222222 0.25833333333333336 0.06666666666666665 0.13333333333333333
1 0.836111111111111 0.24916666666666665 0.09444444444444444 0.155
