1 0.027647058823529413 0.84 0.024705882352941175 0.051764705882352935
1 0.05058823529411765 0.7588235294117647 0.021176470588235297 0.05411764705882349
1 0.10352941176470588 0.9035294117647059 0.03058823529411764 0.05647058823529416
1 0.1211764705882353 0.8164705882352941 0.02588235294117648 0.06117647058823528
1 0.16 0.7341176470588235 0.025882352941176467 0.04235294117647059
1 0.20470588235294118 0.7270588235294118 0.021176470588235297 0.04705882352941182
1 0.20470588235294118 0.8023529411764706 0.021176470588235297 0.04705882352941182
1 0.32529411764705884 0.8129411764705883 0.02470588235294119 0.05882352941176472
1 0.3447058823529412 0.7458823529411764 0.023529411764705854 0.04235294117647059
1 0.4688235294117647 0.8776470588235294 0.020000000000000018 0.04235294117647059
1 0.5523529411764706 0.951764705882353 0.024705882352941133 0.05882352941176472
1 0.5729411764705883 0.32588235294117646 0.018823529411764794 0.05882352941176472
1 0.65 0.2952941176470588 0.020000000000000018 0.04941176470588238
1 0.6323529411764706 0.5729411764705883 0.022352941176470575 0.06352941176470595
1 0.6923529411764706 0.7047058823529411 0.02941176470588236 0.06823529411764706
1 0.7464705882352941 0.6188235294117648 0.024705882352941133 0.06117647058823528
1 0.8170588235294118 0.6941176470588235 0.02705882352941169 0.051764705882352935
1 0.88 0.9458823529411764 0.040000000000000036 0.09882352941176464
1 0.9623529411764706 0.8917647058823529 0.03294117647058825 0.0658823529411765
1 0.77 0.3623529411764706 0.020000000000000018 0.06117647058823528
1 0.7517647058823529 0.3376470588235294 0.018823529411764794 0.04470588235294115
