1 0.8411111111111111 0.6301369863013699 0.22888888888888892 0.3082191780821918
1 0.6100000000000001 0.45890410958904104 0.14 0.2328767123287671
1 0.4311111111111111 0.3681506849315068 0.12888888888888894 0.18835616438356168
1 0.32666666666666666 0.2808219178082192 0.09333333333333332 0.15753424657534246
1 0.2633333333333333 0.261986301369863 0.06444444444444447 0.14726027397260275
1 0.13333333333333333 0.17294520547945205 0.06222222222222222 0.08561643835616439
1 0.0811111111111111 0.1797945205479452 0.046666666666666676 0.08561643835616439
1 0.04222222222222222 0.1763698630136986 0.04444444444444444 0.08561643835616436
1 0.06333333333333334 0.10616438356164383 0.04666666666666667 0.07534246575342465
1 0.016666666666666666 0.136986301369863 0.028888888888888888 0.0684931506849315
1 0.23777777777777775 0.12842465753424656 0.053333333333333316 0.08561643835616438
1 0.36 0.11472602739726027 0.053333333333333344 0.09246575342465754
1 0.3288888888888889 0.10787671232876712 0.03111111111111109 0.06506849315068494
1 0.31666666666666665 0.09075342465753425 0.024444444444444435 0.05136986301369863
1 0.4011111111111111 0.13356164383561642 0.037777777777777743 0.07534246575342465
1 0.4211111111111111 0.0958904109589041 0.033333333333333326 0.06164383561643837
1 0.4555555555555556 0.113013698630137 0.04444444444444445 0.08219178082191782
1 0.5022222222222222 0.1763698630136986 0.040000000000000036 0.07876712328767124
1 0.5355555555555556 0.18493150684931509 0.0755555555555556 0.11643835616438356
1 0.5077777777777778 0.11643835616438356 0.03333333333333338 0.0547945205479452
1 0.47777777777777775 0.10616438356164384 0.031111111111111145 0.06849315068493152
1 0.5555555555555556 0.11986301369863014 0.040000000000000036 0.06849315068493152
1 0.5966666666666667 0.1386986301369863 0.033333333333333326 0.06506849315068493
1 0.6188888888888888 0.11643835616438356 0.028888888888888853 0.0547945205479452
1 0.6366666666666667 0.2243150684931507 0.09999999999999998 0.14726027397260277
1 0.7822222222222222 0.2636986301369863 0.0888888888888889 0.15753424657534246
1 0.7533333333333334 0.1541095890410959 0.06222222222222229 0.09589041095890412
1 0.7033333333333334 0.1284246575342466 0.028888888888888853 0.06506849315068494
1 0.6544444444444444 0.14212328767123286 0.04222222222222227 0.07191780821917808
1 0.6677777777777778 0.11472602739726027 0.033333333333333326 0.05136986301369864
1 0.9588888888888889 0.3236301369863014 0.0822222222222222 0.17465753424657532
1 0.8788888888888888 0.17294520547945205 0.08222222222222231 0.113013698630137
1 0.9311111111111111 0.17294520547945205 0.04444444444444451 0.09246575342465752
1 0.8833333333333333 0.1095890410958904 0.04222222222222227 0.0547945205479452
1 0.98 0.07534246575342465 0.03111111111111109 0.0547945205479452
1 0.8344444444444444 0.10102739726027397 0.028888888888888964 0.05136986301369864
1 0.8077777777777777 0.09417808219178081 0.02444444444444438 0.05136986301369863
1 0.7922222222222222 0.0976027397260274 0.028888888888888853 0.05136986301369863
1 0.76 0.0958904109589041 0.03111111111111109 0.0410958904109589
1 0.7455555555555555 0.08561643835616438 0.020000000000000018 0.0410958904109589
1 0.711111111111111 0.0958904109589041 0.022222222222222254 0.0410958904109589
