1 0.03916666666666666 0.49111111111111116 0.075 0.16888888888888892
1 0.13083333333333333 0.43222222222222223 0.07833333333333335 0.11777777777777776
1 0.10416666666666666 0.39 0.06499999999999999 0.0822222222222222
1 0.21666666666666667 0.37444444444444447 0.04666666666666666 0.06888888888888889
1 0.27166666666666667 0.4288888888888889 0.06333333333333335 0.0977777777777778
1 0.2991666666666667 0.37444444444444447 0.048333333333333284 0.055555555555555525
1 0.33666666666666667 0.3977777777777778 0.050000000000000044 0.07111111111111112
1 0.4083333333333333 0.37777777777777777 0.040000000000000036 0.062222222222222234
1 0.43333333333333335 0.2733333333333333 0.04999999999999999 0.06666666666666665
1 0.655 0.3811111111111111 0.040000000000000036 0.06444444444444442
1 0.6683333333333333 0.4933333333333333 0.09666666666666668 0.1422222222222222
1 0.7424999999999999 0.7333333333333334 0.30166666666666664 0.4622222222222222
1 0.69 0.4144444444444444 0.04999999999999993 0.07777777777777778
1 0.7466666666666667 0.3877777777777778 0.036666666666666625 0.06000000000000005
1 0.7741666666666667 0.4222222222222222 0.05166666666666675 0.07111111111111112
1 0.7966666666666666 0.2633333333333333 0.050000000000000044 0.07333333333333333
1 0.8408333333333333 0.4444444444444444 0.05833333333333335 0.09333333333333332
1 0.9458333333333333 0.4766666666666667 0.06833333333333336 0.09999999999999992
1 0.9416666666666667 0.2366666666666667 0.06000000000000005 0.0866666666666667
