1 0.07990654205607477 0.414983164983165 0.04018691588785047 0.08249158249158245
1 0.25981308411214954 0.2609427609427609 0.014953271028037396 0.03030303030303033
1 0.28037383177570097 0.2617845117845118 0.01682242990654209 0.03535353535353536
1 0.29439252336448596 0.2601010101010101 0.02056074766355137 0.03872053872053874
1 0.32429906542056075 0.21632996632996632 0.016822429906542036 0.03198653198653198
1 0.3467289719626168 0.21717171717171718 0.01869158878504673 0.030303030303030304
1 0.33317757009345794 0.25084175084175087 0.017757009345794383 0.037037037037037035
1 0.3383177570093458 0.28114478114478114 0.02242990654205612 0.047138047138047146
1 0.3710280373831776 0.21043771043771042 0.014953271028037396 0.030303030303030304
1 0.3864485981308411 0.19444444444444445 0.015887850467289744 0.02525252525252525
1 0.3878504672897196 0.2255892255892256 0.020560747663551426 0.03367003367003368
1 0.40841121495327104 0.23484848484848486 0.020560747663551426 0.03872053872053874
1 0.40467289719626165 0.28703703703703703 0.022429906542056066 0.05555555555555558
1 0.4070093457943925 0.17087542087542087 0.015887850467289688 0.03198653198653201
1 0.42429906542056073 0.1835016835016835 0.01682242990654209 0.026936026936026924
1 0.44485981308411215 0.18771043771043772 0.020560747663551426 0.03535353535353536
1 0.44018691588785047 0.2297979797979798 0.01869158878504673 0.03872053872053871
1 0.4649532710280374 0.24663299663299665 0.02149532710280372 0.03535353535353536
1 0.4514018691588785 0.14730639730639733 0.014953271028037396 0.028619528619528628
1 0.4598130841121495 0.1717171717171717 0.014953271028037396 0.030303030303030304
1 0.47990654205607475 0.18602693602693604 0.015887850467289744 0.03198653198653198
1 0.4808411214953271 0.1616161616161616 0.017757009345794383 0.033670033670033656
1 0.4752336448598131 0.14814814814814814 0.015887850467289744 0.030303030303030304
1 0.48691588785046724 0.132996632996633 0.0130841121495327 0.023569023569023573
1 0.4985981308411215 0.14814814814814814 0.015887850467289688 0.033670033670033656
1 0.5242990654205607 0.15404040404040403 0.016822429906542036 0.03198653198653198
1 0.5345794392523364 0.13047138047138046 0.01495327102803734 0.028619528619528628
1 0.5565420560747664 0.1127946127946128 0.012149532710280297 0.023569023569023573
1 0.5626168224299065 0.1447811447811448 0.020560747663551426 0.03367003367003368
1 0.5415887850467289 0.1691919191919192 0.021495327102803663 0.03535353535353536
1 0.5051401869158878 0.20286195286195285 0.019626168224299023 0.04208754208754209
1 0.5280373831775701 0.21632996632996632 0.02242990654205612 0.04882154882154882
1 0.5836448598130841 0.13047138047138046 0.014018691588784993 0.03198653198653198
1 0.5822429906542056 0.15824915824915825 0.020560747663551426 0.04040404040404039
1 0.5939252336448598 0.09932659932659932 0.014018691588784993 0.02693602693602694
1 0.6107476635514019 0.1111111111111111 0.010280373831775602 0.02693602693602694
1 0.6140186915887851 0.14562289562289563 0.020560747663551426 0.042087542087542076
1 0.6242990654205607 0.09595959595959597 0.009345794392523366 0.02693602693602694
1 0.638785046728972 0.1026936026936027 0.010280373831775602 0.030303030303030304
1 0.6467289719626168 0.10858585858585859 0.01121495327102806 0.025252525252525262
1 0.669626168224299 0.1186868686868687 0.012149532710280408 0.025252525252525262
1 0.691588785046729 0.09343434343434343 0.013084112149532756 0.031986531986531994
1 0.7341121495327103 0.11868686868686869 0.014018691588785104 0.03198653198653198
1 0.7509345794392523 0.10353535353535354 0.012149532710280297 0.02525252525252525
1 0.780841121495327 0.1111111111111111 0.012149532710280408 0.030303030303030318
1 0.7691588785046729 0.12626262626262624 0.013084112149532645 0.030303030303030304
1 0.7976635514018692 0.13215488215488214 0.012149532710280297 0.03198653198653198
1 0.8107476635514019 0.12289562289562289 0.010280373831775713 0.026936026936026924
1 0.8285046728971963 0.13215488215488216 0.017757009345794494 0.038720538720538725
1 0.8686915887850467 0.12289562289562289 0.014018691588784993 0.037037037037037035
1 0.891588785046729 0.12542087542087543 0.013084112149532756 0.03198653198653198
1 0.9257009345794392 0.15067340067340068 0.012149532710280297 0.028619528619528628
1 0.7051401869158879 0.14393939393939392 0.014018691588784993 0.028619528619528628
1 0.6836448598130841 0.15067340067340068 0.015887850467289688 0.03198653198653198
1 0.7420560747663552 0.14057239057239057 0.016822429906542036 0.0286195286195286
1 0.6976635514018692 0.17676767676767677 0.015887850467289688 0.030303030303030276
1 0.6570093457943925 0.1835016835016835 0.016822429906542036 0.04040404040404039
1 0.6088785046728973 0.20202020202020202 0.02336448598130836 0.04040404040404039
1 0.555607476635514 0.2382154882154882 0.02336448598130847 0.04882154882154885
1 0.4822429906542056 0.3106060606060606 0.0261682242990654 0.05218855218855223
1 0.5616822429906543 0.29292929292929293 0.024299065420560706 0.047138047138047146
1 0.5985981308411215 0.33333333333333337 0.02710280373831775 0.053872053872053904
1 0.6771028037383178 0.3493265993265993 0.028971962616822444 0.05892255892255893
1 0.6088785046728973 0.26936026936026936 0.02710280373831775 0.05723905723905723
1 0.6677570093457943 0.2542087542087542 0.028971962616822444 0.0505050505050505
1 0.8009345794392524 0.17003367003367004 0.01869158878504662 0.047138047138047146
1 0.8116822429906542 0.1616161616161616 0.017757009345794383 0.033670033670033656
1 0.8481308411214954 0.17255892255892258 0.0158878504672898 0.028619528619528628
1 0.8663551401869158 0.1590909090909091 0.013084112149532756 0.0286195286195286
1 0.9210280373831776 0.19107744107744107 0.019626168224298968 0.03872053872053874
1 0.8962616822429906 0.18097643097643096 0.020560747663551426 0.03198653198653198
1 0.8822429906542056 0.1994949494949495 0.016822429906542036 0.03198653198653198
1 0.8644859813084113 0.2255892255892256 0.020560747663551426 0.047138047138047146
1 0.9205607476635513 0.2828282828282828 0.024299065420560706 0.05387205387205385
1 0.7551401869158878 0.1776094276094276 0.01869158878504673 0.0286195286195286
1 0.7177570093457943 0.16835016835016836 0.01869158878504673 0.030303030303030304
1 0.735981308411215 0.20622895622895623 0.021495327102803663 0.03535353535353536
1 0.7574766355140187 0.22643097643097643 0.021495327102803774 0.05892255892255893
1 0.7070093457943925 0.2196969696969697 0.02336448598130836 0.05218855218855217
1 0.7074766355140187 0.297979797979798 0.03177570093457949 0.04377104377104374
1 0.7789719626168224 0.29208754208754206 0.02336448598130847 0.055555555555555525
