1 0.22591206735266606 0.4991735537190083 0.05519176800748363 0.09917355371900821
1 0.4265668849391955 0.2652892561983471 0.02432179607109447 0.04793388429752063
1 0.4260991580916744 0.21487603305785125 0.02338634237605236 0.042975206611570255
1 0.4532273152478953 0.22975206611570248 0.02525724976613658 0.04628099173553721
1 0.48362956033676335 0.31322314049586775 0.028063610851262855 0.05785123966942146
1 0.5378858746492049 0.3553719008264463 0.029934518241347075 0.05289256198347109
1 0.7703461178671656 0.18181818181818182 0.027128157156220745 0.059504132231404966
1 0.7394761459307764 0.15206611570247935 0.021515434985968196 0.04628099173553721
1 0.7128157156220767 0.14545454545454545 0.020579981290926086 0.0396694214876033
1 0.8704396632366698 0.2115702479338843 0.023386342376052416 0.05289256198347109
