1 0.5326433121019108 0.39945280437756503 0.030254777070063632 0.049247606019151846
1 0.6285828025477707 0.44459644322845415 0.03423566878980899 0.07387140902872774
1 0.5995222929936306 0.20930232558139536 0.014331210191082855 0.03283173734610123
1 0.6457006369426752 0.20588235294117646 0.014331210191082744 0.02872777017783859
1 0.6823248407643312 0.2188782489740082 0.015923566878980888 0.027359781121751026
1 0.5871815286624203 0.21751025991792067 0.015127388535031816 0.024623803009575923
1 0.5625 0.22571819425444595 0.01671974522292996 0.04103967168262654
1 0.5465764331210191 0.2250341997264022 0.015127388535031816 0.031463748290013666
1 0.625796178343949 0.2188782489740082 0.015923566878980888 0.03556771545827633
1 0.6130573248407643 0.2161422708618331 0.014331210191082744 0.03283173734610123
1 0.45979299363057324 0.23119015047879615 0.01671974522292996 0.030095759233926128
1 0.4239649681528662 0.24829001367989056 0.016719745222929905 0.028727770177838563
1 0.38893312101910826 0.26402188782489744 0.019904458598726082 0.038303693570451436
1 0.3495222929936306 0.2948016415868673 0.022292993630573243 0.03419972640218877
1 0.5302547770700636 0.24350205198358416 0.015923566878980888 0.03556771545827633
1 0.49840764331210197 0.25991792065663477 0.01910828025477712 0.038303693570451436
1 0.2866242038216561 0.2954856361149111 0.017515923566878977 0.035567715458276306
1 0.2289012738853503 0.33310533515731877 0.01831210191082802 0.03419972640218877
1 0.019904458598726114 0.4165526675786594 0.028662420382165606 0.053351573187414514
1 0.25557324840764334 0.36593707250342 0.02229299363057327 0.03967168262653903
1 0.2842356687898089 0.36662106703146374 0.020700636942675155 0.041039671682626566
1 0.33240445859872614 0.3426812585499316 0.02308917197452226 0.04514363885088918
1 0.3614649681528662 0.3385772913816689 0.020700636942675155 0.03693570451436384
1 0.3809713375796178 0.32147742818057456 0.01671974522292996 0.038303693570451436
1 0.43789808917197454 0.2660738714090287 0.019108280254777066 0.03967168262653897
1 0.42754777070063693 0.36662106703146374 0.022292993630573243 0.046511627906976716
1 0.3976910828025478 0.33036935704514364 0.02468152866242035 0.04240766073871405
1 0.4609872611464968 0.29685362517099867 0.019108280254777066 0.03556771545827636
1 0.4932324840764331 0.31532147742818056 0.02468152866242035 0.03967168262653897
1 0.45461783439490444 0.4015047879616963 0.033439490445859865 0.04787961696306431
1 0.525875796178344 0.3454172366621067 0.02945859872611456 0.050615595075239384
1 0.5505573248407644 0.28317373461012313 0.015127388535031816 0.035567715458276306
1 0.5680732484076433 0.2619699042407661 0.00875796178343946 0.02872777017783859
1 0.6098726114649682 0.26196990424076605 0.0207006369426751 0.03146374829001369
1 0.5847929936305732 0.25376196990424077 0.023089171974522316 0.034199726402188796
1 0.6616242038216561 0.2674418604651163 0.019108280254777066 0.04514363885088918
1 0.6910828025477707 0.2496580027359781 0.01273885350318471 0.02599179206566346
1 0.5839968152866242 0.32489740082079344 0.019904458598726138 0.0369357045143639
1 0.6238057324840764 0.3071135430916553 0.018312101910828105 0.03419972640218877
1 0.7237261146496815 0.24350205198358413 0.01751592356687892 0.038303693570451436
1 0.7372611464968153 0.23119015047879618 0.019108280254777066 0.038303693570451436
1 0.7571656050955414 0.23597811217510262 0.01273885350318471 0.02872777017783859
1 0.7714968152866242 0.24008207934336523 0.011146496815286677 0.03693570451436387
1 0.8204617834394905 0.25170998632010944 0.011942675159235638 0.03283173734610123
1 0.8487261146496816 0.24350205198358413 0.015923566878980888 0.0300957592339261
1 0.7945859872611465 0.26333789329685364 0.015923566878980888 0.0369357045143639
1 0.8726114649681529 0.286593707250342 0.017515923566879033 0.04787961696306431
1 0.7093949044585988 0.280437756497948 0.017515923566879033 0.027359781121751026
1 0.9088375796178344 0.2749658002735978 0.01671974522292996 0.03283173734610123
1 0.900875796178344 0.2948016415868673 0.019904458598726138 0.03419972640218877
1 0.7977707006369428 0.2975376196990424 0.015923566878980888 0.03146374829001364
1 0.7547770700636942 0.2811217510259918 0.017515923566879033 0.023255813953488413
1 0.7352707006369427 0.2715458276333789 0.018312101910828105 0.025991792065663488
1 0.5843949044585988 0.4404924760601915 0.0286624203821656 0.06839945280437759
1 0.597531847133758 0.35636114911080713 0.015127388535031816 0.050615595075239384
1 0.6393312101910829 0.3638850889192886 0.027070063694267454 0.06292749658002733
1 0.6731687898089171 0.34746922024623805 0.021496815286624282 0.04651162790697677
1 0.7177547770700636 0.4001367989056087 0.02945859872611456 0.05608755129958959
1 0.6863057324840764 0.47058823529411764 0.030254777070063632 0.07113543091655261
1 0.7663216560509554 0.4158686730506156 0.026273885350318493 0.049247606019151846
1 0.7933917197452229 0.359781121751026 0.023089171974522316 0.06292749658002739
1 0.8021496815286624 0.5129958960328318 0.03423566878980888 0.06839945280437754
1 0.8264331210191083 0.45964432284541723 0.03821656050955413 0.05471956224350205
1 0.8316082802547771 0.3290013679890561 0.02149681528662417 0.03419972640218877
1 0.855095541401274 0.33584131326949385 0.0286624203821656 0.05882352941176472
1 0.8407643312101911 0.3679890560875513 0.0286624203821656 0.05471956224350205
1 0.8889331210191083 0.45143638850889195 0.02468152866242035 0.05471956224350205
1 0.9160031847133758 0.35567715458276333 0.019904458598726138 0.046511627906976716
1 0.3996815286624204 0.2968536251709986 0.015923566878980888 0.03283173734610123
1 0.45979299363057324 0.265389876880985 0.023089171974522316 0.03283173734610126
1 0.5103503184713376 0.27496580027359785 0.01751592356687892 0.04103967168262651
1 0.509156050955414 0.24760601915184677 0.013535031847133783 0.021887824897400793
1 0.6206210191082803 0.24555403556771546 0.015127388535031816 0.03146374829001369
1 0.6572452229299364 0.2250341997264022 0.013535031847133783 0.031463748290013666
1 0.8339968152866242 0.2811217510259918 0.01671974522292996 0.04240766073871405
1 0.8590764331210191 0.3057455540355677 0.014331210191082855 0.03967168262653903
1 0.8937101910828025 0.3228454172366621 0.018312101910827994 0.04377564979480164
