1 0.7733333333333333 0.6407035175879396 0.21333333333333337 0.18592964824120595
1 0.16499999999999998 0.5150753768844221 0.15 0.14070351758793975
1 0.255 0.48743718592964824 0.09666666666666668 0.09547738693467339
1 0.35833333333333334 0.44974874371859297 0.08333333333333337 0.07537688442211055
1 0.4 0.42462311557788945 0.06 0.06532663316582915
1 0.415 0.37688442211055273 0.043333333333333335 0.03517587939698491
1 0.4816666666666667 0.40326633165829145 0.0566666666666667 0.047738693467336724
1 0.5683333333333334 0.4723618090452261 0.08999999999999997 0.09547738693467334
1 0.5733333333333333 0.4258793969849246 0.07333333333333336 0.04773869346733667
1 0.5416666666666667 0.40452261306532666 0.04999999999999993 0.040201005025125636
1 0.5283333333333333 0.3743718592964824 0.043333333333333335 0.03015075376884424
1 0.595 0.3844221105527638 0.036666666666666625 0.035175879396984966
1 0.62 0.4233668341708543 0.05333333333333323 0.05778894472361812
1 0.6716666666666666 0.4183417085427136 0.050000000000000044 0.047738693467336724
1 0.6983333333333333 0.4007537688442211 0.043333333333333335 0.042713567839196
1 0.69 0.37185929648241206 0.026666666666666727 0.03015075376884424
1 0.71 0.36809045226130654 0.033333333333333326 0.03266331658291455
1 0.59 0.3630653266331658 0.046666666666666634 0.027638190954773878
1 0.8683333333333334 0.49120603015075376 0.10333333333333339 0.11809045226130654
1 0.8333333333333334 0.43592964824120606 0.08666666666666667 0.06281407035175884
1 0.8433333333333333 0.37060301507537685 0.046666666666666745 0.04271356783919594
1 0.8266666666666667 0.4057788944723618 0.053333333333333344 0.03768844221105527
1 0.335 0.3580402010050251 0.043333333333333335 0.04271356783919594
1 0.2566666666666667 0.38944723618090454 0.04666666666666669 0.05025125628140703
1 0.225 0.3919597989949749 0.043333333333333335 0.04522613065326636
1 0.16833333333333333 0.4158291457286432 0.06333333333333335 0.06281407035175879
1 0.05499999999999999 0.4183417085427136 0.05666666666666666 0.05778894472361806
1 0.06 0.3844221105527638 0.06666666666666667 0.045226130653266305
1 0.125 0.3655778894472362 0.04999999999999999 0.042713567839196
1 0.14500000000000002 0.364321608040201 0.03 0.03517587939698491
1 0.195 0.3668341708542714 0.03666666666666668 0.040201005025125636
