1 0.16474895397489542 0.3735849056603774 0.04497907949790794 0.09056603773584909
1 0.3117154811715481 0.2320754716981132 0.02510460251046026 0.04150943396226414
1 0.3226987447698745 0.18867924528301888 0.01778242677824271 0.033962264150943416
1 0.348326359832636 0.19339622641509435 0.01882845188284521 0.03962264150943398
1 0.41317991631799167 0.2037735849056604 0.018828451882845154 0.03773584905660379
1 0.4435146443514644 0.20943396226415095 0.01882845188284521 0.045283018867924546
1 0.41527196652719667 0.17264150943396225 0.016736401673640156 0.028301886792452824
1 0.41213389121338917 0.15849056603773584 0.014644351464435157 0.026415094339622636
1 0.45868200836820083 0.1660377358490566 0.013598326359832602 0.030188679245283012
1 0.47384937238493724 0.18867924528301888 0.01673640167364021 0.03773584905660379
1 0.5036610878661087 0.21320754716981133 0.019874476987447653 0.04150943396226414
1 0.4675732217573222 0.1330188679245283 0.012552301255230103 0.028301886792452824
1 0.47646443514644354 0.1471698113207547 0.013598326359832658 0.026415094339622636
1 0.48692468619246865 0.14245283018867924 0.011506276150627659 0.028301886792452824
1 0.5026150627615062 0.14528301886792452 0.013598326359832658 0.03396226415094339
1 0.5125523012552302 0.11226415094339623 0.012552301255230103 0.0320754716981132
1 0.522489539748954 0.13018867924528302 0.011506276150627603 0.030188679245283012
1 0.5303347280334728 0.12264150943396226 0.012552301255230214 0.026415094339622636
1 0.5449790794979079 0.12169811320754717 0.012552301255230103 0.024528301886792447
1 0.5460251046025104 0.13773584905660377 0.012552301255230103 0.02264150943396226
1 0.5481171548117154 0.1669811320754717 0.012552301255230103 0.03584905660377358
1 0.5308577405857741 0.15377358490566037 0.013598326359832713 0.028301886792452824
1 0.5596234309623431 0.17924528301886794 0.01673640167364021 0.033962264150943416
1 0.5747907949790796 0.13962264150943396 0.013598326359832602 0.03396226415094339
1 0.5899581589958158 0.18018867924528303 0.014644351464435101 0.02830188679245285
1 0.5925732217573222 0.14622641509433962 0.01569037656903771 0.03962264150943395
1 0.5883891213389121 0.10943396226415095 0.013598326359832602 0.030188679245283012
1 0.6019874476987448 0.11415094339622642 0.011506276150627603 0.0320754716981132
1 0.6192468619246863 0.10754716981132076 0.012552301255230103 0.026415094339622636
1 0.6276150627615062 0.1 0.014644351464435101 0.030188679245283026
1 0.651673640167364 0.10471698113207548 0.014644351464435101 0.028301886792452838
1 0.6354602510460251 0.14150943396226415 0.01569037656903771 0.030188679245283012
1 0.6694560669456067 0.13018867924528302 0.012552301255230103 0.03396226415094339
1 0.651673640167364 0.13018867924528302 0.012552301255230103 0.02264150943396226
1 0.6814853556485356 0.12169811320754717 0.009414225941422605 0.028301886792452824
1 0.6961297071129706 0.11886792452830189 0.009414225941422605 0.026415094339622636
1 0.5857740585774058 0.2330188679245283 0.01882845188284521 0.05094339622641508
1 0.5120292887029289 0.2990566037735849 0.03033472803347287 0.058490566037735836
1 0.5826359832635983 0.27735849056603773 0.023012552301255207 0.05283018867924527
1 0.5978033472803348 0.310377358490566 0.03451882845188281 0.0811320754716981
1 0.6161087866108786 0.25660377358490566 0.027196652719665204 0.05660377358490565
1 0.6370292887029289 0.2018867924528302 0.023012552301255207 0.04905660377358492
1 0.6705020920502092 0.21320754716981133 0.02092050209205021 0.049056603773584895
1 0.6705020920502092 0.17264150943396228 0.0167364016736401 0.03962264150943398
1 0.7029288702928871 0.19905660377358492 0.0188284518828451 0.04339622641509436
1 0.6935146443514644 0.17264150943396228 0.0167364016736401 0.035849056603773605
1 0.7128661087866108 0.1707547169811321 0.0177824267782426 0.03962264150943398
1 0.7405857740585774 0.1660377358490566 0.012552301255230214 0.037735849056603765
1 0.7526150627615062 0.15188679245283018 0.011506276150627603 0.03584905660377358
1 0.7510460251046025 0.12358490566037736 0.014644351464435212 0.0320754716981132
1 0.7803347280334728 0.1320754716981132 0.01673640167364021 0.04150943396226414
1 0.7798117154811716 0.17452830188679247 0.013598326359832713 0.03207547169811323
1 0.7939330543933054 0.15471698113207547 0.014644351464435101 0.03396226415094339
1 0.7934100418410042 0.19716981132075473 0.01987447698744771 0.04339622641509436
1 0.7170502092050209 0.23679245283018868 0.024058577405857706 0.04339622641509433
1 0.6851464435146444 0.2660377358490566 0.02092050209205021 0.04528301886792452
1 0.6940376569037656 0.330188679245283 0.028242677824267814 0.07169811320754715
1 0.737970711297071 0.36226415094339626 0.028242677824267814 0.06415094339622646
1 0.7667364016736402 0.27075471698113207 0.027196652719665315 0.06603773584905659
1 0.8059623430962344 0.27169811320754716 0.024058577405857817 0.049056603773584895
1 0.8253138075313808 0.3613207547169811 0.03347280334728031 0.06226415094339627
1 0.8436192468619247 0.30943396226415093 0.021966527196652708 0.05660377358490565
1 0.872907949790795 0.2688679245283019 0.01987447698744771 0.047169811320754707
1 0.9089958158995816 0.3320754716981132 0.025104602510460206 0.0641509433962264
1 0.893305439330544 0.4226415094339623 0.03556485355648531 0.0792452830188679
1 0.9372384937238494 0.28773584905660377 0.027196652719665204 0.05094339622641508
1 0.9168410041841004 0.24622641509433962 0.021966527196652708 0.04339622641509433
1 0.9325313807531381 0.22924528301886793 0.0177824267782426 0.03962264150943395
1 0.9435146443514644 0.21132075471698114 0.0167364016736401 0.03396226415094339
1 0.9403765690376569 0.16792452830188678 0.01673640167364021 0.037735849056603765
1 0.9063807531380753 0.18207547169811322 0.01569037656903771 0.035849056603773605
1 0.9173640167364017 0.16981132075471697 0.014644351464435212 0.030188679245283012
1 0.8865062761506276 0.19905660377358492 0.021966527196652708 0.03962264150943398
1 0.8734309623430963 0.22358490566037736 0.02092050209205021 0.047169811320754707
1 0.8368200836820083 0.20754716981132076 0.01882845188284521 0.04150943396226417
1 0.8179916317991631 0.19056603773584907 0.0188284518828451 0.04150943396226417
1 0.8274058577405858 0.17075471698113207 0.012552301255230103 0.0320754716981132
1 0.8389121338912133 0.15566037735849056 0.012552301255230103 0.03584905660377358
1 0.8519874476987448 0.18867924528301888 0.01569037656903771 0.04150943396226417
1 0.8655857740585774 0.17358490566037738 0.013598326359832713 0.03773584905660379
1 0.8650627615062763 0.15566037735849056 0.010460251046025104 0.024528301886792447
1 0.877092050209205 0.15377358490566037 0.013598326359832602 0.03584905660377358
