1 0.06646455223880596 0.6762640449438202 0.08069029850746268 0.1264044943820225
1 0.024253731343283583 0.6144662921348314 0.030783582089552244 0.053370786516853896
1 0.1793376865671642 0.7910814606741573 0.10494402985074627 0.1692415730337078
1 0.20359141791044777 0.6741573033707865 0.05923507462686567 0.0786516853932584
1 0.14902052238805968 0.6246488764044944 0.02938432835820895 0.0512640449438202
1 0.12196828358208955 0.6555477528089888 0.027518656716417914 0.0414325842696629
1 0.28428171641791045 0.6716994382022472 0.06949626865671643 0.1046348314606742
1 0.3747667910447761 0.6594101123595506 0.043376865671641784 0.0772471910112359
1 0.4587220149253731 0.538623595505618 0.03311567164179102 0.0688202247191011
1 0.5265858208955223 0.6594101123595506 0.028917910447761153 0.0449438202247191
1 0.5566697761194029 0.6815308988764045 0.043376865671641784 0.055477528089887596
1 0.6301305970149254 0.6938202247191012 0.05410447761194026 0.0842696629213483
1 0.6947294776119404 0.759129213483146 0.10307835820895528 0.1587078651685393
1 0.785214552238806 0.6980337078651686 0.027518656716417844 0.051966292134831504
1 0.9006529850746269 0.8321629213483146 0.1921641791044777 0.3356741573033708
1 0.8232276119402986 0.690308988764045 0.03358208955223885 0.06320224719101131
