1 0.1365873666940115 0.5605187319884726 0.04675963904840033 0.09221902017291062
1 0.23256767842493847 0.34221902017291067 0.015586546349466768 0.03602305475504319
1 0.26292042657916326 0.35086455331412103 0.022149302707136997 0.0389048991354467
1 0.28137817883511074 0.3804034582132565 0.01968826907301069 0.0403458213256484
1 0.28794093519278097 0.31195965417867433 0.018047579983593076 0.03602305475504325
1 0.3305988515176374 0.37896253602305474 0.022969647251845804 0.048991354466858816
1 0.35397867104183756 0.3249279538904899 0.017227235438884325 0.03314121037463974
1 0.35438884331419196 0.2997118155619597 0.018047579983593076 0.028818443804034588
1 0.3872026251025431 0.34438040345821325 0.021328958162428246 0.03746397694524495
1 0.41058244462674326 0.33861671469740634 0.022149302707136997 0.04034582132564846
1 0.4081214109926169 0.30331412103746397 0.017227235438884325 0.033141210374639796
1 0.39581624282198524 0.2600864553314121 0.015586546349466768 0.03602305475504322
1 0.42616899097620997 0.26512968299711814 0.01394585726004921 0.025936599423631135
1 0.4372436423297785 0.276657060518732 0.01640689089417552 0.03170028818443804
1 0.4372436423297785 0.3134005763688761 0.019688269073010634 0.0389048991354467
1 0.4479081214109926 0.3422190201729106 0.024610336341263306 0.041786743515850155
1 0.47292863002461033 0.3126801152737752 0.015586546349466768 0.03746397694524495
1 0.5012305168170632 0.329971181556196 0.02461033634126336 0.0403458213256484
1 0.5225594749794913 0.28097982708933716 0.016406890894175574 0.03746397694524495
1 0.5 0.27017291066282423 0.017227235438884325 0.03890489913544665
1 0.4782608695652174 0.2694524495677233 0.01804757998359313 0.034582132564841495
1 0.46759639048400325 0.24495677233429397 0.019688269073010634 0.03170028818443807
1 0.5209187858900739 0.24927953890489912 0.018047579983593187 0.03458213256484152
1 0.5418375717801476 0.25144092219020175 0.015586546349466768 0.03602305475504325
1 0.5553732567678424 0.28746397694524495 0.016406890894175574 0.03602305475504319
1 0.5746513535684987 0.2557636887608069 0.013945857260049155 0.030259365994236287
1 0.5684987694831829 0.2219020172910663 0.011484823625922957 0.025936599423631135
1 0.5844954881050042 0.23991354466858789 0.013945857260049155 0.03314121037463977
1 0.599261689909762 0.2600864553314121 0.01722723543888438 0.03602305475504322
1 0.6021328958162429 0.22982708933717577 0.01312551271534046 0.02737752161383286
1 0.6086956521739131 0.2110951008645533 0.011484823625922957 0.024495677233429408
1 0.6271534044298606 0.21902017291066284 0.01722723543888427 0.02881844380403456
1 0.640278917145201 0.2276657060518732 0.015586546349466768 0.034582132564841495
1 0.6439704675963904 0.2507204610951009 0.011484823625922957 0.02881844380403456
1 0.6710418375717802 0.23270893371757925 0.014766201804758072 0.02449567723342938
1 0.6714520098441346 0.21037463976945245 0.015586546349466768 0.028818443804034588
1 0.68785890073831 0.23414985590778098 0.013945857260049155 0.03602305475504322
1 0.5406070549630846 0.35662824207492794 0.029532403609516034 0.04755043227665706
1 0.49302707136997537 0.39121037463976943 0.034454470877768706 0.05619596541786742
1 0.5438884331419196 0.41138328530259366 0.02625102543068092 0.05907780979827093
1 0.586546349466776 0.45172910662824206 0.03445447087776865 0.06195965417867433
1 0.6021328958162429 0.38256484149855907 0.029532403609516034 0.05907780979827093
1 0.5996718621821164 0.33717579250720464 0.026251025430680808 0.04610951008645531
1 0.6439704675963904 0.3069164265129683 0.024610336341263417 0.05475504322766567
1 0.6480721903199345 0.35662824207492794 0.02132895816242819 0.041786743515850155
1 0.6640689089417555 0.3890489913544669 0.025430680885972112 0.06628242074927954
1 0.6378178835110746 0.4776657060518732 0.03527481542247746 0.0734870317002882
1 0.7001640689089417 0.5489913544668588 0.041837571780147687 0.06628242074927959
1 0.6866283839212469 0.36815561959654175 0.02625102543068092 0.059077809798270875
1 0.6702214930270713 0.2831412103746398 0.022969647251845804 0.041786743515850155
1 0.6960623461853979 0.30403458213256485 0.020508613617719496 0.04034582132564846
1 0.7083675143560295 0.3061959654178674 0.018867924528301883 0.041786743515850155
1 0.7067268252666119 0.2521613832853026 0.013945857260049155 0.03746397694524495
1 0.7362592288761279 0.25360230547550433 0.018867924528301883 0.03746397694524495
1 0.7493847415914684 0.2334293948126801 0.012305168170631653 0.02881844380403456
1 0.7682526661197704 0.2802593659942363 0.01722723543888438 0.03602305475504325
1 0.780557834290402 0.24639769452449567 0.015586546349466768 0.025936599423631135
1 0.780557834290402 0.2723342939481268 0.013945857260049155 0.034582132564841495
1 0.8158326497128794 0.3069164265129683 0.018867924528301883 0.03458213256484155
1 0.8162428219852338 0.2737752161383285 0.014766201804758072 0.03170028818443804
1 0.8092698933552092 0.24711815561959655 0.015586546349466768 0.030259365994236315
1 0.8096800656275636 0.36095100864553314 0.022969647251845804 0.053314121037464024
1 0.7280557834290402 0.4056195965417867 0.027071369975389725 0.05331412103746397
1 0.7920426579163249 0.4387608069164265 0.03199343724364234 0.06772334293948129
1 0.8310090237899919 0.5122478386167147 0.03609515996718626 0.06772334293948129
1 0.8461853978671041 0.44164265129683 0.028712059064807227 0.06484149855907778
1 0.8593109105824446 0.37752161383285304 0.020508613617719385 0.05187319884726227
1 0.9216570959803118 0.47334293948126804 0.03199343724364234 0.05619596541786748
1 0.9118129614438064 0.39625360230547546 0.0237899917965545 0.04610951008645531
1 0.9323215750615258 0.35951008645533145 0.018867924528301883 0.041786743515850155
1 0.9257588187038556 0.31628242074927954 0.018867924528301883 0.0389048991354467
1 0.939704675963905 0.27521613832853026 0.015586546349466768 0.028818443804034533
1 0.9126333059885152 0.30403458213256485 0.01722723543888438 0.04034582132564846
1 0.8896636587366694 0.3285302593659942 0.018867924528301883 0.0403458213256484
1 0.8687448728465956 0.3414985590778098 0.019688269073010578 0.04610951008645536
1 0.8437243642329779 0.3170028818443804 0.022149302707136997 0.0403458213256484
1 0.856439704675964 0.2788184438040346 0.018047579983593187 0.03602305475504319
1 0.8429040196882691 0.2615273775216138 0.01722723543888438 0.03602305475504325
1 0.8761279737489747 0.2600864553314121 0.016406890894175574 0.0389048991354467
1 0.8949958982772765 0.27521613832853026 0.014766201804757961 0.03746397694524495
