1 0.06757812499999999 0.5018587360594795 0.07578125 0.17472118959107802
1 0.14296875 0.7239776951672863 0.0859375 0.23234200743494426
1 0.303515625 0.7360594795539034 0.08828124999999998 0.21561338289962828
1 0.30156249999999996 0.645910780669145 0.08124999999999999 0.19516728624535307
1 0.25312500000000004 0.474907063197026 0.08281250000000001 0.21375464684014872
1 0.18984375 0.0762081784386617 0.05781249999999999 0.1449814126394052
1 0.38359375 0.1923791821561338 0.078125 0.20631970260223048
1 0.414453125 0.0724907063197026 0.06328125000000001 0.137546468401487
1 0.447265625 0.46096654275092935 0.055468749999999956 0.17100371747211895
1 0.5531250000000001 0.43959107806691444 0.07187500000000002 0.191449814126394
1 0.63359375 0.5148698884758365 0.06874999999999998 0.1784386617100372
1 0.701171875 0.5037174721189591 0.05859375 0.16728624535315983
1 0.753515625 0.4860594795539034 0.053906250000000044 0.15799256505576215
1 0.751171875 0.36895910780669144 0.05703124999999998 0.12825278810408924
1 0.853515625 0.4024163568773234 0.06953125000000004 0.18401486988847582
1 0.9535156250000001 0.3912639405204461 0.06015625000000002 0.18773234200743494
