1 0.046474358974358976 0.43028846153846156 0.041666666666666664 0.05288461538461536
1 0.0641025641025641 0.5012019230769231 0.04487179487179487 0.06490384615384615
1 0.11939102564102565 0.5588942307692308 0.05288461538461539 0.06971153846153844
1 0.11538461538461539 0.6370192307692308 0.0705128205128205 0.09134615384615385
1 0.14262820512820512 0.42908653846153844 0.03525641025641027 0.05048076923076922
1 0.19951923076923078 0.46274038461538464 0.03685897435897437 0.06490384615384615
1 0.28846153846153844 0.515625 0.04487179487179488 0.0649038461538462
1 0.3357371794871795 0.5961538461538461 0.05608974358974356 0.08173076923076916
1 0.2628205128205128 0.8990384615384616 0.11217948717948717 0.1875
1 0.547275641025641 0.7752403846153846 0.09134615384615385 0.14663461538461542
1 0.34935897435897434 0.390625 0.028846153846153855 0.03605769230769229
1 0.40865384615384615 0.29927884615384615 0.028846153846153855 0.04567307692307693
1 0.4030448717948718 0.4266826923076923 0.027243589743589758 0.04567307692307693
1 0.40705128205128205 0.38822115384615385 0.02564102564102566 0.04086538461538458
1 0.47435897435897434 0.4014423076923077 0.028846153846153855 0.03846153846153849
1 0.49599358974358976 0.45552884615384615 0.040064102564102644 0.05048076923076922
1 0.53125 0.3762019230769231 0.027243589743589647 0.04086538461538458
1 0.5817307692307692 0.3629807692307692 0.02564102564102566 0.033653846153846145
1 0.6145833333333333 0.38341346153846156 0.027243589743589758 0.04567307692307693
1 0.6642628205128205 0.3918269230769231 0.024038461538461564 0.038461538461538436
1 0.5881410256410255 0.4411057692307693 0.038461538461538436 0.05048076923076922
1 0.6338141025641026 0.5180288461538461 0.04647435897435892 0.07932692307692307
1 0.7315705128205128 0.4903846153846154 0.04647435897435892 0.07211538461538464
1 0.7203525641025641 0.4122596153846154 0.03685897435897445 0.05048076923076922
1 0.7668269230769231 0.39783653846153844 0.033653846153846145 0.05048076923076922
1 0.8701923076923077 0.5949519230769231 0.0608974358974359 0.09375
1 0.891025641025641 0.44471153846153844 0.04166666666666663 0.0625
1 0.9302884615384615 0.4074519230769231 0.03685897435897434 0.050480769230769273
