1 0.056854410201912856 0.27988614800759015 0.026567481402763014 0.047438330170777976
1 0.2736450584484591 0.2115749525616698 0.01594048884165783 0.03225806451612903
1 0.3140276301806589 0.21821631878557873 0.015940488841657774 0.037950664136622375
1 0.3480340063761955 0.16413662239089183 0.013815090329436785 0.03605313092979126
1 0.35281615302869285 0.2125237191650854 0.014877789585547252 0.034155597722960174
1 0.3607863974495218 0.18311195445920303 0.01381509032943673 0.03605313092979126
1 0.3751328374070138 0.2239089184060721 0.01700318809776835 0.034155597722960174
1 0.4038257173219979 0.2239089184060721 0.017003188097768296 0.04554079696394686
1 0.4256110520722636 0.24098671726755216 0.020191285866099917 0.045540796963946834
1 0.41817215727948986 0.19165085388994307 0.01594048884165783 0.0379506641366224
1 0.39744952178533477 0.14895635673624288 0.01062699256110522 0.024667931688804545
1 0.38204038257173223 0.1954459203036053 0.01594048884165783 0.034155597722960146
1 0.412327311370882 0.15275142314990514 0.01062699256110522 0.03605313092979126
1 0.4261424017003188 0.16223908918406071 0.012752391073326264 0.024667931688804545
1 0.434643995749203 0.18880455407969637 0.01700318809776835 0.028462998102466802
1 0.46439957492029754 0.19165085388994307 0.019128586609989395 0.0379506641366224
1 0.4362380446333688 0.150853889943074 0.011689691817215742 0.020872865275142316
1 0.4819341126461212 0.18785578747628084 0.013815090329436785 0.034155597722960146
1 0.4782146652497343 0.12428842504743834 0.01062699256110522 0.02087286527514233
1 0.4909670563230606 0.15085388994307403 0.01700318809776835 0.028462998102466802
1 0.512221041445271 0.1461100569259962 0.01700318809776835 0.030360531309297917
1 0.5 0.11290322580645161 0.011689691817215742 0.020872865275142316
1 0.5201912858661 0.12144212523719164 0.011689691817215686 0.022770398481973417
1 0.5584484590860787 0.1157495256166983 0.015940488841657885 0.02277039848197343
1 0.5308182784272051 0.1650853889943074 0.018065887353878818 0.030360531309297917
1 0.5520722635494155 0.1774193548387097 0.018065887353878818 0.03984819734345352
1 0.5621679064824655 0.1461100569259962 0.01700318809776835 0.030360531309297917
1 0.5839532412327311 0.15749525616698293 0.015940488841657774 0.04174573055028463
1 0.5781083953241233 0.12428842504743834 0.012752391073326264 0.02087286527514233
1 0.5967056323060573 0.10531309297912714 0.013815090329436841 0.02846299810246679
1 0.6110520722635494 0.11954459203036052 0.012752391073326264 0.03415559772296016
1 0.6227417640807651 0.10531309297912714 0.012752391073326153 0.02846299810246679
1 0.6461211477151967 0.10721062618595825 0.014877789585547307 0.028462998102466802
1 0.6392136025504782 0.14800759013282733 0.015940488841657885 0.030360531309297917
1 0.6269925611052072 0.19165085388994307 0.019128586609989395 0.034155597722960174
1 0.5956429330499469 0.21821631878557873 0.020191285866099973 0.037950664136622375
1 0.6376195536663125 0.22296015180265655 0.023379383634431483 0.04364326375711575
1 0.6609989373007439 0.17172675521821634 0.014877789585547196 0.03225806451612903
1 0.6764080765143464 0.12239089184060722 0.01381509032943673 0.02466793168880456
1 0.7066950053134963 0.10246679316888047 0.012752391073326264 0.026565464895635674
1 0.7066950053134964 0.15654648956356737 0.014877789585547307 0.03225806451612903
1 0.6801275239107332 0.21062618595825428 0.019128586609989395 0.0379506641366224
1 0.6880977683315621 0.2476280834914611 0.020191285866099862 0.043643263757115774
1 0.7274176408076514 0.22011385199240988 0.020191285866099862 0.04554079696394686
1 0.722635494155154 0.1698292220113852 0.014877789585547307 0.03605313092979129
1 0.7433581296493093 0.1793168880455408 0.020191285866099973 0.04364326375711575
1 0.7348565356004251 0.13377609108159394 0.01381509032943673 0.028462998102466802
1 0.771519659936238 0.11859582542694497 0.014877789585547307 0.024667931688804545
1 0.7848034006376196 0.15844402277039848 0.01381509032943673 0.028462998102466774
1 0.7901168969181722 0.19259962049335866 0.020191285866099862 0.03225806451612903
1 0.7566418703506907 0.24383301707779886 0.023379383634431372 0.04364326375711572
1 0.7582359192348566 0.3425047438330171 0.026567481402762994 0.055028462998102434
1 0.6976620616365569 0.3083491461100569 0.032943676939426236 0.06641366223908918
1 0.8219978746014878 0.13377609108159394 0.015940488841657885 0.028462998102466802
1 0.8421891604675877 0.1442125237191651 0.013815090329436841 0.030360531309297917
1 0.8560042507970245 0.14231499051233398 0.011689691817215686 0.034155597722960146
1 0.8708820403825717 0.16793168880455409 0.015940488841657774 0.04364326375711575
1 0.8278427205100956 0.1650853889943074 0.014877789585547307 0.026565464895635688
1 0.8315621679064824 0.23814041745730552 0.01806588735387893 0.03984819734345349
1 0.8007438894792773 0.27703984819734345 0.02444208289054195 0.04933586337760909
1 0.8894792773645058 0.22580645161290322 0.01700318809776835 0.0379506641366224
1 0.9086078639744952 0.14041745730550287 0.014877789585547196 0.030360531309297917
1 0.910201912858661 0.1793168880455408 0.01381509032943673 0.03984819734345352
1 0.9447396386822529 0.1774193548387097 0.014877789585547307 0.03605313092979126
1 0.922422954303932 0.16698292220113853 0.01062699256110522 0.034155597722960146
1 0.9277364505844845 0.23529411764705882 0.014877789585547307 0.04174573055028463
1 0.9149840595111584 0.3216318785578748 0.025504782146652527 0.05882352941176466
1 0.8517534537725824 0.2030360531309298 0.015940488841657774 0.034155597722960174
1 0.5478214665249734 0.15085388994307403 0.01381509032943673 0.028462998102466802
1 0.4840595111583422 0.14041745730550284 0.013815090329436785 0.02656546489563566
1 0.9351753453772582 0.20777988614800758 0.014877789585547307 0.03605313092979126
1 0.8119022316684379 0.1821631878557875 0.01700318809776824 0.034155597722960146
1 0.8554729011689692 0.18406072106261862 0.014877789585547307 0.030360531309297917
1 0.79596174282678 0.13187855787476283 0.01062699256110522 0.024667931688804573
1 0.8995749202975558 0.20872865275142316 0.01381509032943673 0.04554079696394689
1 0.732731137088204 0.15844402277039848 0.015940488841657885 0.03605313092979129
