1 0.2757757757757758 0.3855633802816901 0.055055055055055035 0.08450704225352113
1 0.34384384384384387 0.26672535211267606 0.01501501501501501 0.033450704225352124
1 0.4209209209209209 0.261443661971831 0.019019019019019034 0.033450704225352124
1 0.3843843843843844 0.19014084507042253 0.020020020020020013 0.031690140845070436
1 0.4114114114114114 0.16725352112676056 0.016016016016015988 0.024647887323943685
1 0.4184184184184184 0.20774647887323944 0.014014014014014031 0.031690140845070436
1 0.43543543543543545 0.176056338028169 0.016016016016015988 0.028169014084507032
1 0.4369369369369369 0.21390845070422534 0.01501501501501501 0.033450704225352124
1 0.4574574574574575 0.17253521126760563 0.018018018018018 0.03169014084507041
1 0.4924924924924925 0.1382042253521127 0.012012012012011963 0.026408450704225345
1 0.5180180180180181 0.11707746478873239 0.013013013013012942 0.026408450704225345
1 0.47997997997998 0.18309859154929578 0.019019019019019034 0.03521126760563381
1 0.46896896896896895 0.2130281690140845 0.01501501501501501 0.028169014084507032
1 0.5095095095095095 0.21919014084507044 0.016016016016015988 0.033450704225352096
1 0.54004004004004 0.2051056338028169 0.01501501501501501 0.033450704225352124
1 0.5435435435435436 0.1619718309859155 0.012012012012012074 0.028169014084507032
1 0.5465465465465466 0.13556338028169013 0.0160160160160161 0.03169014084507042
1 0.582082082082082 0.11707746478873239 0.011011011011010985 0.026408450704225345
1 0.5875875875875876 0.1742957746478873 0.014014014014014031 0.04225352112676056
1 0.5880880880880881 0.26584507042253525 0.017017017017016967 0.04577464788732394
1 0.5960960960960962 0.17693661971830987 0.017017017017017078 0.02992957746478872
1 0.5675675675675675 0.1742957746478873 0.014014014014014031 0.028169014084507032
1 0.6231231231231231 0.10387323943661972 0.011011011011011096 0.02112676056338028
1 0.6096096096096096 0.1329225352112676 0.010010010010010006 0.029929577464788734
1 0.6266266266266267 0.1426056338028169 0.016016016016015988 0.03521126760563381
1 0.6656656656656657 0.113556338028169 0.014014014014014031 0.03345070422535211
1 0.7162162162162162 0.11003521126760563 0.017017017017016967 0.03345070422535211
1 0.6921921921921922 0.12764084507042253 0.013013013013013053 0.029929577464788734
1 0.6421421421421422 0.23151408450704225 0.02302302302302306 0.05809859154929575
1 0.6546546546546546 0.31161971830985913 0.024024024024024038 0.05281690140845069
1 0.7057057057057057 0.33362676056338025 0.024024024024024038 0.05105633802816906
1 0.7347347347347347 0.27464788732394363 0.02202202202202197 0.05281690140845069
1 0.6896896896896897 0.2051056338028169 0.020020020020020013 0.0369718309859155
1 0.7192192192192193 0.19014084507042253 0.01501501501501512 0.03873239436619719
1 0.7422422422422422 0.1778169014084507 0.017017017017016967 0.045774647887323966
1 0.7572572572572572 0.15316901408450703 0.013013013013013053 0.04225352112676056
1 0.7807807807807807 0.14172535211267606 0.014014014014014031 0.044014084507042264
1 0.7677677677677678 0.20158450704225353 0.018018018018018056 0.0369718309859155
1 0.7817817817817818 0.2323943661971831 0.018018018018018056 0.03521126760563381
1 0.7887887887887888 0.1875 0.012012012012011963 0.026408450704225372
1 0.7997997997997998 0.15933098591549297 0.020020020020020013 0.04401408450704225
1 0.7967967967967968 0.21830985915492956 0.018018018018018056 0.04225352112676056
1 0.8493493493493494 0.16637323943661972 0.01501501501501501 0.0369718309859155
1 0.8848848848848849 0.15580985915492956 0.016016016016015988 0.033450704225352096
1 0.8373373373373374 0.2693661971830986 0.023023023023022948 0.03521126760563381
1 0.8498498498498499 0.2244718309859155 0.016016016016015988 0.040492957746478875
1 0.8753753753753754 0.1936619718309859 0.017017017017016967 0.03521126760563381
1 0.9099099099099099 0.20950704225352113 0.016016016016015988 0.03873239436619719
1 0.8883883883883883 0.27024647887323944 0.02102102102102099 0.047535211267605626
1 0.8818818818818819 0.32218309859154926 0.020020020020020013 0.04577464788732394
1 0.9404404404404405 0.30281690140845074 0.02102102102102099 0.04225352112676056
1 0.9439439439439439 0.24207746478873238 0.018018018018017945 0.04049295774647885
1 0.944944944944945 0.20598591549295775 0.014014014014014031 0.03521126760563381
1 0.9489489489489489 0.18133802816901406 0.012012012012012074 0.03169014084507041
1 0.9024024024024024 0.25528169014084506 0.02102102102102099 0.038732394366197215
1 0.8343343343343343 0.18397887323943662 0.013013013013013053 0.029929577464788748
1 0.6696696696696697 0.14348591549295775 0.012012012012011963 0.029929577464788748
1 0.6236236236236237 0.25264084507042256 0.024024024024024038 0.05809859154929578
1 0.3973973973973974 0.25264084507042256 0.020020020020020013 0.03697183098591553
1 0.5360360360360361 0.14964788732394368 0.017017017017017078 0.028169014084507032
1 0.474974974974975 0.14612676056338028 0.01501501501501501 0.024647887323943685
1 0.6141141141141141 0.15933098591549294 0.013013013013013053 0.033450704225352096
