1 0.05562130177514793 0.2552966101694915 0.018934911242603547 0.03601694915254236
1 0.07810650887573964 0.23834745762711865 0.01656804733727811 0.027542372881355914
1 0.16272189349112426 0.3050847457627119 0.036686390532544355 0.08898305084745761
1 0.1668639053254438 0.4502118644067797 0.037869822485207094 0.08686440677966101
1 0.3331360946745562 0.15466101694915252 0.02011834319526623 0.029661016949152547
1 0.5284023668639053 0.1514830508474576 0.022485207100591764 0.04872881355932204
1 0.46272189349112425 0.17372881355932204 0.02130177514792897 0.03813559322033899
1 0.6289940828402367 0.20127118644067798 0.02485207100591713 0.055084745762711856
1 0.5650887573964497 0.059322033898305086 0.013017751479289963 0.025423728813559324
1 0.5923076923076923 0.06038135593220339 0.013017751479289963 0.027542372881355928
1 0.6130177514792899 0.0635593220338983 0.016568047337278013 0.025423728813559324
1 0.7420118343195267 0.07627118644067797 0.014201183431952646 0.03389830508474576
1 0.7982248520710059 0.09639830508474576 0.01538461538461533 0.036016949152542374
1 0.9071005917159763 0.1684322033898305 0.013017751479289963 0.03177966101694915
1 0.9384615384615385 0.1906779661016949 0.01183431952662728 0.029661016949152547
1 0.927810650887574 0.23834745762711862 0.018934911242603603 0.03601694915254236
1 0.9301775147928995 0.1726694915254237 0.007100591715976323 0.023305084745762733
