1 0.06289308176100629 0.552112676056338 0.041928721174004195 0.05633802816901412
1 0.07651991614255765 0.46478873239436624 0.02725366876310273 0.03943661971830986
1 0.13312368972746333 0.47323943661971835 0.03144654088050315 0.04507042253521126
1 0.16142557651991613 0.5183098591549296 0.02935010482180292 0.05070422535211272
1 0.19077568134171907 0.6366197183098592 0.04612159329140461 0.06760563380281692
1 0.15932914046121593 0.6746478873239437 0.0419287211740042 0.07042253521126762
1 0.240041928721174 0.595774647887324 0.035639412997903575 0.05915492957746482
1 0.279874213836478 0.45774647887323944 0.027253668763102756 0.036619718309859106
1 0.3972746331236897 0.4591549295774648 0.02306079664570232 0.03943661971830981
1 0.41823899371069184 0.5098591549295775 0.02306079664570232 0.033802816901408406
1 0.5020964360587001 0.4549295774647887 0.023060796645702264 0.04225352112676056
1 0.5167714884696017 0.5014084507042254 0.027253668763102756 0.04507042253521126
1 0.5387840670859538 0.552112676056338 0.02935010482180289 0.03943661971830992
1 0.6352201257861636 0.4943661971830986 0.02935010482180289 0.04225352112676056
1 0.6855345911949686 0.5478873239436619 0.033542976939203384 0.04788732394366202
1 0.790356394129979 0.49295774647887325 0.04192872117400426 0.061971830985915466
1 0.909853249475891 0.7450704225352113 0.06289308176100628 0.09859154929577474
