1 0.08361774744027303 0.42272727272727273 0.058020477815699655 0.08181818181818179
1 0.1706484641638225 0.34318181818181814 0.08191126279863484 0.10454545454545455
1 0.2593856655290102 0.36363636363636365 0.06143344709897611 0.08181818181818179
1 0.341296928327645 0.38409090909090904 0.047781569965870296 0.06818181818181818
1 0.36689419795221845 0.45 0.06484641638225258 0.09090909090909094
1 0.33788395904436863 0.2954545454545454 0.040955631399317405 0.06363636363636366
1 0.38054607508532423 0.2931818181818182 0.030716723549488067 0.04999999999999999
1 0.42320819112627983 0.2818181818181818 0.03412969283276451 0.054545454545454564
1 0.4607508532423208 0.3113636363636364 0.047781569965870296 0.06818181818181818
1 0.5170648464163823 0.3318181818181818 0.03754266211604096 0.0727272727272727
1 0.5443686006825939 0.3068181818181818 0.03754266211604096 0.05909090909090908
1 0.5204778156996587 0.42954545454545456 0.0511945392491468 0.08636363636363636
1 0.5614334470989761 0.5704545454545454 0.058020477815699634 0.09545454545454546
1 0.6348122866894198 0.38181818181818183 0.04778156996587035 0.08181818181818185
1 0.6177474402730376 0.6659090909090909 0.05460750853242324 0.08636363636363642
1 0.7184300341296929 0.615909090909091 0.058020477815699634 0.08636363636363631
1 0.742320819112628 0.5727272727272728 0.04436860068259385 0.07272727272727275
1 0.78839590443686 0.15000000000000002 0.061433447098976135 0.1
