1 0.12073170731707317 0.5199115044247787 0.05609756097560975 0.11946902654867259
1 0.20975609756097563 0.4557522123893806 0.048780487804878064 0.09734513274336282
1 0.20243902439024392 0.26548672566371684 0.03414634146341464 0.07079646017699118
1 0.14878048780487807 0.3163716814159292 0.039024390243902446 0.0752212389380531
1 0.3060975609756098 0.4358407079646017 0.05609756097560975 0.10176991150442477
1 0.2682926829268293 0.2721238938053097 0.03902439024390242 0.06637168141592917
1 0.23170731707317072 0.334070796460177 0.043902439024390255 0.09292035398230086
1 0.32682926829268294 0.28982300884955753 0.029268292682926855 0.0663716814159292
1 0.3951219512195122 0.25663716814159293 0.03414634146341461 0.06194690265486727
1 0.4378048780487805 0.2853982300884956 0.03170731707317076 0.0663716814159292
1 0.4231707317073171 0.4314159292035398 0.04146341463414632 0.08407079646017701
1 0.35365853658536583 0.6194690265486726 0.04390243902439023 0.08849557522123896
1 0.2329268292682927 0.6216814159292035 0.06585365853658537 0.12831858407079644
1 0.4865853658536585 0.6084070796460177 0.06097560975609756 0.10176991150442483
1 0.5487804878048781 0.5265486725663717 0.0585365853658536 0.12389380530973454
1 0.45365853658536587 0.13716814159292035 0.029268292682926855 0.06194690265486727
1 0.30121951219512194 0.10619469026548672 0.03170731707317076 0.06194690265486724
1 0.7048780487804878 0.27654867256637167 0.029268292682926855 0.07522123893805308
1 0.7658536585365854 0.28982300884955753 0.034146341463414664 0.0663716814159292
1 0.801219512195122 0.334070796460177 0.03658536585365846 0.0663716814159292
1 0.8463414634146341 0.2942477876106195 0.039024390243902474 0.0752212389380531
1 0.8621951219512195 0.34292035398230086 0.03658536585365857 0.0663716814159292
