1 0.06648089171974522 0.4730878186968839 0.039012738853503176 0.07365439093484422
1 0.22611464968152867 0.3307365439093484 0.022292993630573243 0.04107648725212465
1 0.27468152866242035 0.306657223796034 0.020700636942675155 0.04107648725212465
1 0.24880573248407645 0.358356940509915 0.026273885350318493 0.04532577903682722
1 0.28264331210191085 0.3548158640226629 0.019108280254777066 0.04107648725212465
1 0.33837579617834396 0.29461756373937675 0.019108280254777066 0.039660056657223774
1 0.32444267515923564 0.3434844192634561 0.01831210191082805 0.04107648725212465
1 0.37579617834394907 0.25991501416430596 0.015923566878980944 0.03824362606232293
1 0.392515923566879 0.2762039660056657 0.022292993630573243 0.03966005665722383
1 0.3690286624203821 0.3307365439093484 0.021496815286624227 0.03541076487252126
1 0.39649681528662417 0.33640226628895187 0.017515923566878977 0.038243626062322955
1 0.4112261146496815 0.254957507082153 0.015127388535031872 0.031161473087818692
1 0.4343152866242038 0.25637393767705385 0.011942675159235638 0.03116147308781872
1 0.445859872611465 0.24858356940509913 0.017515923566878977 0.04107648725212462
1 0.45660828025477707 0.2330028328611898 0.019904458598726138 0.038243626062322955
1 0.4964171974522293 0.2415014164305949 0.011942675159235638 0.02407932011331443
1 0.4880573248407643 0.26062322946175637 0.015923566878980888 0.028328611898017025
1 0.5003980891719746 0.26558073654390935 0.015127388535031927 0.03257790368271954
1 0.509156050955414 0.24504249291784702 0.010350318471337605 0.019830028328611915
1 0.5294585987261147 0.24079320113314448 0.01273885350318471 0.02266288951841361
1 0.5402070063694268 0.21954674220963172 0.010350318471337605 0.02266288951841358
1 0.5537420382165605 0.20609065155807366 0.011942675159235638 0.02407932011331443
1 0.43312101910828027 0.3371104815864023 0.020700636942675155 0.03682719546742208
1 0.4518312101910828 0.31586402266288954 0.019904458598726138 0.031161473087818692
1 0.4880573248407643 0.31444759206798867 0.019108280254777066 0.03682719546742208
1 0.5553343949044587 0.2726628895184136 0.013535031847133783 0.029745042492917873
1 0.5656847133757962 0.25 0.023089171974522316 0.029745042492917873
1 0.5847929936305732 0.2514164305949008 0.02468152866242046 0.029745042492917817
1 0.582404458598726 0.2209631728045326 0.018312101910827994 0.0396600566572238
1 0.5903662420382165 0.20042492917847027 0.01671974522292996 0.029745042492917845
1 0.6046974522292994 0.21600566572237961 0.01671974522292996 0.029745042492917845
1 0.618232484076433 0.21742209631728043 0.015127388535031927 0.029745042492917845
1 0.447452229299363 0.4050991501416431 0.023885350318471332 0.0538243626062323
1 0.5111464968152866 0.3640226628895184 0.0207006369426751 0.05099150141643061
1 0.5222929936305732 0.40084985835694054 0.023885350318471277 0.0538243626062323
1 0.5756369426751593 0.3307365439093485 0.0207006369426751 0.043909348441926344
1 0.5712579617834395 0.3909348441926346 0.035828025477707026 0.05099150141643061
1 0.5688694267515924 0.4447592067988668 0.031050955414012815 0.06515580736543908
1 0.6405254777070064 0.21317280453257792 0.018312101910827994 0.029745042492917845
1 0.651671974522293 0.21742209631728043 0.01671974522292996 0.029745042492917845
1 0.618232484076433 0.254957507082153 0.019904458598726138 0.03966005665722383
1 0.6464968152866242 0.2698300283286119 0.017515923566879033 0.04107648725212468
1 0.6166401273885351 0.3024079320113314 0.026273885350318493 0.038243626062322955
1 0.6234076433121019 0.34490084985835695 0.019108280254777177 0.04674220963172804
1 0.633359872611465 0.36756373937677056 0.02468152866242046 0.05524079320113312
1 0.6751592356687899 0.21388101983002833 0.017515923566879033 0.025495750708215303
1 0.678343949044586 0.24504249291784702 0.017515923566879033 0.033994334277620414
1 0.6675955414012739 0.29674220963172804 0.023089171974522316 0.038243626062322955
1 0.6648089171974523 0.358356940509915 0.0207006369426751 0.053824362606232246
1 0.6186305732484076 0.4730878186968839 0.039808917197452276 0.06515580736543908
1 0.6990445859872612 0.4029745042492918 0.030254777070063632 0.05524079320113312
1 0.6890923566878981 0.5077903682719547 0.035828025477706915 0.07790368271954673
1 0.6994426751592357 0.2790368271954674 0.013535031847133783 0.033994334277620386
1 0.7113853503184713 0.2464589235127479 0.01671974522292985 0.03116147308781872
1 0.7197452229299363 0.25 0.019108280254777066 0.04107648725212465
1 0.7380573248407643 0.23016997167138808 0.015923566878980888 0.02691218130311615
1 0.7388535031847133 0.2613314447592068 0.01273885350318471 0.02691218130311618
1 0.7496019108280254 0.2790368271954674 0.011942675159235638 0.028328611898016998
1 0.7563694267515924 0.2386685552407932 0.01273885350318471 0.021246458923512734
1 0.7730891719745223 0.24008498583569404 0.014331210191082855 0.026912181303116123
1 0.7818471337579618 0.2613314447592068 0.01751592356687892 0.043909348441926344
1 0.7898089171974523 0.29674220963172804 0.015923566878980888 0.03541076487252126
1 0.7854299363057324 0.3548158640226629 0.019904458598726138 0.04674220963172804
1 0.7380573248407644 0.4235127478753541 0.031847133757961776 0.056657223796033995
1 0.7997611464968153 0.5035410764872521 0.02468152866242046 0.06657223796033995
1 0.8236464968152866 0.4631728045325779 0.026273885350318493 0.06515580736543908
1 0.8152866242038217 0.25 0.014331210191082744 0.029745042492917873
1 0.8037420382165605 0.32365439093484416 0.01671974522292996 0.035410764872521205
1 0.8105095541401275 0.3045325779036827 0.015923566878980888 0.03682719546742208
1 0.8335987261146497 0.26345609065155806 0.014331210191082855 0.025495750708215303
1 0.8463375796178344 0.2535410764872521 0.011146496815286566 0.025495750708215276
1 0.8654458598726115 0.2726628895184136 0.01273885350318471 0.026912181303116123
1 0.8487261146496815 0.34277620396600567 0.02070063694267521 0.05099150141643061
1 0.8328025477707006 0.3604815864022663 0.02070063694267521 0.052407932011331426
1 0.8817675159235668 0.4525495750708215 0.02945859872611467 0.05807365439093487
1 0.8785828025477707 0.31657223796033995 0.015127388535031927 0.03541076487252126
1 0.8976910828025477 0.3031161473087819 0.018312101910827994 0.04532577903682716
1 0.9060509554140128 0.2740793201133145 0.009554140127388533 0.02407932011331443
1 0.9068471337579618 0.3555240793201133 0.01751592356687892 0.05099150141643061
1 0.8240445859872612 0.273371104815864 0.011146496815286566 0.03682719546742208
1 0.8602707006369427 0.3080736543909348 0.018312101910828105 0.04957507082152973
1 0.3909235668789809 0.30028328611898014 0.017515923566878977 0.036827195467422136
1 0.34235668789808915 0.31728045325779036 0.015923566878980888 0.031161473087818692
