1 0.13409290096406662 0.4848024316109422 0.0455740578439965 0.09118541033434646
1 0.21822962313759858 0.35182370820668696 0.015775635407537264 0.034954407294832845
1 0.24802804557405783 0.3548632218844985 0.019281332164767767 0.04711246200607899
1 0.2787028921998247 0.37765957446808507 0.01928133216476774 0.03799392097264437
1 0.3282208588957055 0.37537993920972645 0.018404907975460127 0.045592705167173286
1 0.28001752848378614 0.3161094224924012 0.016652059596844848 0.03647416413373861
1 0.34837861524978087 0.3335866261398176 0.016652059596844848 0.03191489361702132
1 0.35100788781770376 0.2978723404255319 0.016652059596844904 0.03343465045592703
1 0.3851884312007011 0.3411854103343465 0.014899211218229624 0.03191489361702127
1 0.4075372480280456 0.34194528875379937 0.017528483786152516 0.039513677811550185
1 0.45574057843996496 0.3541033434650456 0.01928133216476774 0.04255319148936171
1 0.39614373356704646 0.2621580547112462 0.015775635407537236 0.028875379939209744
1 0.42769500438212094 0.26443768996960487 0.014022787028922012 0.027355623100303927
1 0.44609991235758106 0.26595744680851063 0.012269938650306789 0.027355623100303927
1 0.43470639789658194 0.31534954407294835 0.014022787028922012 0.03191489361702127
1 0.4092900964066608 0.3069908814589666 0.015775635407537236 0.027355623100303927
1 0.4763365468886941 0.3130699088145897 0.0131463628396144 0.027355623100303927
1 0.5109553023663453 0.32750759878419455 0.019281332164767684 0.034954407294832845
1 0.46319018404907975 0.24924012158054712 0.013146362839614345 0.027355623100303983
1 0.47283085013146364 0.23328267477203646 0.011393514460999121 0.022796352583586615
1 0.4758983347940403 0.270516717325228 0.014022787028922012 0.027355623100303927
1 0.49912357581069233 0.26671732522796354 0.011393514460999066 0.03191489361702127
1 0.5127081507449606 0.25987841945288753 0.012269938650306678 0.027355623100303927
1 0.5205959684487291 0.24012158054711247 0.012269938650306789 0.024316109422492405
1 0.5517090271691498 0.25759878419452886 0.013146362839614345 0.03191489361702127
1 0.563102541630149 0.2857142857142857 0.016652059596844793 0.03951367781155013
1 0.586327782646801 0.25759878419452886 0.015775635407537236 0.03191489361702127
1 0.5775635407537248 0.21732522796352582 0.014022787028922012 0.024316109422492405
1 0.6117440841367221 0.24696048632218845 0.015775635407537236 0.034954407294832845
1 0.6170026292725679 0.21884498480243159 0.012269938650306789 0.027355623100303955
1 0.6218229623137599 0.2013677811550152 0.011393514460999121 0.028875379939209717
1 0.6384750219106047 0.21808510638297873 0.011393514460999121 0.028875379939209717
1 0.6507449605609115 0.21656534954407297 0.013146362839614456 0.03495440729483282
1 0.6862401402278703 0.2082066869300912 0.014022787028922012 0.021276595744680854
1 0.7055214723926381 0.2264437689969605 0.014022787028922012 0.033434650455927056
1 0.6910604732690622 0.23100303951367782 0.013146362839614345 0.030395136778115506
1 0.6485539000876425 0.25227963525835867 0.014022787028922012 0.024316109422492405
1 0.5109553023663453 0.39361702127659576 0.028045574057844025 0.06079027355623101
1 0.5438212094653813 0.37386018237082064 0.02015775635407535 0.04559270516717323
1 0.5565293602103418 0.41413373860182373 0.024539877300613466 0.05623100303951367
1 0.6042944785276074 0.38601823708206684 0.021910604732690575 0.05471124620060791
1 0.6104294478527608 0.3373860182370821 0.021910604732690575 0.03647416413373861
1 0.6450482033304119 0.3130699088145896 0.015775635407537236 0.03343465045592703
1 0.6625766871165644 0.3472644376899696 0.02103418054338302 0.04711246200607905
1 0.6862401402278703 0.2834346504559271 0.01752848378615246 0.034954407294832845
1 0.7094653812445224 0.29103343465045595 0.016652059596844793 0.04407294832826747
1 0.724364592462752 0.25455927051671734 0.013146362839614456 0.031914893617021295
1 0.6248904469763366 0.4399696048632219 0.028045574057844025 0.06534954407294835
1 0.6533742331288344 0.48936170212765956 0.03768624014022781 0.05775075987841938
1 0.7212971078001753 0.5683890577507599 0.03330411919368981 0.07598784194528885
1 0.6809815950920246 0.39209726443769 0.0262927256792288 0.05471124620060791
1 0.7099035933391762 0.3670212765957447 0.02629272567922869 0.050151975683890626
1 0.7440841367221736 0.4141337386018237 0.022787028921998242 0.05015197568389057
1 0.8071866783523225 0.4384498480243161 0.0262927256792288 0.05927051671732525
1 0.8378615249780894 0.36930091185410335 0.019281332164767795 0.04863221884498481
1 0.7322524101665207 0.3069908814589666 0.018404907975460127 0.03951367781155013
1 0.7611744084136722 0.25835866261398177 0.016652059596844904 0.030395136778115478
1 0.7563540753724802 0.23708206686930092 0.014022787028921901 0.027355623100303983
1 0.7721297107800176 0.22796352583586627 0.014022787028922012 0.033434650455927056
1 0.8054338299737073 0.23708206686930092 0.014022787028922012 0.030395136778115506
1 0.8067484662576687 0.26975683890577506 0.016652059596844904 0.028875379939209744
1 0.7900964066608238 0.2879939209726444 0.014899211218229569 0.03799392097264437
1 0.8619631901840491 0.5349544072948329 0.030674846625766916 0.06990881458966569
1 0.8751095530236634 0.45972644376899696 0.025416301489921134 0.06534954407294835
1 0.9526730937773883 0.48024316109422494 0.028045574057844025 0.060790273556230956
1 0.9478527607361963 0.4088145896656535 0.02015775635407535 0.05167173252279633
1 0.890008764241893 0.38677811550151975 0.021910604732690575 0.05319148936170215
1 0.8413672217353199 0.3001519756838906 0.019281332164767684 0.03799392097264437
1 0.8378615249780894 0.24848024316109424 0.019281332164767795 0.028875379939209744
1 0.8720420683610868 0.2606382978723404 0.01752848378615246 0.03799392097264437
1 0.8781770376862401 0.2765957446808511 0.012269938650306789 0.033434650455927084
1 0.8694127957931639 0.3115501519756839 0.014022787028922012 0.030395136778115506
1 0.8891323400525855 0.27279635258358664 0.013146362839614456 0.04103343465045595
1 0.9044697633654689 0.2591185410334347 0.014022787028922012 0.034954407294832845
1 0.9263803680981595 0.28191489361702127 0.014022787028922012 0.034954407294832845
1 0.9741454864154251 0.28115501519756836 0.013146362839614345 0.03343465045592703
1 0.9434706397896582 0.3404255319148936 0.018404907975460127 0.03951367781155013
1 0.8983347940403155 0.3434650455927052 0.01752848378615257 0.04255319148936171
1 0.9636283961437335 0.36322188449848025 0.016652059596844793 0.04255319148936171
1 0.9693251533742331 0.3199088145896657 0.010517090271691454 0.025835866261398166
1 0.9452234881682735 0.3168693009118541 0.01489921121822968 0.03495440729483279
