1 0.10900000000000001 0.376 0.054000000000000006 0.04800000000000004
1 0.345 0.44266666666666665 0.07 0.07466666666666666
1 0.405 0.47733333333333333 0.09000000000000002 0.07999999999999996
1 0.41000000000000003 0.5773333333333333 0.10400000000000004 0.1093333333333334
1 0.6839999999999999 0.54 0.09599999999999997 0.1146666666666667
1 0.623 0.4813333333333333 0.07400000000000007 0.08266666666666661
1 0.5469999999999999 0.41333333333333333 0.06999999999999995 0.10133333333333333
1 0.46799999999999997 0.37866666666666665 0.04799999999999999 0.058666666666666645
1 0.403 0.4093333333333333 0.05399999999999999 0.06133333333333335
1 0.014 0.22266666666666665 0.024 0.055999999999999994
