1 0.319 0.11637931034482758 0.122 0.22701149425287356
1 0.45799999999999996 0.34770114942528735 0.035999999999999976 0.06321839080459768
1 0.5 0.375 0.02400000000000002 0.0431034482758621
1 0.529 0.4109195402298851 0.018000000000000016 0.03448275862068967
1 0.573 0.38505747126436785 0.025999999999999912 0.05172413793103453
1 0.698 0.47413793103448276 0.016000000000000014 0.03448275862068961
1 0.711 0.4755747126436782 0.018000000000000016 0.03735632183908044
1 0.749 0.47988505747126436 0.018000000000000016 0.028735632183908066
1 0.8049999999999999 0.4683908045977011 0.03799999999999992 0.05747126436781608
1 0.845 0.46695402298850575 0.038000000000000034 0.06609195402298851
1 0.887 0.45114942528735635 0.07400000000000007 0.08045977011494249
1 0.966 0.4353448275862069 0.06399999999999995 0.10632183908045978
