1 0.09474161378059837 0.2751235584843492 0.019038984587488664 0.04283360790774299
1 0.14369900271985492 0.26688632619439867 0.02266545784224841 0.03953871499176276
1 0.18948322756119673 0.4538714991762768 0.05621033544877607 0.08731466227347612
1 0.300090661831369 0.22487644151565073 0.018132366273798717 0.0444810543657331
1 0.31459655485040794 0.2273476112026359 0.018132366273798717 0.04283360790774299
1 0.3327289211242067 0.22405271828665568 0.02357207615593837 0.04942339373970345
1 0.3640072529465095 0.20922570016474465 0.02085222121486857 0.04612850082372322
1 0.36355394378966455 0.2355848434925865 0.01994560290117864 0.04283360790774299
1 0.3816863100634633 0.19522240527182866 0.01631912964641885 0.03789126853377264
1 0.40797824116047143 0.21252059308072488 0.021758839528558505 0.04283360790774299
1 0.43336355394378967 0.20922570016474465 0.021758839528558505 0.04942339373970345
1 0.4673617407071623 0.1886326194398682 0.022665457842248438 0.04118616144975287
1 0.5611967361740707 0.057660626029654036 0.012692656391659174 0.036243822075782535
1 0.601541251133273 0.11532125205930807 0.026291931097008114 0.05271828665568368
1 0.6436990027198549 0.14415156507413507 0.01994560290117864 0.04118616144975287
1 0.6518585675430644 0.1186161449752883 0.016319129646418906 0.02635914332784184
1 0.6518585675430644 0.06589785831960461 0.01813236627379866 0.02965403624382207
1 0.5902085222121487 0.07495881383855024 0.014505893019038929 0.0313014827018122
1 0.728467815049864 0.08072487644151566 0.013599274705349051 0.03294892915980231
1 0.7366273798730734 0.06342668863261944 0.011786038077969185 0.03459637561779241
1 0.7470534904805077 0.07166392092257001 0.010879419764279197 0.03459637561779243
1 0.7438803263825929 0.12520593080724876 0.020852221214868516 0.03953871499176276
1 0.7769718948322757 0.09060955518945635 0.01450589301903904 0.03953871499176277
1 0.8186763372620127 0.2545304777594728 0.02357207615593837 0.05107084019769356
1 0.8830462375339982 0.25947281713344317 0.018132366273798772 0.04118616144975287
1 0.9125113327289212 0.24546952224052718 0.020852221214868516 0.04942339373970345
1 0.8617407071622847 0.1886326194398682 0.017225747960108784 0.04118616144975287
1 0.9324569356300997 0.1886326194398682 0.013599274705349051 0.04118616144975287
