1 0.21039844509232264 0.35 0.04373177842565598 0.08275862068965517
1 0.293488824101069 0.21465517241379312 0.015549076773566595 0.03620689655172413
1 0.3143828960155491 0.2206896551724138 0.020408163265306145 0.03793103448275864
1 0.33430515063168126 0.22413793103448276 0.0194363459669582 0.03793103448275861
1 0.33867832847424684 0.18275862068965518 0.016520894071914483 0.03448275862068967
1 0.3522837706511176 0.1956896551724138 0.018464528668610314 0.036206896551724155
1 0.36297376093294464 0.2482758620689655 0.022351797862001976 0.04482758620689653
1 0.38921282798833823 0.23706896551724138 0.02040816326530609 0.046551724137931044
1 0.3785228377065112 0.1853448275862069 0.016520894071914483 0.032758620689655155
1 0.40864917395529643 0.18620689655172412 0.02040816326530609 0.04482758620689656
1 0.43440233236151604 0.22241379310344828 0.021379980563654033 0.041379310344827586
1 0.4509232264334305 0.18879310344827588 0.017492711370262426 0.032758620689655155
1 0.4528668610301263 0.15689655172413794 0.015549076773566595 0.031034482758620696
1 0.42808551992225463 0.13706896551724138 0.01263362487852282 0.03275862068965517
1 0.4757045675413022 0.19741379310344825 0.018464528668610314 0.0396551724137931
1 0.5024295432458699 0.20948275862068966 0.023323615160349864 0.04310344827586207
1 0.49562682215743437 0.16982758620689653 0.019436345966958146 0.03620689655172413
1 0.4868804664723032 0.13793103448275862 0.01554907677356654 0.031034482758620696
1 0.4693877551020408 0.13017241379310346 0.01749271137026237 0.029310344827586224
1 0.5072886297376094 0.13448275862068965 0.013605442176870763 0.02758620689655171
1 0.5102040816326531 0.1103448275862069 0.01554907677356665 0.031034482758620696
1 0.4922254616132167 0.12241379310344827 0.014577259475218651 0.02413793103448275
1 0.5257531584062196 0.13017241379310346 0.013605442176870763 0.02586206896551725
1 0.5286686103012634 0.11551724137931035 0.0097181729834791 0.020689655172413793
1 0.5500485908649174 0.10948275862068965 0.013605442176870763 0.03275862068965517
1 0.5233236151603499 0.15775862068965518 0.014577259475218707 0.02931034482758621
1 0.5301263362487852 0.17413793103448277 0.01846452866861026 0.03448275862068964
1 0.5612244897959184 0.1706896551724138 0.014577259475218596 0.03448275862068964
1 0.5529640427599611 0.15689655172413794 0.017492711370262315 0.031034482758620696
1 0.5675413022351798 0.14224137931034483 0.013605442176870652 0.025862068965517238
1 0.5699708454810496 0.11465517241379311 0.014577259475218707 0.03275862068965518
1 0.5787172011661808 0.11551724137931035 0.014577259475218707 0.031034482758620696
1 0.5918367346938775 0.13706896551724138 0.017492711370262315 0.03275862068965517
1 0.587463556851312 0.16810344827586207 0.01846452866861037 0.036206896551724155
1 0.6107871720116618 0.11293103448275862 0.01263362487852282 0.025862068965517238
1 0.6185617103984451 0.10086206896551725 0.01263362487852282 0.02586206896551725
1 0.6253644314868805 0.11465517241379311 0.014577259475218707 0.02931034482758621
1 0.6248785228377065 0.13706896551724138 0.013605442176870763 0.03275862068965517
1 0.6559766763848397 0.14310344827586208 0.013605442176870763 0.03793103448275861
1 0.6370262390670554 0.09913793103448276 0.016520894071914483 0.03275862068965517
1 0.6588921282798834 0.09224137931034483 0.011661807580174988 0.02931034482758621
1 0.6642371234207969 0.11293103448275862 0.014577259475218707 0.02931034482758621
1 0.6831875607385811 0.09482758620689655 0.013605442176870763 0.027586206896551724
1 0.6895043731778425 0.11120689655172414 0.014577259475218596 0.025862068965517238
1 0.717687074829932 0.09827586206896552 0.014577259475218707 0.031034482758620696
1 0.5014577259475219 0.278448275862069 0.031098153547133134 0.06379310344827588
1 0.5621963070942663 0.2939655172413793 0.02818270165208947 0.06379310344827582
1 0.5699708454810495 0.2379310344827586 0.030126336248785246 0.05517241379310342
1 0.6180758017492711 0.2327586206896552 0.02137998056365409 0.0517241379310345
1 0.6258503401360545 0.2043103448275862 0.0194363459669582 0.0396551724137931
1 0.6059280855199223 0.3224137931034483 0.02818270165208947 0.07586206896551723
1 0.6763848396501457 0.2482758620689655 0.03109815354713319 0.06551724137931036
1 0.6763848396501457 0.19051724137931036 0.0194363459669582 0.0396551724137931
1 0.7011661807580175 0.15344827586206897 0.01846452866861026 0.03448275862068967
1 0.718172983479106 0.175 0.021379980563653977 0.05344827586206896
1 0.7424684159378037 0.1568965517241379 0.0194363459669582 0.03793103448275861
1 0.750728862973761 0.12844827586206897 0.016520894071914483 0.03275862068965518
1 0.7235179786200194 0.21379310344827585 0.022351797862002032 0.04827586206896553
1 0.716715257531584 0.2655172413793104 0.024295432458697697 0.04827586206896553
1 0.6904761904761905 0.32155172413793104 0.02818270165208947 0.0672413793103448
1 0.750728862973761 0.18275862068965515 0.01846452866861026 0.04482758620689656
1 0.7619047619047619 0.14827586206896554 0.017492711370262426 0.03448275862068964
1 0.7798833819241983 0.12758620689655173 0.014577259475218707 0.03448275862068967
1 0.7993197278911565 0.14568965517241378 0.01652089407191437 0.03620689655172413
1 0.7959183673469388 0.20862068965517241 0.0194363459669582 0.04482758620689653
1 0.7755102040816326 0.23879310344827587 0.02137998056365409 0.053448275862068934
1 0.7896015549076774 0.2827586206896552 0.024295432458697697 0.05517241379310345
1 0.8206997084548104 0.24051724137931035 0.024295432458697808 0.06034482758620688
1 0.7521865889212829 0.3603448275862069 0.03109815354713319 0.06551724137931036
1 0.8202137998056365 0.39224137931034486 0.03109815354713319 0.0741379310344828
1 0.8454810495626822 0.3474137931034483 0.029154518950437414 0.07068965517241377
1 0.8722060252672498 0.25689655172413794 0.020408163265306145 0.04482758620689656
1 0.8872691933916423 0.2189655172413793 0.021379980563653977 0.04482758620689656
1 0.9183673469387755 0.33362068965517244 0.02526724975704564 0.060344827586206906
1 0.9246841593780369 0.2775862068965517 0.020408163265306145 0.0482758620689655
1 0.9518950437317784 0.2163793103448276 0.01846452866861037 0.03620689655172413
1 0.8848396501457726 0.42931034482758623 0.03206997084548102 0.08275862068965517
