1 0.19371519490851233 0.40774647887323945 0.04852824184566429 0.08591549295774648
1 0.2617342879872713 0.2669014084507042 0.01909307875894989 0.03239436619718311
1 0.29912490055688146 0.24084507042253522 0.023866348448687347 0.042253521126760535
1 0.32537788385043753 0.2084507042253521 0.0175019888623707 0.03943661971830986
1 0.3229912490055688 0.24859154929577465 0.020684168655529023 0.03239436619718308
1 0.3532219570405728 0.2549295774647887 0.023866348448687347 0.03661971830985919
1 0.3850437549721559 0.2535211267605634 0.017501988862370754 0.04225352112676059
1 0.38027048528241847 0.2 0.015910898965791564 0.03943661971830986
1 0.4053301511535402 0.16901408450704225 0.013524264120922835 0.025352112676056332
1 0.433969769291965 0.15774647887323945 0.01511535401750197 0.03380281690140843
1 0.4630071599045346 0.1408450704225352 0.014319809069212375 0.028169014084507032
1 0.4626093874303898 0.16408450704225352 0.01670644391408116 0.03802816901408451
1 0.4797136038186157 0.12816901408450704 0.01272871917263324 0.028169014084507046
1 0.505568814638027 0.12112676056338029 0.011933174224343646 0.022535211267605618
1 0.5210819411296739 0.1295774647887324 0.014319809069212375 0.030985915492957747
1 0.41726332537788385 0.18028169014084505 0.011933174224343701 0.03380281690140843
1 0.42800318217979316 0.2415492957746479 0.01909307875894989 0.03239436619718308
1 0.41328560063643593 0.276056338028169 0.021479713603818618 0.04225352112676056
1 0.4797136038186157 0.2112676056338028 0.01909307875894989 0.03943661971830986
1 0.49522673031026254 0.18591549295774648 0.01511535401750197 0.03943661971830986
1 0.5580747812251392 0.1387323943661972 0.01352426412092278 0.03521126760563381
1 0.5262529832935561 0.2007042253521127 0.01988862370723954 0.035211267605633784
1 0.5700079554494829 0.16971830985915493 0.01829753381066035 0.03521126760563381
1 0.5803500397772474 0.1316901408450704 0.01670644391408116 0.029577464788732397
1 0.5851233094669849 0.14647887323943662 0.01670644391408116 0.03098591549295776
1 0.5990453460620525 0.10633802816901408 0.019093078758949833 0.029577464788732397
1 0.6201272871917263 0.11056338028169013 0.01511535401750208 0.029577464788732397
1 0.641607000795545 0.11197183098591548 0.01670644391408105 0.0352112676056338
1 0.6141607000795545 0.15140845070422537 0.014319809069212486 0.023943661971830982
1 0.630071599045346 0.14647887323943662 0.019093078758949833 0.03943661971830986
1 0.6638822593476532 0.11971830985915492 0.013524264120922891 0.030985915492957733
1 0.5011933174224343 0.2816901408450704 0.02704852824184567 0.053521126760563364
1 0.5469371519490851 0.30211267605633807 0.027844073190135266 0.052112676056338014
1 0.5807478122513922 0.23943661971830985 0.022275258552108212 0.04507042253521126
1 0.6066030230708035 0.252112676056338 0.031026252983293645 0.05352112676056339
1 0.626491646778043 0.2056338028169014 0.018297533810660238 0.053521126760563364
1 0.6543357199681782 0.1971830985915493 0.024661893396976886 0.05352112676056339
1 0.6543357199681782 0.15352112676056337 0.01988862370723954 0.03943661971830986
1 0.6929196499602228 0.14507042253521127 0.017501988862370754 0.03943661971830986
1 0.7665075576770087 0.126056338028169 0.01352426412092278 0.03521126760563381
1 0.7963404932378679 0.12535211267605634 0.015910898965791564 0.03661971830985916
1 0.726332537788385 0.15352112676056337 0.019093078758949833 0.03943661971830986
1 0.7450278440731901 0.14859154929577464 0.01670644391408116 0.04366197183098591
1 0.7593476531424026 0.16901408450704225 0.01670644391408105 0.03661971830985916
1 0.7915672235481305 0.18169014084507043 0.019093078758949833 0.04507042253521126
1 0.8054892601431981 0.16971830985915493 0.01670644391408116 0.04084507042253521
1 0.8361177406523468 0.13450704225352114 0.017501988862370754 0.04366197183098593
1 0.8675417661097853 0.1380281690140845 0.013524264120922891 0.03380281690140843
1 0.6992840095465394 0.2140845070422535 0.022275258552108212 0.04507042253521126
1 0.665871121718377 0.24295774647887322 0.02386634844868729 0.054929577464788715
1 0.6742243436754176 0.29225352112676056 0.026252983293556076 0.07183098591549297
1 0.7199681782020684 0.2528169014084507 0.02704852824184567 0.05492957746478874
1 0.7422434367541766 0.3267605633802817 0.03500397772474151 0.08450704225352113
1 0.7724741447891805 0.28239436619718306 0.02386634844868729 0.054929577464788715
1 0.8444709626093874 0.17887323943661973 0.018297533810660238 0.03943661971830986
1 0.8894192521877486 0.1936619718309859 0.019093078758949944 0.04647887323943661
1 0.8178202068416865 0.22605633802816902 0.020684168655529023 0.04647887323943661
1 0.8385043754972156 0.21971830985915491 0.019093078758949833 0.039436619718309834
1 0.8703261734287987 0.24929577464788732 0.019093078758949833 0.05633802816901409
1 0.9120922832140016 0.26549295774647885 0.027844073190135266 0.04647887323943661
1 0.337708830548926 0.21690140845070421 0.018297533810660294 0.03943661971830986
1 0.7128082736674621 0.1880281690140845 0.02863961813842486 0.052112676056338014
1 0.7446300715990453 0.24014084507042255 0.017501988862370754 0.040845070422535185
1 0.7406523468575974 0.19788732394366199 0.020684168655529134 0.040845070422535185
