1 0.09498031496062992 0.3107876712328767 0.022637795275590553 0.042808219178082196
1 0.10974409448818898 0.2962328767123288 0.020669291338582668 0.0410958904109589
1 0.17076771653543307 0.2816780821917808 0.020669291338582696 0.042808219178082196
1 0.17765748031496065 0.25513698630136983 0.018700787401574798 0.034246575342465724
1 0.23326771653543307 0.23544520547945208 0.01968503937007876 0.042808219178082224
1 0.2726377952755905 0.2731164383561644 0.023622047244094502 0.042808219178082196
1 0.3036417322834646 0.2654109589041096 0.026574803149606308 0.041095890410958874
1 0.281496062992126 0.2320205479452055 0.017716535433070835 0.039383561643835635
1 0.29035433070866146 0.25256849315068497 0.01377952755905515 0.029109589041095896
1 0.31643700787401574 0.21746575342465754 0.02066929133858264 0.0410958904109589
