1 0.10400000000000001 0.4954954954954955 0.068 0.12612612612612606
1 0.148 0.6561561561561562 0.11199999999999999 0.16516516516516522
1 0.219 0.4084084084084084 0.062 0.10810810810810811
1 0.30000000000000004 0.524024024024024 0.08400000000000002 0.12312312312312312
1 0.369 0.4264264264264265 0.062 0.0960960960960961
1 0.427 0.6516516516516517 0.10599999999999998 0.16216216216216217
1 0.479 0.512012012012012 0.07400000000000001 0.1351351351351352
1 0.569 0.3138138138138138 0.041999999999999926 0.0750750750750751
1 0.7050000000000001 0.487987987987988 0.06999999999999995 0.1291291291291291
1 0.7170000000000001 0.7627627627627627 0.10199999999999998 0.1921921921921922
1 0.8400000000000001 0.5630630630630631 0.09599999999999997 0.1711711711711712
1 0.874 0.5105105105105106 0.05600000000000005 0.09609609609609604
1 0.9490000000000001 0.5690690690690691 0.09399999999999997 0.1711711711711712
