1 0.22822966507177034 0.3924914675767918 0.0507177033492823 0.0989761092150171
1 0.5330143540669856 0.20051194539249145 0.024880382775119614 0.046075085324232073
1 0.5870813397129186 0.17662116040955633 0.02009569377990439 0.03924914675767918
1 0.623444976076555 0.2090443686006826 0.02009569377990439 0.05290102389078499
1 0.6583732057416267 0.25 0.028708133971291905 0.059726962457337884
1 0.675598086124402 0.22696245733788395 0.017224880382775143 0.03754266211604096
1 0.6732057416267943 0.19027303754266212 0.014354066985645897 0.03242320819112626
1 0.7133971291866028 0.2150170648464164 0.018181818181818188 0.047781569965870296
1 0.7444976076555023 0.20819112627986347 0.015311004784689053 0.03754266211604096
1 0.7416267942583732 0.2790102389078498 0.030622009569377995 0.05290102389078499
1 0.7976076555023923 0.2687713310580205 0.02200956937799048 0.05631399317406141
1 0.8215311004784689 0.273037542662116 0.02200956937799048 0.047781569965870296
1 0.7502392344497608 0.3796928327645051 0.034449760765550175 0.08020477815699656
1 0.8392344497607656 0.3745733788395904 0.026794258373205704 0.07679180887372011
1 0.9052631578947369 0.45819112627986347 0.04784688995215314 0.0870307167235495
