1 0.30606995884773663 0.2116788321167883 0.02777777777777779 0.04744525547445255
1 0.3261316872427984 0.19434306569343066 0.01646090534979422 0.03832116788321166
1 0.34207818930041156 0.19616788321167883 0.019547325102880653 0.031021897810218968
1 0.5344650205761317 0.15784671532846717 0.017489711934156382 0.04197080291970803
1 0.565843621399177 0.2965328467153285 0.043209876543209846 0.09306569343065696
1 0.6147119341563787 0.2363138686131387 0.021604938271604923 0.049270072992700725
1 0.6111111111111112 0.20985401459854014 0.01851851851851849 0.04014598540145986
1 0.6815843621399177 0.1779197080291971 0.017489711934156382 0.04197080291970803
1 0.6702674897119341 0.21806569343065696 0.021604938271604923 0.04562043795620438
1 0.6702674897119342 0.25547445255474455 0.025720164609053464 0.05839416058394159
1 0.7263374485596708 0.28375912408759124 0.02263374485596703 0.06021897810218979
1 0.7505144032921811 0.2819343065693431 0.029835390946502005 0.0821167883211679
1 0.7824074074074074 0.35492700729927007 0.05041152263374482 0.11496350364963503
1 0.7160493827160495 0.19525547445255476 0.01851851851851849 0.03649635036496349
1 0.8374485596707819 0.26916058394160586 0.02263374485596703 0.05656934306569342
