1 0.022988505747126436 0.4598092643051771 0.03284072249589491 0.058583106267030005
1 0.23029556650246305 0.329700272479564 0.01395730706075532 0.03269754768392369
1 0.256568144499179 0.3555858310626703 0.018883415435139578 0.046321525885558545
1 0.28284072249589487 0.3051771117166212 0.017241379310344807 0.03269754768392369
1 0.29351395730706076 0.35354223433242504 0.017241379310344862 0.03950953678474117
1 0.33374384236453203 0.34741144414168934 0.02052545155993435 0.046321525885558545
1 0.3522167487684729 0.3188010899182561 0.016420361247947435 0.02997275204359673
1 0.35467980295566504 0.28133514986376024 0.014778325123152691 0.02588555858310626
1 0.3834154351395731 0.3235694822888283 0.014778325123152747 0.03678474114441416
1 0.409688013136289 0.3310626702997275 0.019704433497536922 0.03542234332425065
1 0.4655172413793104 0.39509536784741145 0.027914614121510695 0.05449591280653954
1 0.4495073891625616 0.3310626702997275 0.022167487684729037 0.038147138964577665
1 0.5426929392446633 0.3930517711171662 0.026272577996716007 0.04223433242506813
1 0.5935960591133005 0.4284741144414169 0.026272577996715896 0.055858310626703045
1 0.6555829228243022 0.4352861035422343 0.023809523809523836 0.061307901907356965
1 0.7052545155993432 0.46389645776566757 0.03284072249589487 0.07493188010899177
1 0.8197865353037767 0.4843324250681199 0.028735632183908066 0.06130790190735702
1 0.9084564860426929 0.4529972752043597 0.02545155993431858 0.06130790190735691
1 0.8456486042692939 0.46185286103542234 0.026272577996715896 0.05449591280653954
1 0.7828407224958949 0.41689373297002724 0.028735632183908066 0.05994550408719346
1 0.7188013136288998 0.4039509536784741 0.023809523809523836 0.04495912806539509
1 0.6539408866995073 0.36648501362397823 0.018883415435139494 0.046321525885558545
1 0.5324302134646962 0.3433242506811989 0.022167487684729092 0.040871934604904625
1 0.5028735632183908 0.3079019073569482 0.015599343185550119 0.03542234332425065
1 0.38916256157635465 0.2608991825613079 0.014778325123152747 0.02588555858310626
1 0.4088669950738916 0.2608991825613079 0.013136288998357948 0.02588555858310626
1 0.4273399014778325 0.23841961852861035 0.012315270935960632 0.021798365122615793
1 0.4454022988505747 0.2574931880108992 0.015599343185550063 0.029972752043596756
1 0.4757799671592775 0.2595367847411444 0.013957307060755375 0.03133514986376024
1 0.5028735632183908 0.2588555858310627 0.012315270935960632 0.02724795640326977
1 0.5155993431855501 0.26907356948228883 0.013136288998357948 0.03133514986376018
1 0.5258620689655172 0.24591280653950953 0.012315270935960632 0.02861035422343325
1 0.5435139573070608 0.24727520435967304 0.019704433497536922 0.023160762942779273
1 0.5615763546798029 0.27043596730245234 0.014778325123152691 0.0340599455040872
1 0.5800492610837438 0.2547683923705722 0.015599343185550008 0.03269754768392372
1 0.6855500821018062 0.35967302452316074 0.01806239737274229 0.035422343324250705
1 0.8119868637110017 0.3494550408719346 0.021346469622331665 0.04495912806539509
1 0.8575533661740558 0.35967302452316074 0.023809523809523836 0.04359673024523164
1 0.8349753694581281 0.329700272479564 0.014778325123152691 0.035422343324250705
1 0.8760262725779968 0.34673024523160767 0.01806239737274218 0.03950953678474117
1 0.9384236453201971 0.34877384196185285 0.01806239737274218 0.038147138964577665
1 0.6884236453201971 0.29904632152588556 0.018883415435139606 0.03678474114441421
1 0.59688013136289 0.3310626702997275 0.02298850574712641 0.03542234332425065
1 0.6350574712643678 0.29768392370572205 0.022167487684729092 0.03950953678474117
1 0.6609195402298851 0.2622615803814714 0.01806239737274218 0.03133514986376021
1 0.6013957307060755 0.24727520435967304 0.010673234811165777 0.023160762942779273
1 0.7257799671592775 0.279291553133515 0.016420361247947435 0.02997275204359673
1 0.7019704433497538 0.24659400544959126 0.014778325123152691 0.0299727520435967
1 0.7344006568144499 0.2438692098092643 0.017241379310344862 0.03269754768392372
1 0.7779146141215108 0.27997275204359673 0.013957307060755375 0.0340599455040872
1 0.8156814449917899 0.29836512261580383 0.015599343185550119 0.035422343324250705
1 0.8505747126436782 0.2745231607629428 0.014778325123152691 0.02861035422343322
1 0.8768472906403941 0.3010899182561308 0.014778325123152691 0.032697547683923744
1 0.9055829228243022 0.32084468664850135 0.01806239737274218 0.0340599455040872
1 0.8932676518883416 0.2724795640326976 0.016420361247947435 0.02724795640326977
1 0.8735632183908046 0.2561307901907357 0.013136288998357948 0.038147138964577665
1 0.9318555008210181 0.3024523160762943 0.013136288998357948 0.03269754768392369
1 0.8218390804597702 0.26294277929155313 0.013136288998358059 0.03269754768392372
1 0.7947454844006567 0.23978201634877383 0.014778325123152691 0.03269754768392372
1 0.7807881773399015 0.24114441416893734 0.011494252873563204 0.02452316076294281
1 0.7614942528735632 0.2282016348773842 0.013957307060755264 0.02588555858310629
1 0.6999178981937603 0.21866485013623976 0.012315270935960632 0.02861035422343325
1 0.6087848932676518 0.20299727520435967 0.009031198686371034 0.02724795640326977
1 0.55623973727422 0.2268392370572207 0.010673234811165777 0.03133514986376021
1 0.5722495894909688 0.2173024523160763 0.013136288998357948 0.023160762942779273
1 0.6362889983579638 0.21934604904632155 0.011494252873563204 0.02452316076294278
1 0.6613300492610837 0.21457765667574932 0.012315270935960632 0.0231607629427793
1 0.6756978653530377 0.22479564032697547 0.011494252873563204 0.02452316076294278
1 0.9359605911330049 0.2779291553133515 0.013136288998357948 0.02997275204359673
1 0.5915435139573071 0.38896457765667575 0.03201970443349755 0.04768392370572205
1 0.8394909688013137 0.3017711171662125 0.017241379310344862 0.02861035422343322
1 0.8415435139573071 0.24931880108991827 0.013136288998357948 0.02724795640326974
1 0.9174876847290641 0.30313351498637603 0.013957307060755264 0.03950953678474112
1 0.7635467980295566 0.25749318801089915 0.013136288998357948 0.024523160762942753
1 0.5993431855500821 0.21662125340599456 0.011494252873563204 0.02724795640326977
1 0.6235632183908046 0.21321525885558584 0.010673234811165888 0.02588555858310629
1 0.6432676518883416 0.23705722070844687 0.012315270935960632 0.02724795640326974
1 0.40476190476190477 0.2956403269754768 0.013136288998357948 0.02724795640326977
1 0.43226600985221675 0.30653950953678477 0.018883415435139606 0.03269754768392369
1 0.46592775041050905 0.3106267029972752 0.020525451559934293 0.038147138964577665
1 0.4642857142857143 0.23841961852861035 0.012315270935960576 0.024523160762942753
1 0.645320197044335 0.3433242506811989 0.019704433497536922 0.04359673024523164
