1 0.25085470085470085 0.29296875 0.0675213675213675 0.13593750000000002
1 0.22008547008547008 0.2359375 0.062393162393162394 0.12187500000000001
1 0.2482905982905983 0.06171875 0.052136752136752174 0.0984375
1 0.39743589743589747 0.25546875 0.04444444444444445 0.09531249999999997
1 0.4722222222222222 0.3671875 0.12051282051282053 0.25
1 0.620940170940171 0.28359375 0.07777777777777772 0.1609375
1 0.6435897435897435 0.18984374999999998 0.052991452991452914 0.1265625
1 0.8012820512820513 0.44765625 0.18888888888888888 0.4015625
1 0.8837606837606837 0.2890625 0.10598290598290594 0.24687499999999998
1 0.9401709401709402 0.20234375 0.06837606837606836 0.1328125
