1 0.02366666666666667 0.4564831261101243 0.042 0.1669626998223801
1 0.045666666666666675 0.36856127886323264 0.04866666666666668 0.12611012433392538
1 0.05 0.28063943161634103 0.036000000000000004 0.08880994671403197
1 0.101 0.2797513321492007 0.039333333333333345 0.10124333925399645
1 0.10700000000000001 0.4742451154529307 0.05800000000000001 0.14564831261101235
1 0.21433333333333332 0.5337477797513321 0.06999999999999998 0.1687388987566607
1 0.26966666666666667 0.36856127886323264 0.04200000000000001 0.1296625222024867
1 0.22366666666666668 0.24866785079928952 0.03133333333333335 0.08170515097690939
1 0.28400000000000003 0.25488454706927177 0.023999999999999966 0.08348134991119008
1 0.30633333333333335 0.29396092362344584 0.03266666666666668 0.10124333925399645
1 0.309 0.2246891651865009 0.028666666666666618 0.07637655417406752
1 0.33566666666666667 0.28507992895204265 0.031333333333333324 0.10124333925399645
1 0.34933333333333333 0.22824156305506216 0.01733333333333331 0.06571936056838365
1 0.369 0.23712255772646537 0.019333333333333313 0.058614564831261096
1 0.3763333333333333 0.2886323268206039 0.02999999999999997 0.08703374777975137
1 0.433 0.216696269982238 0.019333333333333313 0.060390763765541755
1 0.31733333333333336 0.5284191829484902 0.0546666666666667 0.16163410301953823
1 0.41866666666666663 0.3685612788632327 0.042666666666666686 0.11190053285968027
1 0.4856666666666667 0.36589698046181174 0.03533333333333327 0.09236234458259324
1 0.5073333333333334 0.2433392539964476 0.01866666666666672 0.05328596802841917
1 0.496 0.23978685612788633 0.013333333333333364 0.046181172291296646
1 0.483 0.20159857904085257 0.019333333333333313 0.05506216696269983
1 0.5416666666666667 0.1882770870337478 0.01666666666666672 0.0532859680284192
1 0.5246666666666666 0.22824156305506216 0.01733333333333331 0.055062166962699804
1 0.5633333333333334 0.3348134991119005 0.026666666666666616 0.07992895204262879
1 0.5643333333333334 0.21936056838365897 0.014000000000000012 0.05506216696269983
1 0.611 0.32238010657193605 0.02733333333333332 0.07637655417406752
1 0.597 0.28596802841918295 0.016666666666666607 0.05328596802841923
1 0.608 0.19626998223801068 0.014666666666666606 0.05150976909413854
1 0.6286666666666667 0.216696269982238 0.01866666666666672 0.056838365896980436
1 0.6743333333333333 0.22291296625222023 0.018000000000000016 0.05150976909413854
1 0.679 0.3401420959147424 0.03266666666666673 0.08703374777975131
1 0.6433333333333333 0.41474245115452935 0.03866666666666663 0.11900532859680285
1 0.6553333333333333 0.35790408525754885 0.028000000000000025 0.0728241563055062
1 0.5603333333333333 0.5035523978685613 0.050000000000000044 0.15808170515097691
1 0.7446666666666666 0.34635879218472465 0.02533333333333332 0.09236234458259324
1 0.7246666666666667 0.2912966252220248 0.020000000000000018 0.06394316163410302
1 0.7236666666666667 0.25044404973357015 0.01533333333333331 0.04973357015985791
1 0.7176666666666667 0.22735346358792186 0.015333333333333421 0.04618117229129662
1 0.6983333333333334 0.238898756660746 0.018000000000000016 0.05861456483126112
1 0.867 0.12611012433392538 0.05133333333333334 0.15630550621669625
1 0.957 0.25399644760213147 0.018000000000000016 0.05328596802841917
1 0.04033333333333333 0.7975133214920072 0.078 0.3303730017761989
