1 0.15678449258836943 0.36585365853658536 0.035347776510832374 0.07723577235772361
1 0.3255416191562144 0.23170731707317074 0.021664766248574663 0.044715447154471566
1 0.3437856328392246 0.19613821138211382 0.014823261117445863 0.042682926829268275
1 0.35575826681870015 0.2134146341463415 0.018244013683010263 0.03658536585365854
1 0.4167616875712657 0.20528455284552846 0.019384264538198415 0.04065040650406504
1 0.4264538198403649 0.18089430894308944 0.018244013683010263 0.04065040650406504
1 0.4526795895096921 0.21544715447154472 0.020524515393386566 0.04471544715447154
1 0.48802736602052454 0.22865853658536586 0.020524515393386566 0.05081300813008133
1 0.48346636259977194 0.18495934959349591 0.01596351197263396 0.03658536585365854
1 0.4503990877993158 0.1524390243902439 0.01596351197263396 0.03252032520325204
1 0.4737742303306728 0.1483739837398374 0.01254275940706956 0.03252032520325204
1 0.48175598631698974 0.13414634146341464 0.014823261117445807 0.02845528455284553
1 0.4988597491448119 0.15142276422764228 0.017103762827822167 0.03048780487804878
1 0.5102622576966933 0.1402439024390244 0.012542759407069615 0.02439024390243902
1 0.5165336374002281 0.15853658536585366 0.015963511972634015 0.028455284552845517
1 0.5199543899657925 0.11991869918699187 0.011402508551881407 0.02439024390243902
1 0.5370581527936146 0.14939024390243905 0.015963511972634015 0.03048780487804878
1 0.5587229190421893 0.12195121951219512 0.011402508551881407 0.028455284552845517
1 0.5496009122006842 0.18800813008130082 0.01824401368301032 0.0467479674796748
1 0.5553021664766249 0.1636178861788618 0.015963511972634015 0.03861788617886178
1 0.5706955530216649 0.16056910569105692 0.014823261117445807 0.032520325203252015
1 0.5912200684150513 0.1758130081300813 0.017103762827822222 0.038617886178861804
1 0.5895096921322691 0.116869918699187 0.013683010262257711 0.03455284552845529
1 0.6066134549600912 0.14024390243902438 0.0136830102622576 0.03252032520325203
1 0.6111744583808438 0.09959349593495935 0.011402508551881407 0.028455284552845517
1 0.6436716077537058 0.11991869918699187 0.012542759407069504 0.02439024390243902
1 0.6368301026225769 0.14532520325203252 0.012542759407069615 0.02642276422764228
1 0.653363740022805 0.14939024390243902 0.015963511972633904 0.03455284552845528
1 0.6613454960091221 0.13109756097560976 0.013683010262257711 0.030487804878048766
1 0.6664766248574687 0.11483739837398374 0.014823261117445807 0.030487804878048794
1 0.6522234891676169 0.10670731707317074 0.011402508551881407 0.02235772357723577
1 0.6944127708095782 0.12296747967479674 0.013683010262257711 0.026422764227642268
1 0.7103762827822121 0.1290650406504065 0.011402508551881407 0.026422764227642268
1 0.5290763968072976 0.27134146341463417 0.02508551881413912 0.0508130081300813
1 0.5940706955530217 0.28760162601626016 0.02052451539338651 0.05081300813008127
1 0.6054732041049031 0.3099593495934959 0.029646522234891726 0.06707317073170732
1 0.6579247434435576 0.33943089430894313 0.029646522234891615 0.07723577235772355
1 0.6031927023945267 0.23577235772357724 0.02508551881413912 0.05284552845528456
1 0.6351197263397947 0.25101626016260165 0.022805017103762815 0.04674796747967483
1 0.6334093500570126 0.20630081300813008 0.019384264538198415 0.042682926829268275
1 0.6716077537058153 0.22459349593495934 0.020524515393386622 0.0548780487804878
1 0.6738882554161916 0.1798780487804878 0.018244013683010207 0.03861788617886178
1 0.7080957810718358 0.1798780487804878 0.018244013683010207 0.03861788617886178
1 0.7246294184720639 0.23170731707317074 0.02166476624857472 0.044715447154471566
1 0.693842645381984 0.39735772357723576 0.033067274800456126 0.07113821138211379
1 0.7457240592930445 0.17073170731707318 0.01824401368301032 0.04065040650406504
1 0.7599771949828962 0.13008130081300814 0.014823261117445807 0.040650406504065054
1 0.7702394526795895 0.14634146341463417 0.014823261117445807 0.03658536585365854
1 0.7862029646522235 0.14329268292682928 0.01710376282782211 0.034552845528455306
1 0.7816419612314709 0.18089430894308944 0.01710376282782211 0.04065040650406504
1 0.8010262257696694 0.2032520325203252 0.019384264538198415 0.05284552845528456
1 0.8021664766248575 0.16869918699186992 0.012542759407069615 0.028455284552845517
1 0.8187001140250856 0.19308943089430894 0.015963511972633904 0.04065040650406504
1 0.8369441277080958 0.17378048780487804 0.0136830102622576 0.03048780487804878
1 0.846636259977195 0.15955284552845528 0.012542759407069615 0.03048780487804878
1 0.855188141391106 0.1880081300813008 0.015963511972633904 0.0426829268292683
1 0.8460661345496009 0.2184959349593496 0.018244013683010207 0.0467479674796748
1 0.8204104903078677 0.25914634146341464 0.02166476624857472 0.05487804878048777
1 0.7805017103762828 0.2774390243902439 0.026225769669327326 0.06300813008130082
1 0.8181299885974915 0.36788617886178865 0.03534777651083243 0.06910569105691061
1 0.8454960091220068 0.2987804878048781 0.02850627137970352 0.06097560975609756
1 0.8774230330672748 0.2733739837398374 0.023945267958951022 0.054878048780487826
1 0.8893956670467502 0.2266260162601626 0.01824401368301032 0.042682926829268275
1 0.87115165336374 0.18597560975609756 0.013683010262257711 0.03048780487804878
1 0.8751425313568986 0.1646341463414634 0.012542759407069615 0.02439024390243902
1 0.8802736602052452 0.15142276422764228 0.013683010262257711 0.02642276422764228
1 0.9002280501710376 0.19613821138211382 0.017103762827822222 0.038617886178861804
1 0.9218928164196123 0.18089430894308944 0.012542759407069504 0.03658536585365854
1 0.9304446978335233 0.2784552845528455 0.022805017103762815 0.04878048780487804
1 0.9150513112884835 0.33434959349593496 0.023945267958951022 0.05081300813008127
1 0.9150513112884835 0.3983739837398374 0.02850627137970352 0.07317073170731703
1 0.9264538198403649 0.23983739837398377 0.01710376282782211 0.04065040650406507
1 0.9401368301026226 0.23373983739837398 0.01710376282782211 0.036585365853658514
1 0.9555302166476625 0.18597560975609756 0.015963511972634015 0.038617886178861804
1 0.6870011402508551 0.2815040650406504 0.02850627137970363 0.05081300813008127
