1 0.1926514399205561 0.3395390070921986 0.041708043694140995 0.07624113475177308
1 0.27060575968222444 0.22606382978723405 0.016881827209533296 0.03723404255319149
1 0.32075471698113206 0.2473404255319149 0.019860973187686204 0.04078014184397166
1 0.3371400198609732 0.20124113475177305 0.01688182720953324 0.03368794326241137
1 0.3530287984111221 0.20124113475177305 0.014895729890764653 0.026595744680851074
1 0.3669314796425025 0.20656028368794327 0.014895729890764653 0.03368794326241134
1 0.3768619662363456 0.18528368794326242 0.01290963257199601 0.03014184397163122
1 0.39821251241310823 0.17641843971631205 0.01787487586891756 0.030141843971631194
1 0.42452830188679247 0.15336879432624112 0.014895729890764653 0.030141843971631194
1 0.41956305858987086 0.19237588652482268 0.014895729890764653 0.026595744680851047
1 0.4185700099304866 0.2225177304964539 0.018867924528301883 0.03723404255319149
1 0.4086395233366435 0.27393617021276595 0.018867924528301883 0.037234042553191515
1 0.44190665342601787 0.2198581560283688 0.01787487586891756 0.03900709219858156
1 0.45928500496524327 0.13918439716312056 0.010923535253227368 0.023049645390070927
1 0.47964250248262164 0.15159574468085107 0.013902681231380332 0.026595744680851047
1 0.47070506454816285 0.18617021276595744 0.01787487586891756 0.035460992907801414
1 0.4826216484607746 0.2393617021276596 0.019860973187686204 0.04255319148936171
1 0.5 0.19946808510638298 0.01688182720953324 0.03368794326241134
1 0.5143992055610724 0.17553191489361702 0.013902681231380387 0.02836879432624112
1 0.5342601787487586 0.2074468085106383 0.019860973187686204 0.03900709219858156
1 0.5034756703078451 0.149822695035461 0.011916583912611689 0.023049645390070927
1 0.49205561072492554 0.13297872340425532 0.00893743793445878 0.014184397163120588
1 0.5034756703078451 0.1320921985815603 0.00794438927507446 0.015957446808510647
1 0.5158887785501489 0.1347517730496454 0.010923535253227423 0.02127659574468084
1 0.5307845084409135 0.14095744680851063 0.012909632571996066 0.023049645390070927
1 0.5461767626613705 0.14450354609929078 0.011916583912611745 0.03014184397163122
1 0.5561072492552135 0.14184397163120566 0.009930486593843102 0.021276595744680854
1 0.5794438927507448 0.18617021276595744 0.01688182720953324 0.03191489361702127
1 0.5749751737835154 0.1382978723404255 0.011916583912611745 0.024822695035461
1 0.5829195630585899 0.12145390070921985 0.011916583912611745 0.01950354609929078
1 0.5923535253227408 0.13918439716312056 0.014895729890764708 0.030141843971631208
1 0.6067527308838133 0.11524822695035461 0.011916583912611634 0.02127659574468084
1 0.6142005958291956 0.10992907801418439 0.010923535253227423 0.01773049645390072
1 0.631578947368421 0.10372340425531915 0.011916583912611745 0.01950354609929078
1 0.6266137040714994 0.11524822695035461 0.009930486593843102 0.02127659574468084
1 0.6176762661370407 0.1374113475177305 0.011916583912611745 0.02659574468085106
1 0.6161866931479643 0.16932624113475175 0.014895729890764597 0.030141843971631194
1 0.6499503475670307 0.14095744680851063 0.012909632571996066 0.03014184397163122
1 0.6509433962264151 0.10726950354609929 0.010923535253227423 0.01950354609929078
1 0.663356504468719 0.11613475177304963 0.011916583912611634 0.030141843971631208
1 0.6832174776564052 0.12322695035460993 0.011916583912611634 0.030141843971631208
1 0.7075471698113207 0.11436170212765956 0.010923535253227423 0.023049645390070914
1 0.7229394240317775 0.1400709219858156 0.011916583912611745 0.024822695035461
1 0.7015888778550149 0.16843971631205673 0.010923535253227312 0.021276595744680854
1 0.6981132075471699 0.1950354609929078 0.01588877855014903 0.03900709219858156
1 0.6583912611717975 0.18262411347517732 0.013902681231380387 0.028368794326241148
1 0.6673286991062563 0.2171985815602837 0.019860973187686204 0.03368794326241134
1 0.6226415094339622 0.2127659574468085 0.01588877855014892 0.035460992907801414
1 0.628103277060576 0.2624113475177305 0.018867924528301883 0.04609929078014183
1 0.6628599801390268 0.2712765957446809 0.018867924528301883 0.049645390070922
1 0.5719960278053624 0.2801418439716312 0.021847070506454735 0.049645390070922
1 0.5650446871896723 0.2650709219858156 0.01787487586891756 0.03368794326241134
1 0.7229394240317776 0.2828014184397163 0.021847070506454846 0.047872340425531956
1 0.7591857000993049 0.26063829787234044 0.01688182720953324 0.04255319148936168
1 0.7929493545183715 0.28634751773049644 0.020854021847070414 0.054964539007092195
1 0.8426017874875869 0.3014184397163121 0.020854021847070525 0.049645390070922
1 0.8872889771598809 0.32180851063829785 0.022840119165839168 0.054964539007092195
1 0.9106256206554121 0.2792553191489362 0.01787487586891756 0.047872340425531956
1 0.8555114200595829 0.2579787234042553 0.020854021847070525 0.04432624113475178
1 0.8376365441906654 0.2349290780141844 0.012909632571995955 0.03723404255319149
1 0.7835153922542204 0.2127659574468085 0.01588877855014903 0.03191489361702127
1 0.7492552135054618 0.21985815602836878 0.01688182720953324 0.031914893617021295
1 0.7413108242303873 0.18262411347517732 0.012909632571995955 0.024822695035461
1 0.756206554121152 0.15780141843971632 0.014895729890764708 0.02836879432624112
1 0.7711022840119166 0.13297872340425532 0.012909632571996066 0.02836879432624112
1 0.7909632571996028 0.15514184397163122 0.012909632571996066 0.030141843971631194
1 0.8018867924528301 0.15070921985815605 0.00893743793445878 0.017730496453900707
1 0.813803376365442 0.14361702127659576 0.012909632571996066 0.024822695035461
1 0.820754716981132 0.17198581560283688 0.010923535253227423 0.02836879432624112
1 0.8321747765640517 0.15691489361702127 0.013902681231380387 0.030141843971631194
1 0.8465739821251241 0.15425531914893617 0.010923535253227312 0.024822695035460973
1 0.8361469712015889 0.19237588652482268 0.013902681231380276 0.030141843971631194
1 0.8530287984111222 0.19326241134751773 0.011916583912611745 0.02836879432624112
1 0.8649453823237339 0.174645390070922 0.013902681231380276 0.03368794326241134
1 0.8793445878848063 0.1524822695035461 0.010923535253227423 0.024822695035460973
1 0.9046673286991063 0.16312056737588654 0.009930486593843102 0.024822695035461
1 0.8922542204568025 0.20301418439716312 0.012909632571996066 0.03368794326241137
1 0.8992055610724925 0.18351063829787234 0.010923535253227423 0.026595744680851074
1 0.9349553128103276 0.17641843971631205 0.010923535253227423 0.026595744680851047
1 0.9280039721946376 0.20656028368794327 0.010923535253227423 0.023049645390070927
1 0.9414101290963257 0.21010638297872342 0.011916583912611634 0.0230496453900709
1 0.9205561072492552 0.2349290780141844 0.011916583912611745 0.030141843971631194
1 0.9409136047666335 0.25886524822695034 0.01688182720953324 0.049645390070922
