1 0.061818181818181814 0.35209003215434087 0.047272727272727265 0.07395498392282956
1 0.13818181818181818 0.387459807073955 0.03272727272727273 0.06109324758842444
1 0.13 0.33922829581993574 0.038181818181818164 0.06109324758842444
1 0.1990909090909091 0.40353697749196143 0.049090909090909074 0.09967845659163987
1 0.2272727272727273 0.37942122186495175 0.04000000000000001 0.08360128617363344
1 0.28363636363636363 0.3633440514469453 0.040000000000000036 0.07717041800643087
1 0.2545454545454545 0.32315112540192925 0.02181818181818182 0.04823151125401931
1 0.3418181818181818 0.37138263665594856 0.05818181818181817 0.09967845659163987
1 0.3718181818181818 0.34887459807073956 0.023636363636363622 0.054662379421221874
1 0.38363636363636366 0.32636655948553056 0.018181818181818132 0.04180064308681675
1 0.4127272727272727 0.37299035369774924 0.047272727272727244 0.08360128617363344
1 0.4581818181818182 0.3842443729903537 0.040000000000000036 0.08038585209003213
1 0.4518181818181818 0.31832797427652737 0.023636363636363622 0.051446945337620564
1 0.5245454545454546 0.3311897106109325 0.034545454545454546 0.06430868167202569
1 0.5054545454545454 0.33440514469453375 0.014545454545454528 0.045016077170418
1 0.47909090909090907 0.3327974276527331 0.016363636363636358 0.04180064308681675
1 0.4209090909090909 0.33440514469453375 0.012727272727272698 0.03858520900321544
1 0.40909090909090906 0.32315112540192925 0.018181818181818132 0.04180064308681675
1 0.5554545454545454 0.3311897106109325 0.016363636363636358 0.03858520900321544
1 0.5727272727272728 0.3247588424437299 0.025454545454545396 0.05787781350482318
1 0.5954545454545455 0.3327974276527331 0.020000000000000018 0.04180064308681675
1 0.6490909090909092 0.3762057877813505 0.05818181818181822 0.12218649517684887
1 0.6890909090909091 0.34565916398713825 0.032727272727272716 0.08681672025723475
1 0.7181818181818183 0.3327974276527331 0.018181818181818188 0.048231511254019255
1 0.7481818181818182 0.32958199356913187 0.020000000000000018 0.04180064308681669
1 0.8790909090909091 0.2347266881028939 0.034545454545454546 0.07073954983922831
