1 0.1671875 0.5506912442396313 0.10937499999999999 0.15207373271889396
1 0.1421875 0.41935483870967744 0.07187500000000001 0.10138248847926268
1 0.29765625 0.4182027649769585 0.06406250000000002 0.10368663594470046
1 0.38984375000000004 0.5299539170506913 0.08906249999999999 0.14746543778801846
1 0.475 0.5138248847926268 0.06562499999999999 0.11981566820276501
1 0.42265625 0.39746543778801846 0.0546875 0.08064516129032256
1 0.40078125 0.8732718894009217 0.2140625 0.23502304147465447
1 0.7015625 0.6601382488479263 0.11250000000000004 0.17741935483870974
1 0.58515625 0.43663594470046085 0.06718750000000007 0.09447004608294934
1 0.61015625 0.20852534562211983 0.06718750000000007 0.08986175115207373
1 0.73828125 0.49193548387096775 0.07968749999999991 0.12211981566820279
1 0.76875 0.4642857142857143 0.05937500000000007 0.10829493087557607
