1 0.33847850055126794 0.1875 0.017640573318632835 0.037698412698412676
1 0.3974641675854465 0.16269841269841268 0.016538037486218293 0.03968253968253968
1 0.5733186328555677 0.12797619047619047 0.013230429988974612 0.0376984126984127
1 0.38974641675854466 0.21825396825396826 0.02535832414553474 0.047619047619047616
1 0.41289966923925026 0.2261904761904762 0.018743109151047432 0.04365079365079366
1 0.44487320837927236 0.23412698412698413 0.0231532524807056 0.03968253968253968
1 0.5121278941565601 0.19543650793650794 0.016538037486218293 0.049603174603174593
1 0.5507166482910695 0.19246031746031744 0.016538037486218293 0.0515873015873016
1 0.6218302094818082 0.26587301587301587 0.02866593164277831 0.06349206349206349
1 0.7850055126791621 0.2232142857142857 0.019845644983461863 0.053571428571428575
1 0.8076074972436604 0.2718253968253968 0.023153252480705655 0.05555555555555555
1 0.9211686879823594 0.2609126984126984 0.02094818081587646 0.04563492063492064
1 0.9404630650496141 0.2003968253968254 0.01764057331863289 0.035714285714285726
