1 0.5186839967506093 0.2165021156558533 0.023558082859463925 0.04654442877291959
1 0.5475223395613322 0.20310296191819463 0.022745735174654724 0.03949224259520451
1 0.5357432981316004 0.17983074753173484 0.018683996750609277 0.03244005641748943
1 0.5800162469536962 0.10437235543018336 0.022745735174654835 0.036671368124118475
1 0.6015434606011373 0.09026798307475317 0.015434606011372809 0.028208744710860365
1 0.45491470349309504 0.1008462623413258 0.01624695369618201 0.03526093088857546
1 0.3785540211210398 0.11777150916784204 0.01462225832656372 0.03526093088857547
1 0.33265637692932576 0.15303244005641747 0.018683996750609277 0.0324400564174894
1 0.26157595450852966 0.19605077574047955 0.022745735174654724 0.036671368124118475
1 0.11129163281884646 0.2997179125528914 0.02437043054427296 0.040902679830747524
1 0.10194963444354183 0.34132581100141046 0.023558082859463855 0.03949224259520451
1 0.1636880584890333 0.30465444287729193 0.020308692120227456 0.04231311706629054
1 0.23923639317627945 0.4203102961918195 0.044679122664500415 0.07334273624823695
1 0.21283509341998375 0.22849083215796898 0.016246953696181954 0.036671368124118475
