1 0.18 0.8258258258258258 0.136 0.20420420420420415
1 0.10300000000000001 0.56006006006006 0.07 0.10510510510510507
1 0.185 0.36486486486486486 0.04199999999999998 0.06306306306306309
1 0.23299999999999998 0.37537537537537535 0.038000000000000006 0.05405405405405406
1 0.249 0.33183183183183185 0.034 0.03903903903903905
1 0.304 0.34534534534534533 0.028000000000000025 0.048048048048048075
1 0.352 0.34234234234234234 0.02799999999999997 0.05405405405405406
1 0.374 0.3963963963963964 0.03200000000000003 0.06606606606606602
1 0.41300000000000003 0.46846846846846846 0.07 0.11411411411411415
1 0.43000000000000005 0.39789789789789787 0.06 0.0750750750750751
1 0.41600000000000004 0.3408408408408409 0.035999999999999976 0.05705705705705705
1 0.444 0.2642642642642643 0.02400000000000002 0.04204204204204204
1 0.493 0.34234234234234234 0.03400000000000003 0.07207207207207211
1 0.565 0.3288288288288288 0.04599999999999993 0.06306306306306303
1 0.5780000000000001 0.3813813813813814 0.051999999999999935 0.09009009009009006
1 0.628 0.34984984984984985 0.04800000000000004 0.08708708708708712
1 0.63 0.2987987987987988 0.03600000000000003 0.05705705705705705
1 0.728 0.31681681681681684 0.03600000000000003 0.05705705705705705
1 0.575 0.5840840840840841 0.10599999999999998 0.15915915915915924
1 0.748 0.4129129129129129 0.052000000000000046 0.1111111111111111
1 0.78 0.3633633633633634 0.05600000000000005 0.08408408408408413
1 0.892 0.45495495495495497 0.08800000000000008 0.14114114114114118
1 0.952 0.37537537537537535 0.06399999999999995 0.10810810810810811
1 0.802 0.5825825825825826 0.124 0.18018018018018023
