1 0.9208194905869325 0.17092337917485265 0.01882613510520481 0.051080550098231814
1 0.9462901439645626 0.1905697445972495 0.012181616832779518 0.035363457760314354
1 0.7967884828349945 0.2151277013752456 0.01882613510520481 0.04518664047151277
1 0.8183831672203765 0.22986247544204322 0.02214839424141757 0.051080550098231814
1 0.6090808416389812 0.2455795677799607 0.022148394241417457 0.05108055009823184
1 0.5276854928017718 0.13752455795677798 0.018826135105204922 0.043222003929273084
1 0.5775193798449612 0.12770137524557956 0.01218161683277963 0.027504911591355596
1 0.4678848283499446 0.15225933202357564 0.012181616832779574 0.025540275049115935
1 0.4905869324473976 0.1581532416502947 0.011074197120708729 0.029469548133595286
1 0.4053156146179402 0.19842829076620824 0.022148394241417513 0.05500982318271119
1 0.36157253599114064 0.2269155206286837 0.021040974529346612 0.049115913555992124
