1 0.052385406922357346 0.3801652892561983 0.02993451824134706 0.05289256198347109
1 0.27362020579981294 0.2652892561983471 0.01777362020579981 0.0347107438016529
1 0.26192703461178674 0.25041322314049586 0.014967259120673537 0.031404958677685973
1 0.3129092609915809 0.24793388429752067 0.021515434985968196 0.04628099173553715
1 0.3484565014031805 0.25950413223140495 0.01777362020579981 0.03305785123966942
1 0.3302151543498597 0.21487603305785125 0.013096351730589373 0.02975206611570247
1 0.3545369504209541 0.22644628099173553 0.01870907390084192 0.029752066115702497
1 0.36155285313376984 0.2892561983471074 0.01777362020579981 0.02975206611570247
1 0.3854069223573433 0.2909090909090909 0.020579981290926086 0.036363636363636376
1 0.39429373246024324 0.2231404958677686 0.01590271281571559 0.03305785123966942
1 0.3844714686623012 0.1859504132231405 0.013096351730589373 0.031404958677685946
1 0.40551917680074834 0.1793388429752066 0.012160898035547263 0.028099173553718992
1 0.4438727782974743 0.23305785123966943 0.02338634237605236 0.036363636363636376
1 0.47287184284377926 0.23140495867768596 0.01964452759588403 0.03966942148760333
1 0.4583723105706268 0.15206611570247935 0.0168381665107577 0.019834710743801637
1 0.5028063610851263 0.13553719008264464 0.010289990645463043 0.026446280991735543
1 0.5851262862488307 0.16942148760330578 0.017773620205799867 0.02809917355371902
1 0.5659494855004678 0.11983471074380164 0.013096351730589317 0.03140495867768593
1 0.5037418147801684 0.2983471074380165 0.023386342376052416 0.044628099173553704
1 0.5724976613657624 0.30165289256198347 0.022450888681010306 0.054545454545454564
1 0.6220767072029934 0.30330578512396694 0.022450888681010306 0.054545454545454564
1 0.5650140318054255 0.2396694214876033 0.022450888681010306 0.04628099173553718
1 0.5210477081384471 0.22892561983471074 0.024321796071094415 0.03801652892561985
1 0.6211412535079514 0.243801652892562 0.018709073900841977 0.047933884297520685
1 0.6590271281571563 0.2859504132231405 0.025257249766136525 0.04628099173553718
1 0.704864359214219 0.2892561983471075 0.023386342376052416 0.049586776859504134
1 0.7712815715622077 0.29421487603305785 0.021515434985968196 0.046280991735537236
1 0.8419083255378859 0.32644628099173556 0.018709073900841977 0.05454545454545451
1 0.862020579981291 0.23966942148760328 0.017773620205799756 0.03636363636363635
1 0.7581852198316184 0.23884297520661157 0.017773620205799867 0.038016528925619825
1 0.7291861552853134 0.23140495867768596 0.017773620205799867 0.036363636363636376
1 0.8274087932647334 0.2115702479338843 0.014031805425631427 0.03305785123966942
1 0.656688493919551 0.21735537190082643 0.020579981290926086 0.03471074380165287
1 0.6239476145930776 0.20413223140495868 0.018709073900841866 0.031404958677685946
1 0.6197380729653882 0.1462809917355372 0.014031805425631427 0.024793388429752067
1 0.6005612722170253 0.14793388429752066 0.013096351730589317 0.028099173553718992
1 0.5533208606173994 0.16033057851239668 0.015902712815715536 0.029752066115702497
1 0.5346117867165575 0.1669421487603306 0.015902712815715647 0.02314049586776859
1 0.5144995322731525 0.19008264462809915 0.016838166510757757 0.02314049586776859
1 0.4808231992516371 0.19669421487603306 0.0168381665107577 0.02975206611570247
1 0.44527595884003746 0.19173553719008263 0.0168381665107577 0.029752066115702497
1 0.6749298409728719 0.11983471074380166 0.015902712815715536 0.02809917355371902
1 0.6482694106641721 0.11983471074380166 0.016838166510757757 0.024793388429752067
1 0.6407857811038353 0.14132231404958678 0.014967259120673537 0.024793388429752067
1 0.6108512628624883 0.1190082644628099 0.011225444340505208 0.01983471074380165
1 0.7385406922357343 0.11570247933884298 0.012160898035547318 0.03305785123966942
1 0.7212347988774556 0.17107438016528925 0.013096351730589317 0.024793388429752067
1 0.6978484565014031 0.18181818181818182 0.016838166510757757 0.03305785123966942
1 0.6618334892422825 0.1859504132231405 0.012160898035547207 0.02809917355371902
1 0.7310570626753976 0.19752066115702477 0.017773620205799756 0.024793388429752067
1 0.7525724976613657 0.13636363636363635 0.012160898035547318 0.021487603305785113
1 0.764265668849392 0.12975206611570247 0.013096351730589317 0.021487603305785127
1 0.764265668849392 0.1669421487603306 0.014967259120673537 0.03636363636363635
1 0.7899906454630495 0.16363636363636364 0.014031805425631427 0.03305785123966942
1 0.7792329279700655 0.14628099173553719 0.011225444340505097 0.031404958677685946
1 0.8550046772684752 0.16611570247933882 0.011225444340505208 0.038016528925619825
1 0.921889616463985 0.2619834710743802 0.015902712815715647 0.047933884297520685
1 0.8896164639850328 0.20661157024793386 0.016838166510757646 0.042975206611570255
1 0.882600561272217 0.16611570247933882 0.015902712815715536 0.038016528925619825
1 0.8956969130028063 0.1652892561983471 0.010289990645463098 0.0396694214876033
1 0.9036482694106642 0.19421487603305787 0.011225444340505208 0.02809917355371902
1 0.8409728718428437 0.20082644628099172 0.013096351730589317 0.02809917355371902
1 0.9083255378858747 0.23636363636363636 0.013096351730589317 0.039669421487603274
1 0.765668849391955 0.2140495867768595 0.021515434985968196 0.04793388429752066
1 0.568755846585594 0.15702479338842976 0.013096351730589317 0.02975206611570247
1 0.33489242282507015 0.256198347107438 0.0168381665107577 0.03636363636363635
1 0.47380729653882137 0.171900826446281 0.01590271281571559 0.03305785123966942
1 0.8386342376052385 0.15454545454545454 0.015902712815715536 0.031404958677685946
1 0.7076707202993452 0.15371900826446283 0.012160898035547207 0.02314049586776859
1 0.695509822263798 0.15702479338842976 0.015902712815715647 0.036363636363636376
1 0.5954162768942938 0.12892561983471074 0.014031805425631427 0.026446280991735543
