1 0.032940019665683384 0.2946273830155979 0.018682399213372662 0.034662045060658564
1 0.2281219272369715 0.16724436741767765 0.017699115044247787 0.03986135181975736
1 0.28269419862340217 0.2261698440207972 0.020648967551622432 0.04332755632582322
1 0.33972468043264503 0.207105719237435 0.01868239921337267 0.04332755632582325
1 0.36529006882989185 0.22616984402079723 0.022615535889872196 0.03986135181975736
1 0.38446411012782694 0.2045060658578856 0.017699115044247815 0.04159445407279028
1 0.4026548672566372 0.231369150779896 0.022615535889872196 0.03986135181975736
1 0.4370698131760079 0.21230502599653378 0.02261553588987214 0.05025996533795493
1 0.4690265486725664 0.18977469670710573 0.015732546705997996 0.03292894280762565
1 0.4164208456243854 0.1490467937608319 0.014749262536873198 0.031195840554592708
1 0.44542772861356933 0.14124783362218368 0.013765978367748288 0.029462738301559793
1 0.464110127826942 0.15251299826689774 0.019665683382497523 0.03812824956672442
1 0.49065880039331367 0.1611785095320624 0.017699115044247815 0.034662045060658564
1 0.4832841691248771 0.13258232235701906 0.01868239921337267 0.032928942807625636
1 0.5550639134709932 0.17764298093587522 0.020648967551622488 0.046793760831889075
1 0.5825958702064897 0.04592720970537262 0.01671583087512285 0.029462738301559793
1 0.6066863323500491 0.12218370883882149 0.017699115044247704 0.03986135181975736
1 0.615535889872173 0.10658578856152513 0.013765978367748288 0.025996533795493937
1 0.6420845624385447 0.10398613518197575 0.013765978367748288 0.027729636048526865
1 0.655850540806293 0.10311958405545928 0.01179941002949847 0.029462738301559793
1 0.5963618485742379 0.23050259965337955 0.024582104228121904 0.04506065857885613
1 0.6238938053097345 0.2322357019064125 0.026548672566371723 0.058925476603119586
1 0.6597836774827925 0.23310225303292895 0.027531956735496577 0.046793760831889075
1 0.6966568338249755 0.1655112651646447 0.020648967551622377 0.03986135181975736
1 0.7330383480825959 0.1611785095320624 0.020648967551622488 0.04159445407279028
1 0.7335299901671584 0.1438474870017331 0.013765978367748288 0.031195840554592708
1 0.7281219272369714 0.2270363951473137 0.024582104228121904 0.04852686308492199
1 0.7915437561455261 0.31022530329289427 0.029498525073746285 0.06932409012131713
1 0.9085545722713865 0.3483535528596187 0.027531956735496577 0.06932409012131713
1 0.8554572271386431 0.20363951473136915 0.015732546705997996 0.04332755632582322
1 0.887905604719764 0.2365684575389948 0.021632251720747342 0.0467937608318891
1 0.8888888888888888 0.20537261698440207 0.015732546705997996 0.03292894280762565
1 0.8726647000983284 0.16637781629116116 0.012782694198623323 0.03812824956672442
1 0.8997050147492625 0.18110918544194107 0.013765978367748288 0.03986135181975736
1 0.9223205506391348 0.23830155979202772 0.025565388397246758 0.0467937608318891
1 0.9149459193706981 0.3006932409012132 0.024582104228122015 0.05372616984402079
1 0.9277286135693216 0.2027729636048527 0.01868239921337267 0.03812824956672442
1 0.9365781710914454 0.20190641247833624 0.012782694198623434 0.029462738301559793
1 0.9444444444444444 0.11438474870017332 0.014749262536873142 0.03812824956672445
