1 0.08711507293354943 0.5579831932773109 0.04619124797406807 0.1075630252100841
1 0.19327390599675853 0.27983193277310925 0.017017828200972446 0.04537815126050421
1 0.21515397082658022 0.2932773109243697 0.02025931928687197 0.04537815126050421
1 0.2560777957860616 0.24369747899159663 0.017828200972447333 0.04369747899159665
1 0.29578606158833065 0.24705882352941178 0.016207455429497586 0.04033613445378151
1 0.29578606158833065 0.21008403361344538 0.01458670988654781 0.04369747899159665
1 0.31280388978930307 0.23781512605042016 0.016207455429497586 0.04873949579831935
1 0.336709886547812 0.22016806722689075 0.018638573743922193 0.04369747899159665
1 0.353322528363047 0.2705882352941177 0.01944894651539708 0.047058823529411764
1 0.38087520259319285 0.24369747899159663 0.016207455429497586 0.04369747899159665
1 0.35372771474878445 0.20504201680672268 0.018638573743922193 0.04369747899159665
1 0.3796596434359806 0.1957983193277311 0.017017828200972474 0.03529411764705881
1 0.42098865478119935 0.19915966386554623 0.017017828200972418 0.03529411764705884
1 0.423419773095624 0.31092436974789917 0.018638573743922193 0.050420168067226934
1 0.4145056726094003 0.16974789915966387 0.010534846029173373 0.030252100840336138
1 0.4315235008103728 0.16974789915966387 0.017017828200972418 0.030252100840336138
1 0.4517828200972447 0.16050420168067225 0.015397082658022698 0.03529411764705884
1 0.48338735818476497 0.16554621848739498 0.015397082658022698 0.03865546218487395
1 0.4825769854132901 0.21596638655462186 0.013776337115072923 0.04537815126050421
1 0.4623176661264181 0.24789915966386555 0.023500810372771463 0.04873949579831929
1 0.5421393841166937 0.2218487394957983 0.01620745542949753 0.036974789915966394
1 0.5081037277147488 0.173109243697479 0.017828200972447306 0.04369747899159665
1 0.5449756888168558 0.16050420168067228 0.013776337115072979 0.031932773109243695
1 0.56645056726094 0.20336134453781513 0.01620745542949753 0.03361344537815125
1 0.6118314424635332 0.20168067226890757 0.014586709886547866 0.03361344537815125
1 0.5648298217179903 0.1403361344537815 0.012965964343598091 0.025210084033613467
1 0.5449756888168558 0.13865546218487396 0.013776337115072979 0.03193277310924371
1 0.5854943273905997 0.12436974789915967 0.012155591572123203 0.03361344537815125
1 0.6017017828200972 0.18571428571428572 0.013776337115072979 0.03865546218487395
1 0.5964343598055106 0.15714285714285714 0.012965964343598091 0.02857142857142858
1 0.6219611021069692 0.13277310924369748 0.012155591572123203 0.030252100840336138
1 0.6478930307941653 0.1495798319327731 0.013776337115072868 0.030252100840336138
1 0.6499189627228525 0.1865546218487395 0.014586709886547866 0.030252100840336138
1 0.6572123176661264 0.13865546218487396 0.011345218800648205 0.03193277310924371
1 0.6782820097244733 0.16974789915966387 0.01620745542949753 0.04033613445378151
1 0.6803079416531604 0.13865546218487396 0.012155591572123203 0.03193277310924371
1 0.6985413290113451 0.16806722689075632 0.012965964343598091 0.03361344537815128
1 0.6855753646677472 0.21680672268907564 0.01620745542949753 0.04033613445378151
1 0.6049432739059968 0.292436974789916 0.021880064829821744 0.060504201680672276
1 0.6559967585089141 0.25126050420168067 0.018638573743922193 0.05210084033613446
1 0.5644246353322528 0.3453781512605042 0.021880064829821633 0.05882352941176472
1 0.5992706645056727 0.36638655462184877 0.021880064829821744 0.05042016806722688
1 0.6482982171799028 0.42016806722689076 0.024311183144246407 0.06386554621848739
1 0.7196110210696921 0.4218487394957983 0.01944894651539708 0.060504201680672276
1 0.7771474878444085 0.4521008403361344 0.02917341977309562 0.0773109243697479
1 0.8557536466774716 0.4957983193277311 0.02917341977309562 0.07394957983193279
1 0.869935170178282 0.4184873949579832 0.02350081037277152 0.06386554621848739
1 0.9651539708265802 0.4605042016806723 0.02269043760129652 0.06386554621848745
1 0.9461102106969206 0.3873949579831933 0.01701782820097253 0.055462184873949605
1 0.9205834683954619 0.3596638655462185 0.01944894651539708 0.06386554621848739
1 0.8646677471636953 0.31932773109243695 0.017828200972447306 0.047058823529411764
1 0.853322528363047 0.3773109243697479 0.021069692058346856 0.04537815126050421
1 0.8055105348460292 0.3050420168067227 0.021069692058346856 0.05546218487394955
1 0.7386547811993518 0.3016806722689076 0.018638573743922193 0.04873949579831932
1 0.7139384116693679 0.2630252100840336 0.017828200972447306 0.04537815126050418
1 0.7281199351701784 0.2411764705882353 0.018638573743922193 0.04873949579831932
1 0.7414910858995138 0.20252100840336135 0.01620745542949764 0.031932773109243695
1 0.7609400324149109 0.1899159663865546 0.014586709886547866 0.03361344537815125
1 0.780388978930308 0.21764705882352942 0.014586709886547866 0.03865546218487395
1 0.7852512155591572 0.2630252100840336 0.01620745542949753 0.042016806722689065
1 0.8030794165316045 0.19327731092436973 0.01296596434359798 0.036974789915966394
1 0.8103727714748785 0.22941176470588237 0.014586709886547866 0.03865546218487395
1 0.823743922204214 0.21680672268907564 0.013776337115072868 0.04033613445378151
1 0.8618314424635332 0.23781512605042018 0.013776337115072868 0.04537815126050421
1 0.8853322528363048 0.2857142857142857 0.018638573743922193 0.05042016806722688
1 0.8950567260940032 0.26218487394957984 0.013776337115072979 0.036974789915966394
1 0.8987034035656403 0.2319327731092437 0.014586709886547866 0.036974789915966394
1 0.923419773095624 0.2747899159663866 0.012155591572123203 0.04201680672268909
1 0.9457050243111831 0.25126050420168067 0.011345218800648316 0.03529411764705881
1 0.9777147487844409 0.26134453781512607 0.013776337115072979 0.03865546218487395
1 0.9679902755267422 0.3739495798319328 0.015397082658022643 0.04201680672268904
1 0.9671799027552674 0.3344537815126051 0.013776337115072979 0.03697478991596642
1 0.9679902755267423 0.30756302521008405 0.013776337115072979 0.030252100840336138
