1 0.18607954545454547 0.3422818791946309 0.044507575757575774 0.08053691275167785
1 0.3006628787878788 0.24412751677852348 0.029356060606060608 0.05536912751677853
1 0.3759469696969697 0.21476510067114093 0.018939393939393978 0.03355704697986578
1 0.3783143939393939 0.1854026845637584 0.017992424242424254 0.035234899328859065
1 0.421875 0.1929530201342282 0.021780303030302983 0.040268456375838924
1 0.412405303030303 0.22483221476510068 0.017992424242424254 0.03691275167785235
1 0.3868371212121212 0.276006711409396 0.027462121212121215 0.038590604026845665
1 0.4408143939393939 0.24664429530201343 0.02178030303030304 0.03355704697986575
1 0.4777462121212121 0.2307046979865772 0.019886363636363646 0.04194630872483224
1 0.4446022727272727 0.1837248322147651 0.016098484848484862 0.02516778523489932
1 0.4744318181818182 0.16778523489932887 0.017045454545454586 0.03355704697986578
1 0.5127840909090909 0.200503355704698 0.021780303030302983 0.04530201342281881
1 0.5331439393939394 0.20469798657718122 0.02083333333333337 0.040268456375838924
1 0.5639204545454546 0.07802013422818792 0.012310606060606077 0.02516778523489932
1 0.5724431818181819 0.13842281879194632 0.012310606060606077 0.02516778523489932
1 0.6003787878787878 0.2516778523489933 0.02083333333333337 0.05033557046979867
1 0.6278409090909092 0.2600671140939597 0.02651515151515149 0.05369127516778524
1 0.609375 0.31208053691275167 0.035037878787878896 0.06375838926174493
1 0.6671401515151516 0.1669463087248322 0.019886363636363646 0.04865771812080538
1 0.7012310606060606 0.20553691275167785 0.0179924242424242 0.03859060402684564
1 0.7017045454545454 0.17281879194630873 0.015151515151515138 0.03355704697986578
1 0.7305871212121212 0.18288590604026844 0.016098484848484862 0.036912751677852323
1 0.7410037878787878 0.1552013422818792 0.012310606060606077 0.02852348993288592
1 0.7580492424242424 0.174496644295302 0.014204545454545414 0.03355704697986578
1 0.7760416666666667 0.15687919463087246 0.014204545454545525 0.035234899328859065
1 0.7926136363636364 0.17197986577181207 0.015151515151515138 0.03187919463087249
1 0.7722537878787878 0.1971476510067114 0.014204545454545414 0.035234899328859065
1 0.7452651515151515 0.21057046979865773 0.017045454545454586 0.04194630872483221
1 0.7897727272727273 0.2273489932885906 0.018939393939393923 0.04194630872483221
1 0.7234848484848484 0.2919463087248322 0.02651515151515149 0.06040268456375836
1 0.8196022727272727 0.2818791946308725 0.021780303030302983 0.05369127516778521
1 0.8664772727272727 0.2936241610738255 0.02083333333333337 0.057046979865771785
1 0.9038825757575757 0.29446308724832215 0.019886363636363646 0.04530201342281881
1 0.9043560606060606 0.22315436241610737 0.017045454545454475 0.043624161073825524
1 0.9294507575757576 0.2441275167785235 0.012310606060605966 0.04194630872483221
1 0.9332386363636364 0.22483221476510068 0.014204545454545414 0.03691275167785235
