1 0.2282608695652174 0.5016722408026756 0.04442344045368621 0.08695652173913043
1 0.3123818525519849 0.2617056856187291 0.01795841209829868 0.03511705685618727
1 0.3331758034026465 0.27842809364548493 0.019848771266540666 0.04180602006688966
1 0.3870510396975425 0.201505016722408 0.019848771266540666 0.035117056856187295
1 0.42863894139886577 0.2801003344481605 0.021739130434782594 0.048494983277591996
1 0.4229678638941399 0.22408026755852845 0.016068052930056698 0.03678929765886288
1 0.44187145557655955 0.23411371237458195 0.021739130434782594 0.03678929765886288
1 0.444234404536862 0.19565217391304346 0.01701323251417769 0.03678929765886288
1 0.43620037807183365 0.1697324414715719 0.016068052930056753 0.03511705685618727
1 0.45179584120982985 0.15802675585284282 0.013232514177693777 0.02842809364548496
1 0.4725897920604915 0.15133779264214048 0.013232514177693777 0.03177257525083613
1 0.4867674858223062 0.1387959866220736 0.011342155009451793 0.026755852842809374
1 0.472117202268431 0.20986622073578595 0.016068052930056698 0.0317725752508361
1 0.474952741020794 0.1906354515050167 0.014177693761814714 0.03344481605351171
1 0.4815689981096408 0.1705685618729097 0.01417769376181477 0.030100334448160515
1 0.4971644612476371 0.17474916387959866 0.013232514177693777 0.03177257525083613
1 0.524102079395085 0.21571906354515052 0.017958412098298626 0.04013377926421405
1 0.5255198487712665 0.15551839464882944 0.015122873345935761 0.03344481605351171
1 0.5396975425330812 0.08444816053511706 0.011342155009451793 0.02842809364548496
1 0.5675803402646503 0.10953177257525085 0.012287334593572785 0.025083612040133776
1 0.6001890359168243 0.09866220735785952 0.013232514177693777 0.03010033444816053
1 0.6157844990548205 0.11705685618729098 0.012287334593572785 0.023411371237458192
1 0.6153119092627599 0.13628762541806022 0.013232514177693777 0.02842809364548496
1 0.5581285444234405 0.1496655518394649 0.016068052930056642 0.035117056856187295
1 0.5803402646502835 0.16137123745819398 0.01512287334593565 0.02842809364548493
1 0.6086956521739131 0.1806020066889632 0.020793950850661602 0.043478260869565216
1 0.5760869565217391 0.13545150501672243 0.012287334593572785 0.03344481605351171
1 0.6847826086956522 0.06270903010033445 0.010396975425330801 0.03177257525083613
1 0.7849716446124764 0.056020066889632104 0.01417769376181477 0.025083612040133776
1 0.6904536862003781 0.1020066889632107 0.01417769376181477 0.030100334448160543
1 0.753780718336484 0.10869565217391304 0.01417769376181477 0.030100334448160543
1 0.8114366729678639 0.13043478260869565 0.01417769376181477 0.033444816053511725
1 0.7022684310018903 0.13545150501672243 0.01890359168241973 0.03344481605351171
1 0.6838374291115312 0.15719063545150502 0.017958412098298626 0.04013377926421405
1 0.699905482041588 0.18812709030100333 0.017958412098298626 0.038461538461538464
1 0.6630434782608696 0.2048494983277592 0.021739130434782594 0.051839464882943165
1 0.7495274102079394 0.1496655518394649 0.017013232514177745 0.038461538461538464
1 0.7225897920604916 0.17725752508361203 0.01984877126654061 0.04013377926421405
1 0.7547258979206048 0.17892976588628762 0.01984877126654061 0.03678929765886288
1 0.7991493383742911 0.19732441471571904 0.017958412098298737 0.046822742474916385
1 0.8525519848771266 0.18394648829431437 0.017013232514177745 0.043478260869565216
1 0.8714555765595463 0.2290969899665552 0.017013232514177634 0.05016722408026755
1 0.6082230623818525 0.25418060200668896 0.023629489603024578 0.05016722408026755
1 0.5496219281663517 0.29682274247491636 0.027410207939508546 0.06187290969899667
1 0.4825141776937618 0.32608695652173914 0.03308128544423439 0.05351170568561869
1 0.6611531190926276 0.2642140468227425 0.023629489603024578 0.05685618729096992
1 0.7197542533081285 0.2817725752508361 0.027410207939508546 0.0585284280936455
1 0.775047258979206 0.3135451505016722 0.026465028355387554 0.05518394648829433
1 0.9730623818525519 0.37792642140468224 0.04442344045368618 0.09698996655518394
