1 0.06333333333333334 0.55 0.12333333333333334 0.315
1 0.057499999999999996 0.78125 0.11166666666666666 0.36749999999999994
1 0.29666666666666663 0.4525 0.11666666666666664 0.21000000000000002
1 0.5633333333333332 0.18250000000000002 0.12 0.28500000000000003
1 0.6958333333333333 0.375 0.1216666666666667 0.25
1 0.7658333333333334 0.22375 0.06500000000000006 0.11749999999999997
1 0.8558333333333333 0.20625 0.06499999999999995 0.11250000000000002
1 0.9558333333333333 0.2475 0.07833333333333337 0.155
1 0.915 0.48875 0.17000000000000004 0.32749999999999996
1 0.8 0.83375 0.32666666666666666 0.3325
