1 0.02938871473354232 0.4068627450980392 0.02586206896551724 0.051820728291316565
1 0.21473354231974923 0.3480392156862745 0.0188087774294671 0.037815126050420145
1 0.25078369905956116 0.34173669467787116 0.0188087774294671 0.04201680672268904
1 0.28134796238244514 0.3648459383753502 0.021943573667711602 0.043417366946778724
1 0.28448275862068967 0.29901960784313725 0.018808777429467072 0.03501400560224088
1 0.3224921630094044 0.3571428571428571 0.021159874608150442 0.05042016806722688
1 0.34835423197492166 0.3228291316526611 0.01802507836990591 0.03501400560224088
1 0.3467868338557994 0.2906162464985994 0.014890282131661436 0.03501400560224094
1 0.37656739811912227 0.32563025210084034 0.018025078369905967 0.03501400560224088
1 0.39302507836990597 0.3333333333333333 0.018025078369905967 0.036414565826330514
1 0.39811912225705326 0.29411764705882354 0.017241379310344807 0.02801120448179273
1 0.3804858934169279 0.25140056022408963 0.014890282131661436 0.03221288515406162
1 0.4047805642633229 0.26260504201680673 0.013322884012539171 0.026610644257703098
1 0.41849529780564265 0.25 0.012539184952978066 0.03501400560224088
1 0.4267241379310345 0.2703081232492997 0.013322884012539171 0.02801120448179273
1 0.4239811912225705 0.2976190476190476 0.015673981191222597 0.03501400560224088
1 0.45728840125391845 0.29971988795518206 0.0164576802507837 0.03361344537815125
1 0.4525862068965517 0.23669467787114845 0.013322884012539171 0.0280112044817927
1 0.48119122257053293 0.2661064425770308 0.017241379310344807 0.03361344537815125
1 0.49294670846394983 0.31442577030812324 0.018808777429467127 0.03501400560224088
1 0.5047021943573667 0.296218487394958 0.018808777429467127 0.02941176470588236
1 0.44043887147335425 0.24789915966386555 0.012539184952978066 0.02801120448179273
1 0.49294670846394983 0.25210084033613445 0.010971786833855801 0.02801120448179273
1 0.5027429467084639 0.2394957983193277 0.011755485893416906 0.02521008403361344
1 0.5144984326018809 0.2619047619047619 0.016457680250783646 0.03081232492997199
1 0.554858934169279 0.2822128851540616 0.01724137931034475 0.03501400560224088
1 0.5399686520376176 0.219187675070028 0.01724137931034475 0.03221288515406162
1 0.5532915360501567 0.23109243697478993 0.01253918495297801 0.0280112044817927
1 0.5579937304075235 0.20168067226890757 0.01253918495297801 0.02801120448179273
1 0.5532915360501567 0.2591036414565826 0.017241379310344862 0.0280112044817927
1 0.5795454545454546 0.23739495798319327 0.016457680250783757 0.03221288515406162
1 0.5873824451410659 0.22128851540616246 0.014890282131661436 0.03361344537815125
1 0.5928683385579937 0.20238095238095238 0.013322884012539227 0.023809523809523808
1 0.6093260188087775 0.20868347338935575 0.013322884012539227 0.02801120448179273
1 0.6061912225705329 0.23179271708683474 0.013322884012539227 0.02661064425770307
1 0.6132445141065831 0.2542016806722689 0.014890282131661436 0.023809523809523808
1 0.6379310344827587 0.21708683473389356 0.01253918495297801 0.022408963585434177
1 0.650078369905956 0.22899159663865545 0.011755485893416906 0.03221288515406162
1 0.6622257053291536 0.22408963585434172 0.010971786833855801 0.02521008403361344
1 0.6798589341692789 0.2457983193277311 0.018025078369905967 0.03781512605042017
1 0.6434169278996865 0.26820728291316526 0.01567398119122254 0.03501400560224088
1 0.6148119122257054 0.2892156862745098 0.018025078369905967 0.03501400560224094
1 0.5795454545454546 0.32002801120448177 0.021159874608150497 0.043417366946778724
1 0.5160658307210031 0.3564425770308123 0.025862068965517238 0.04901960784313725
1 0.5235109717868338 0.4026610644257703 0.028213166144200552 0.05742296918767509
1 0.44122257053291536 0.4103641456582633 0.029780564263322873 0.06162464985994398
1 0.4290752351097179 0.35434173669467783 0.021159874608150442 0.044817927170868355
1 0.5905172413793104 0.42016806722689076 0.028996865203761768 0.06162464985994398
1 0.5795454545454546 0.3739495798319328 0.025862068965517238 0.047619047619047616
1 0.627742946708464 0.33263305322128855 0.021943573667711602 0.046218487394957986
1 0.661833855799373 0.32422969187675066 0.018025078369905856 0.04061624649859946
1 0.6630094043887147 0.3578431372549019 0.023510971786833923 0.04901960784313725
1 0.6375391849529781 0.38935574229691877 0.027429467084639447 0.06162464985994398
1 0.6426332288401254 0.45588235294117646 0.03134796238244508 0.06862745098039214
1 0.6904388714733543 0.5042016806722689 0.037617554858934144 0.07563025210084029
1 0.7084639498432602 0.39425770308123254 0.028213166144200663 0.046218487394957986
1 0.6990595611285266 0.2815126050420168 0.014106583072100332 0.036414565826330514
1 0.7065047021943573 0.273109243697479 0.018025078369905967 0.03361344537815131
1 0.7198275862068966 0.24229691876750697 0.011755485893416906 0.02521008403361344
1 0.7210031347962382 0.21778711484593838 0.012539184952978122 0.03221288515406162
1 0.7370689655172413 0.27941176470588236 0.014890282131661547 0.037815126050420145
1 0.7480407523510972 0.26260504201680673 0.016457680250783757 0.03501400560224091
1 0.7511755485893417 0.2394957983193277 0.013322884012539116 0.0280112044817927
1 0.7786050156739812 0.24369747899159666 0.014890282131661436 0.03361344537815128
1 0.7817398119122256 0.29411764705882354 0.013322884012539116 0.036414565826330514
1 0.7880094043887147 0.2759103641456583 0.014890282131661436 0.03081232492997199
1 0.807601880877743 0.2535014005602241 0.013322884012539116 0.036414565826330514
1 0.7974137931034483 0.3298319327731093 0.016457680250783646 0.046218487394957986
1 0.7817398119122257 0.3571428571428571 0.022727272727272707 0.05042016806722688
1 0.7633228840125392 0.43557422969187676 0.026645768025078342 0.053221288515406195
1 0.7829153605015674 0.5420168067226891 0.03918495297805635 0.08683473389355745
1 0.8138714733542319 0.4271708683473389 0.028996865203761768 0.05882352941176472
1 0.8734326018808778 0.44677871148459386 0.028996865203761768 0.06162464985994398
1 0.8812695924764891 0.39985994397759106 0.021159874608150497 0.05742296918767503
1 0.8824451410658307 0.3473389355742297 0.018808777429467183 0.039215686274509776
1 0.8871473354231976 0.31932773109243695 0.018808777429467072 0.03921568627450983
1 0.8969435736677116 0.3074229691876751 0.013322884012539227 0.03221288515406162
1 0.8969435736677116 0.2801120448179272 0.014890282131661436 0.03361344537815125
1 0.863244514106583 0.2815126050420168 0.018025078369905967 0.039215686274509776
1 0.8389498432601881 0.3382352941176471 0.022727272727272707 0.04061624649859946
1 0.8268025078369906 0.3697478991596639 0.020376175548589393 0.047619047619047616
1 0.8283699059561129 0.2815126050420168 0.02037617554858928 0.036414565826330514
1 0.82641065830721 0.25 0.014890282131661436 0.023809523809523836
1 0.8409090909090909 0.24789915966386555 0.014106583072100332 0.02801120448179273
