1 0.5908333333333333 0.825 0.08833333333333337 0.15000000000000002
1 0.5974999999999999 0.6825 0.06500000000000006 0.11499999999999999
1 0.6325000000000001 0.5925 0.04500000000000004 0.06999999999999995
1 0.655 0.5475 0.040000000000000036 0.08000000000000007
1 0.5641666666666667 0.5387500000000001 0.03166666666666662 0.057499999999999996
1 0.5325 0.58875 0.03833333333333333 0.0625
1 0.5349999999999999 0.55625 0.033333333333333326 0.05249999999999999
1 0.45333333333333337 0.65625 0.06666666666666671 0.11250000000000004
1 0.4625 0.61625 0.041666666666666685 0.0675
1 0.4291666666666667 0.43625 0.018333333333333368 0.03750000000000003
1 0.37 0.44 0.023333333333333317 0.040000000000000036
1 0.4116666666666666 0.5275 0.026666666666666672 0.040000000000000036
1 0.3458333333333333 0.5375 0.03500000000000003 0.05499999999999994
1 0.3108333333333333 0.55625 0.034999999999999976 0.05249999999999999
1 0.2825 0.565 0.044999999999999984 0.07999999999999996
1 0.23249999999999998 0.55125 0.03166666666666665 0.05249999999999999
1 0.21583333333333332 0.57375 0.03833333333333333 0.05249999999999999
1 0.20916666666666667 0.525 0.03833333333333333 0.050000000000000044
1 0.14166666666666666 0.63875 0.06333333333333334 0.08250000000000002
1 0.12833333333333335 0.57125 0.04000000000000001 0.057499999999999996
1 0.15 0.55625 0.033333333333333326 0.05249999999999999
1 0.07333333333333333 0.5425 0.03333333333333333 0.04499999999999993
1 0.022500000000000003 0.58375 0.035 0.0625
1 0.2575 0.8775 0.11833333333333332 0.19499999999999995
1 0.8116666666666666 0.53875 0.030000000000000027 0.0625
1 0.8375 0.54 0.03833333333333333 0.06999999999999995
1 0.9175 0.6425000000000001 0.05499999999999994 0.10999999999999999
1 0.9566666666666667 0.65625 0.06333333333333324 0.10749999999999993
1 0.9766666666666666 0.59875 0.043333333333333335 0.0774999999999999
