1 0.049338146811071 0.5992779783393503 0.0914560770156438 0.19494584837545126
1 0.08062575210589651 0.39530685920577613 0.05776173285198557 0.10469314079422382
1 0.11311672683513839 0.4314079422382672 0.06257521058965101 0.09025270758122744
1 0.1305655836341757 0.3971119133574007 0.061371841155234655 0.08664259927797835
1 0.2111913357400722 0.5018050541516246 0.085439229843562 0.1407942238267148
1 0.3339350180505415 0.8402527075812274 0.20336943441636585 0.3194945848375451
1 0.266546329723225 0.4043321299638989 0.06377858002406739 0.09386281588447648
1 0.3231046931407942 0.38086642599277976 0.04693140794223827 0.07220216606498192
1 0.3592057761732852 0.6083032490974729 0.1456077015643803 0.21299638989169678
1 0.4332129963898917 0.41064981949458484 0.0553549939831528 0.11010830324909748
1 0.5246690734055355 0.4666064981949458 0.07942238267148011 0.12815884476534295
1 0.5716004813477737 0.3592057761732852 0.04332129963898912 0.0830324909747292
1 0.6101083032490975 0.3528880866425993 0.038507821901323736 0.0703971119133574
1 0.5018050541516246 0.22021660649819497 0.033694344163658185 0.06137184115523467
1 0.6456077015643802 0.44314079422382674 0.06859205776173283 0.1353790613718412
1 0.6901323706377858 0.5081227436823105 0.0902527075812275 0.16787003610108303
1 0.6811070998796631 0.3564981949458484 0.04572803850782192 0.0703971119133574
1 0.7484957882069796 0.38267148014440433 0.0577617328519856 0.09747292418772563
1 0.7551143200962696 0.33122743682310474 0.04933814681107096 0.0740072202166065
1 0.7882069795427196 0.3592057761732852 0.05294825511432011 0.0830324909747292
1 0.8646209386281589 0.33754512635379064 0.05174488567990376 0.07942238267148011
1 0.8880866425992779 0.3564981949458484 0.04572803850782192 0.0703971119133574
1 0.9524669073405536 0.3916967509025271 0.06377858002406744 0.10469314079422382
1 0.9687123947051746 0.5658844765342961 0.06257521058965099 0.19675090252707583
1 0.8790613718411553 0.766245487364621 0.1985559566787004 0.3411552346570397
1 0.8164861612515042 0.4864620938628159 0.0782190132370637 0.12454873646209391
