1 0.6876923076923077 0.2923497267759563 0.06769230769230772 0.12568306010928962
1 0.7746153846153847 0.5942622950819672 0.08461538461538465 0.1393442622950819
1 0.8115384615384615 0.726775956284153 0.10615384615384615 0.19672131147540983
1 0.9138461538461539 0.575136612021858 0.0707692307692307 0.12841530054644812
1 0.5246153846153847 0.7240437158469946 0.13230769230769235 0.23497267759562845
1 0.5384615384615384 0.5724043715846995 0.10153846153846152 0.14480874316939896
1 0.45615384615384613 0.5437158469945356 0.06923076923076926 0.1311475409836066
1 0.2684615384615385 0.4918032786885246 0.09384615384615383 0.15300546448087426
1 0.17615384615384616 0.6775956284153005 0.12153846153846154 0.24590163934426235
1 0.06692307692307692 0.8579234972677596 0.12461538461538461 0.23497267759562834
1 0.02923076923076923 0.5587431693989071 0.055384615384615386 0.1502732240437159
1 0.0946153846153846 0.5587431693989071 0.07846153846153844 0.1502732240437159
1 0.06230769230769231 0.48087431693989074 0.06307692307692307 0.12568306010928965
