1 0.08001592356687898 0.447508896797153 0.01990445859872611 0.05516014234875449
1 0.06687898089171974 0.5124555160142349 0.020700636942675155 0.05338078291814946
1 0.12300955414012739 0.6290035587188612 0.023089171974522288 0.07651245551601427
1 0.04578025477707007 0.25355871886120995 0.013535031847133762 0.03024911032028471
1 0.0481687898089172 0.23487544483985767 0.011942675159235673 0.03558718861209967
1 0.15843949044585987 0.16548042704626334 0.01273885350318471 0.039145907473309594
1 0.125 0.23843416370106763 0.015923566878980888 0.03914590747330962
1 0.1859076433121019 0.21530249110320285 0.011942675159235694 0.03558718861209964
1 0.1731687898089172 0.2846975088967971 0.015127388535031844 0.03914590747330965
1 0.2448248407643312 0.3042704626334519 0.016719745222929933 0.04982206405693951
1 0.23606687898089174 0.36743772241992884 0.01990445859872611 0.05516014234875444
1 0.20899681528662423 0.45640569395017794 0.01990445859872611 0.05516014234875444
1 0.19148089171974522 0.1512455516014235 0.010350318471337605 0.03202846975088966
1 0.22492038216560511 0.16014234875444838 0.010350318471337577 0.028469750889679707
1 0.24402866242038218 0.14234875444839856 0.010350318471337577 0.03202846975088966
1 0.2969745222929936 0.17437722419928825 0.0143312101910828 0.042704626334519574
1 0.294187898089172 0.2179715302491103 0.016719745222929905 0.03736654804270462
1 0.3093152866242038 0.24822064056939502 0.01671974522292996 0.040925266903914626
1 0.3276273885350318 0.24644128113879005 0.011942675159235694 0.033807829181494636
1 0.3570859872611465 0.10587188612099643 0.010350318471337605 0.030249110320284697
1 0.37898089171974525 0.19217081850533807 0.012738853503184766 0.03558718861209964
1 0.39888535031847133 0.1103202846975089 0.01273885350318471 0.02846975088967972
1 0.4195859872611465 0.10765124555160142 0.011146496815286622 0.02669039145907473
1 0.41878980891719747 0.19750889679715303 0.015923566878980888 0.028469750889679735
1 0.455812101910828 0.13701067615658363 0.015127388535031872 0.021352313167259773
1 0.4645700636942675 0.13612099644128114 0.00875796178343946 0.03024911032028471
1 0.5055732484076434 0.12455516014234876 0.011146496815286677 0.0213523131672598
1 0.535828025477707 0.09341637010676157 0.009554140127388533 0.02669039145907473
1 0.4737261146496815 0.23487544483985767 0.019108280254777066 0.042704626334519574
1 0.47810509554140124 0.3042704626334519 0.019904458598726082 0.046263345195729555
1 0.49880573248407645 0.19661921708185054 0.01194267515923575 0.03736654804270462
1 0.5561305732484076 0.3291814946619217 0.019904458598726027 0.0462633451957295
1 0.5469745222929936 0.18594306049822062 0.011146496815286677 0.037366548042704645
1 0.5752388535031847 0.11120996441281139 0.00875796178343946 0.02669039145907473
1 0.5720541401273885 0.16014234875444838 0.010350318471337605 0.03202846975088966
1 0.5907643312101911 0.15035587188612098 0.011146496815286677 0.02669039145907473
1 0.6146496815286624 0.13256227758007116 0.01273885350318471 0.023131672597864777
1 0.5720541401273885 0.2179715302491103 0.01194267515923575 0.03736654804270462
1 0.6154458598726115 0.23665480427046265 0.014331210191082855 0.03558718861209967
1 0.6425159235668789 0.16637010676156583 0.011146496815286677 0.030249110320284683
1 0.5581210191082803 0.505338078291815 0.02547770700636942 0.06049822064056937
1 0.6759554140127388 0.349644128113879 0.02070063694267521 0.05516014234875444
1 0.6875 0.23220640569395018 0.015127388535031816 0.033807829181494664
1 0.7193471337579618 0.23754448398576514 0.010350318471337605 0.03024911032028471
1 0.7105891719745223 0.19661921708185054 0.011942675159235638 0.03024911032028471
1 0.7675159235668789 0.2304270462633452 0.015923566878980888 0.030249110320284683
1 0.8077229299363058 0.25355871886120995 0.015127388535031927 0.03380782918149469
1 0.7794585987261147 0.3896797153024911 0.01751592356687892 0.04982206405693951
1 0.8371815286624205 0.2846975088967971 0.013535031847133783 0.035587188612099696
1 0.917595541401274 0.3816725978647687 0.018312101910827994 0.04448398576512452
1 0.7018312101910829 0.2891459074733096 0.01671974522292985 0.04092526690391457
1 0.464171974522293 0.1806049822064057 0.011146496815286622 0.02313167259786475
