1 0.06930693069306931 0.349009900990099 0.10891089108910891 0.11386138613861391
1 0.22029702970297033 0.42326732673267325 0.10396039603960397 0.10396039603960394
1 0.4381188118811881 0.4183168316831683 0.09405940594059403 0.10396039603960394
1 0.6287128712871287 0.5272277227722773 0.0990099009900991 0.1237623762376237
1 0.8712871287128714 0.6386138613861385 0.1188118811881188 0.13861386138613863
1 0.8267326732673268 0.43316831683168316 0.09900990099009899 0.12376237623762376
1 0.7648514851485149 0.28960396039603964 0.07425742574257432 0.08415841584158418
1 0.7079207920792079 0.24752475247524752 0.05940594059405935 0.0792079207920792
1 0.6212871287128713 0.3688118811881188 0.09405940594059414 0.11386138613861385
1 0.5495049504950495 0.2920792079207921 0.06930693069306926 0.08910891089108913
1 0.4158415841584159 0.31683168316831684 0.07920792079207922 0.07920792079207917
1 0.3811881188118812 0.24752475247524752 0.0594059405940594 0.06930693069306929
1 0.27970297029702973 0.2698019801980198 0.07425742574257427 0.07425742574257424
1 0.1905940594059406 0.29455445544554454 0.07425742574257427 0.10396039603960394
1 0.16336633663366337 0.2376237623762376 0.06930693069306931 0.08910891089108908
1 0.09900990099009901 0.22772277227722773 0.06930693069306931 0.06930693069306931
1 0.18564356435643564 0.1608910891089109 0.07425742574257427 0.07425742574257427
1 0.29950495049504955 0.14108910891089108 0.06435643564356436 0.07425742574257425
1 0.46039603960396036 0.14356435643564355 0.06930693069306931 0.0693069306930693
1 0.4975247524752475 0.23762376237623764 0.07425742574257427 0.07920792079207922
1 0.6064356435643564 0.1311881188118812 0.07425742574257432 0.08415841584158415
1 0.7623762376237624 0.14356435643564358 0.06930693069306937 0.0891089108910891
1 0.8985148514851485 0.2524752475247525 0.06435643564356441 0.0891089108910891
1 0.9678217821782178 0.2920792079207921 0.054455445544554504 0.07920792079207922
1 0.943069306930693 0.22772277227722773 0.04455445544554448 0.06930693069306931
1 0.8960396039603961 0.15099009900990099 0.05940594059405946 0.08415841584158416
