1 0.17 0.3498759305210918 0.09333333333333334 0.16377171215880898
1 0.27 0.4789081885856079 0.04666666666666666 0.0694789081885856
1 0.2791666666666667 0.5397022332506204 0.05166666666666664 0.08188585607940452
1 0.32333333333333336 0.5024813895781638 0.04666666666666669 0.07196029776674934
1 0.35 0.5607940446650124 0.053333333333333344 0.09429280397022333
1 0.41000000000000003 0.5471464019851117 0.0633333333333333 0.1017369727047146
1 0.4825 0.5397022332506204 0.06166666666666665 0.1215880893300248
1 0.5708333333333333 0.5235732009925558 0.05166666666666664 0.07940446650124067
1 0.5958333333333333 0.5992555831265509 0.06166666666666676 0.12158808933002485
1 0.5 0.7531017369727047 0.10666666666666669 0.205955334987593
1 0.6833333333333333 0.7196029776674938 0.12 0.19354838709677424
1 0.7091666666666667 0.6029776674937966 0.07833333333333325 0.12406947890818854
1 0.6758333333333333 0.46898263027295284 0.03833333333333333 0.06451612903225801
1 0.7375 0.46650124069478904 0.04500000000000004 0.06451612903225806
1 0.7866666666666666 0.49627791563275436 0.04999999999999993 0.0843672456575682
1 0.7791666666666667 0.3759305210918114 0.02499999999999991 0.05707196029776673
1 0.8791666666666667 0.32754342431761785 0.09166666666666667 0.15384615384615385
1 0.6000000000000001 0.46898263027295284 0.033333333333333326 0.05955334987593053
