1 0.3136792452830188 0.22927241962774958 0.0160377358490566 0.03214890016920474
1 0.32877358490566033 0.22250423011844334 0.01792452830188679 0.03891708967851101
1 0.34198113207547165 0.24280879864636212 0.019811320754716977 0.042301184433164135
1 0.37264150943396224 0.23857868020304568 0.020754716981132126 0.040609137055837574
1 0.39245283018867927 0.27834179357022 0.028301886792452824 0.0592216582064298
1 0.3613207547169811 0.30203045685279184 0.02264150943396226 0.04568527918781723
1 0.35283018867924526 0.21573604060913704 0.018867924528301883 0.03891708967851101
1 0.3641509433962264 0.19120135363790186 0.02075471698113207 0.030456852791878153
1 0.38301886792452833 0.19289340101522845 0.018867924528301938 0.037225042301184424
1 0.4056603773584906 0.19458544839255498 0.018867924528301883 0.037225042301184424
1 0.3985849056603774 0.21912013536379019 0.019811320754716977 0.038917089678510985
1 0.46320754716981133 0.23519458544839256 0.024528301886792447 0.05414551607445006
1 0.4514150943396227 0.17851099830795264 0.021698113207547165 0.04906937394247038
1 0.49150943396226415 0.19373942470389172 0.016981132075471694 0.038917089678510985
1 0.4731132075471698 0.19543147208121828 0.0160377358490566 0.035532994923857864
1 0.4900943396226415 0.15651438240270726 0.01792452830188679 0.03553299492385789
1 0.5070754716981132 0.16666666666666669 0.023584905660377353 0.042301184433164135
1 0.5471698113207547 0.16159052453468697 0.018867924528301883 0.04568527918781726
1 0.5608490566037736 0.12013536379018612 0.016037735849056656 0.037225042301184424
1 0.5872641509433962 0.1607445008460237 0.017924528301886733 0.037225042301184424
1 0.6424528301886792 0.10913705583756345 0.013207547169811318 0.03214890016920473
1 0.6698113207547169 0.1116751269035533 0.016981132075471694 0.03722504230118444
1 0.7174528301886792 0.077834179357022 0.02358490566037741 0.04060913705583756
1 0.5028301886792452 0.2927241962774958 0.0320754716981132 0.06091370558375636
1 0.5716981132075472 0.2969543147208122 0.0320754716981132 0.0693739424703892
1 0.6 0.25549915397631134 0.030188679245283012 0.06429780033840948
1 0.6254716981132076 0.20812182741116753 0.024528301886792447 0.040609137055837546
1 0.6533018867924528 0.18443316412859562 0.02358490566037741 0.05414551607445009
1 0.664622641509434 0.20050761421319796 0.019811320754717032 0.04568527918781726
1 0.6900943396226416 0.155668358714044 0.017924528301886844 0.0338409475465313
1 0.6683962264150943 0.26311336717428085 0.029245283018867863 0.06937394247038917
1 0.6429245283018867 0.32318104906937395 0.03301886792452835 0.07106598984771573
1 0.7136792452830188 0.2732656514382403 0.025471698113207486 0.05922165820642977
1 0.7047169811320755 0.22081218274111675 0.02075471698113207 0.04568527918781726
1 0.7481132075471698 0.18104906937394247 0.02452830188679256 0.043993231810490696
1 0.7726415094339623 0.21150592216582065 0.024528301886792447 0.05752961082910321
1 0.7735849056603774 0.16074450084602368 0.018867924528301883 0.04737732656514382
1 0.779245283018868 0.2766497461928934 0.030188679245283012 0.05922165820642977
1 0.8462264150943397 0.3257191201353638 0.024528301886792447 0.05922165820642977
1 0.8641509433962264 0.25549915397631134 0.026415094339622636 0.05752961082910324
1 0.9174528301886793 0.2868020304568528 0.027358490566037674 0.05922165820642983
1 0.9245283018867925 0.23096446700507614 0.024528301886792447 0.04906937394247041
