1 0.523 0.7063253012048193 0.16199999999999998 0.25602409638554224
1 0.311 0.48343373493975905 0.06599999999999995 0.14156626506024095
1 0.493 0.46837349397590367 0.057999999999999996 0.1234939759036145
1 0.64 0.4457831325301205 0.052000000000000046 0.10843373493975905
1 0.7829999999999999 0.6671686746987951 0.122 0.21385542168674698
1 0.7769999999999999 0.5015060240963856 0.08199999999999996 0.12951807228915668
1 0.891 0.4894578313253012 0.08600000000000008 0.16566265060240964
1 0.978 0.42168674698795183 0.04400000000000004 0.108433734939759
1 0.9299999999999999 0.3644578313253012 0.03199999999999992 0.06626506024096385
1 0.914 0.3132530120481928 0.020000000000000018 0.04216867469879515
1 0.88 0.32831325301204817 0.028000000000000025 0.05421686746987947
1 0.849 0.3463855421686747 0.030000000000000027 0.06626506024096385
1 0.745 0.38403614457831325 0.04200000000000004 0.07530120481927716
1 0.765 0.338855421686747 0.030000000000000027 0.05722891566265059
1 0.837 0.3192771084337349 0.030000000000000027 0.04819277108433734
1 0.6759999999999999 0.3418674698795181 0.039999999999999925 0.0753012048192771
1 0.624 0.29819277108433734 0.02400000000000002 0.03614457831325302
1 0.593 0.30271084337349397 0.018000000000000016 0.033132530120481896
1 0.556 0.2936746987951807 0.019999999999999907 0.03313253012048195
1 0.546 0.30873493975903615 0.020000000000000018 0.033132530120481896
1 0.499 0.29969879518072284 0.02200000000000002 0.039156626506024084
1 0.454 0.338855421686747 0.028000000000000025 0.04518072289156627
1 0.483 0.37650602409638556 0.04199999999999998 0.060240963855421714
1 0.391 0.3313253012048193 0.026000000000000023 0.04819277108433734
1 0.33699999999999997 0.338855421686747 0.033999999999999975 0.05722891566265059
1 0.308 0.25150602409638556 0.02400000000000002 0.03313253012048192
1 0.29900000000000004 0.3629518072289156 0.03799999999999998 0.05722891566265059
1 0.25 0.37650602409638556 0.048000000000000015 0.07831325301204822
1 0.248 0.3237951807228916 0.027999999999999997 0.039156626506024084
1 0.20900000000000002 0.3780120481927711 0.04200000000000001 0.06927710843373497
1 0.118 0.3870481927710844 0.05199999999999999 0.0753012048192771
1 0.051000000000000004 0.3825301204819277 0.034 0.06626506024096385
1 0.741 0.24548192771084337 0.010000000000000009 0.021084337349397603
