1 0.055088702147525676 0.43585526315789475 0.04108309990662931 0.08552631578947367
1 0.06909430438842204 0.5320723684210527 0.03921568627450981 0.10361842105263164
1 0.13071895424836602 0.43914473684210525 0.035480859010270774 0.09868421052631582
1 0.38468720821661995 0.20230263157894737 0.02240896358543415 0.03947368421052633
1 0.3982259570494865 0.23355263157894737 0.021475256769374396 0.04934210526315791
1 0.465452847805789 0.22532894736842105 0.021475256769374396 0.042763157894736836
1 0.49253034547152197 0.21546052631578946 0.030812324929971935 0.05263157894736842
1 0.5210084033613445 0.1430921052631579 0.022408963585434205 0.04605263157894737
1 0.5667600373482726 0.13157894736842105 0.014939309056956063 0.023026315789473673
1 0.7156862745098039 0.12417763157894737 0.023342670401493848 0.04769736842105261
1 0.61531279178338 0.24013157894736842 0.020541549953314697 0.046052631578947345
1 0.9607843137254901 0.1282894736842105 0.020541549953314697 0.04605263157894737
1 0.96125116713352 0.1875 0.025210084033613467 0.04934210526315791
