1 0.019696969696969695 0.47045454545454546 0.03333333333333333 0.06818181818181818
1 0.01818181818181818 0.4113636363636364 0.030303030303030304 0.05909090909090908
1 0.10606060606060605 0.48863636363636365 0.042424242424242406 0.06818181818181818
1 0.19393939393939394 0.40909090909090906 0.036363636363636376 0.05454545454545451
1 0.22424242424242424 0.42272727272727273 0.036363636363636376 0.0636363636363636
1 0.28939393939393937 0.5886363636363636 0.0696969696969697 0.15000000000000002
1 0.36363636363636365 0.625 0.09696969696969698 0.1681818181818182
1 0.2803030303030303 0.4363636363636364 0.03939393939393937 0.0727272727272727
1 0.32575757575757575 0.44545454545454544 0.039393939393939426 0.0727272727272727
1 0.4196969696969697 0.4636363636363636 0.03939393939393937 0.06363636363636366
1 0.4212121212121212 0.5136363636363637 0.054545454545454564 0.08181818181818185
1 0.3909090909090909 0.45 0.03030303030303033 0.054545454545454564
1 0.396969696969697 0.41363636363636364 0.024242424242424288 0.045454545454545414
1 0.4348484848484848 0.41363636363636364 0.027272727272727282 0.0636363636363636
1 0.4696969696969697 0.44772727272727275 0.03636363636363632 0.06818181818181818
1 0.5151515151515151 0.4431818181818182 0.030303030303030276 0.050000000000000044
1 0.55 0.4363636363636364 0.033333333333333326 0.0727272727272727
1 0.5333333333333333 0.4 0.024242424242424176 0.04545454545454547
1 0.5757575757575757 0.4181818181818182 0.024242424242424288 0.05454545454545451
1 0.6015151515151516 0.44772727272727275 0.033333333333333326 0.05909090909090914
1 0.6196969696969696 0.41363636363636364 0.027272727272727226 0.045454545454545414
1 0.6454545454545455 0.42954545454545456 0.024242424242424288 0.04999999999999999
1 0.6696969696969697 0.4159090909090909 0.030303030303030276 0.040909090909090895
1 0.656060606060606 0.38863636363636367 0.027272727272727226 0.04999999999999999
1 0.6712121212121211 0.46136363636363636 0.033333333333333326 0.05909090909090908
1 0.6333333333333333 0.5613636363636363 0.06666666666666665 0.11363636363636365
1 0.8045454545454545 0.5159090909090909 0.0636363636363636 0.11363636363636365
1 0.8121212121212121 0.41363636363636364 0.036363636363636376 0.054545454545454564
1 0.7696969696969698 0.40454545454545454 0.024242424242424288 0.045454545454545414
1 0.7333333333333334 0.43863636363636366 0.036363636363636265 0.05909090909090908
1 0.7151515151515151 0.40909090909090906 0.024242424242424288 0.05454545454545451
1 0.7015151515151515 0.4 0.021212121212121238 0.05454545454545451
1 0.7439393939393939 0.40454545454545454 0.021212121212121238 0.045454545454545414
