1 0.06981605351170568 0.4782608695652174 0.04264214046822742 0.0939130434782609
1 0.17265886287625418 0.29391304347826086 0.019230769230769218 0.04869565217391303
1 0.19565217391304346 0.31130434782608696 0.02508361204013379 0.05217391304347829
1 0.2391304347826087 0.26 0.023411371237458206 0.05043478260869563
1 0.2796822742474916 0.26260869565217393 0.020903010033444802 0.05217391304347824
1 0.30518394648829433 0.24782608695652175 0.02006688963210701 0.05043478260869563
1 0.2830267558528428 0.2252173913043478 0.020903010033444858 0.043478260869565216
1 0.3210702341137124 0.23217391304347826 0.02006688963210701 0.05043478260869566
1 0.3377926421404682 0.2147826086956522 0.02341137123745818 0.05043478260869563
1 0.3649665551839465 0.20869565217391306 0.020903010033444858 0.04521739130434785
1 0.34448160535117056 0.28260869565217395 0.02341137123745818 0.06086956521739134
1 0.3729096989966555 0.24956521739130433 0.020066889632107066 0.046956521739130425
1 0.4126254180602007 0.33217391304347826 0.025919732441471555 0.05913043478260871
1 0.3979933110367893 0.19130434782608696 0.01672240802675584 0.038260869565217404
1 0.40928093645484953 0.21130434782608695 0.019230769230769218 0.03652173913043477
1 0.44732441471571904 0.26956521739130435 0.021739130434782594 0.04869565217391303
1 0.42474916387959866 0.18782608695652175 0.018394648829431426 0.041739130434782584
1 0.44857859531772576 0.20260869565217393 0.022575250836120442 0.043478260869565216
1 0.47324414715719065 0.17043478260869566 0.01672240802675584 0.03478260869565217
1 0.4744983277591973 0.22956521739130437 0.020903010033444802 0.04173913043478264
1 0.49958193979933113 0.18956521739130433 0.015886287625418105 0.038260869565217376
1 0.5334448160535117 0.24173913043478262 0.018394648829431426 0.04173913043478261
1 0.5497491638795986 0.2173913043478261 0.01755852842809358 0.03478260869565217
1 0.5392976588628763 0.18 0.01672240802675584 0.03652173913043477
1 0.5342809364548495 0.14782608695652172 0.01672240802675584 0.03130434782608696
1 0.5677257525083612 0.14869565217391306 0.018394648829431426 0.0365217391304348
1 0.5781772575250836 0.13391304347826088 0.01755852842809369 0.03478260869565217
1 0.5639632107023411 0.19043478260869565 0.01755852842809369 0.03652173913043477
1 0.5898829431438127 0.17130434782608694 0.01755852842809369 0.03304347826086956
1 0.5940635451505016 0.1973913043478261 0.015886287625418105 0.043478260869565216
1 0.6070234113712374 0.21739130434782608 0.018394648829431426 0.038260869565217404
1 0.6153846153846154 0.14347826086956522 0.01672240802675584 0.03652173913043477
1 0.6413043478260869 0.16608695652173913 0.018394648829431426 0.04695652173913045
1 0.6438127090301002 0.19826086956521738 0.015050167224080258 0.03478260869565217
1 0.6534280936454849 0.15739130434782608 0.015886287625417994 0.03999999999999998
1 0.6747491638795986 0.14956521739130435 0.015050167224080258 0.034782608695652195
1 0.6747491638795986 0.18 0.015050167224080258 0.04000000000000001
1 0.6964882943143813 0.18173913043478263 0.015050167224080258 0.04000000000000001
1 0.6751672240802675 0.22869565217391305 0.01755852842809369 0.043478260869565244
1 0.657608695652174 0.24695652173913046 0.024247491638796026 0.04869565217391306
1 0.5999163879598662 0.3121739130434783 0.0259197324414715 0.06782608695652176
1 0.5572742474916388 0.3582608695652174 0.0259197324414715 0.06260869565217392
1 0.5836120401337792 0.40695652173913044 0.0317725752508361 0.07304347826086954
1 0.6513377926421404 0.4234782608695652 0.02842809364548493 0.07478260869565218
1 0.7061036789297659 0.30000000000000004 0.0259197324414715 0.05739130434782608
1 0.7311872909698997 0.25043478260869567 0.015886287625417994 0.04521739130434782
1 0.7198996655518395 0.2408695652173913 0.01672240802675584 0.03999999999999998
1 0.7387123745819397 0.20347826086956522 0.015886287625418105 0.038260869565217404
1 0.7637959866220736 0.23652173913043478 0.01755852842809369 0.04869565217391303
1 0.7667224080267558 0.20869565217391306 0.01672240802675584 0.03478260869565217
1 0.8010033444816054 0.20782608695652174 0.018394648829431426 0.04695652173913045
1 0.8089464882943144 0.24695652173913044 0.019230769230769162 0.05217391304347824
1 0.8239966555183946 0.23478260869565215 0.014214046822742521 0.041739130434782584
1 0.7813545150501673 0.2834782608695652 0.020903010033444747 0.0556521739130435
1 0.8076923076923077 0.32608695652173914 0.02341137123745818 0.05391304347826087
1 0.7416387959866221 0.31478260869565217 0.02341137123745818 0.05913043478260871
1 0.709866220735786 0.44434782608695655 0.025083612040133763 0.06782608695652176
1 0.774665551839465 0.48869565217391303 0.035953177257525115 0.0939130434782608
1 0.8645484949832776 0.5156521739130435 0.030100334448160515 0.08173913043478259
1 0.8783444816053512 0.4347826086956522 0.024247491638796026 0.06956521739130433
1 0.8566053511705686 0.4017391304347826 0.0259197324414715 0.06956521739130433
1 0.867056856187291 0.3269565217391304 0.02006688963210701 0.055652173913043446
1 0.8867056856187291 0.30260869565217396 0.020903010033444858 0.04521739130434782
1 0.8624581939799332 0.25043478260869567 0.01755852842809358 0.04173913043478264
1 0.8984113712374582 0.27652173913043476 0.014214046822742521 0.038260869565217404
1 0.8971571906354514 0.24608695652173912 0.018394648829431426 0.03652173913043477
1 0.9293478260869565 0.29130434782608694 0.014214046822742521 0.043478260869565244
1 0.9481605351170569 0.26956521739130435 0.01672240802675584 0.04869565217391303
1 0.923494983277592 0.3452173913043478 0.022575250836120442 0.05739130434782608
1 0.9452341137123745 0.40347826086956523 0.022575250836120442 0.07304347826086954
1 0.9561036789297659 0.47739130434782606 0.032608695652173836 0.07478260869565218
1 0.971571906354515 0.391304347826087 0.025083612040133763 0.06608695652173913
1 0.9782608695652173 0.3417391304347826 0.015050167224080258 0.04695652173913045
1 0.9811872909698997 0.27652173913043476 0.014214046822742521 0.038260869565217404
