1 0.0851851851851852 0.42618384401114207 0.06666666666666668 0.10027855153203347
1 0.19074074074074074 0.6100278551532033 0.09999999999999998 0.12256267409470745
1 0.049074074074074076 0.3245125348189415 0.049999999999999996 0.08635097493036209
1 0.01944444444444444 0.19220055710306405 0.03518518518518518 0.055710306406685256
1 0.0712962962962963 0.23537604456824512 0.038888888888888896 0.06406685236768803
1 0.10555555555555556 0.17688022284122562 0.037037037037037035 0.05292479108635098
1 0.06944444444444445 0.14763231197771587 0.03518518518518519 0.04456824512534818
1 0.12407407407407409 0.13788300835654596 0.02962962962962963 0.04178272980501392
1 0.13981481481481484 0.2896935933147632 0.04629629629629631 0.07799442896935932
1 0.2324074074074074 0.350974930362117 0.06111111111111109 0.08913649025069642
1 0.24814814814814817 0.25069637883008355 0.04074074074074077 0.06685236768802227
1 0.1685185185185185 0.2033426183844011 0.033333333333333326 0.055710306406685256
1 0.17685185185185187 0.15181058495821725 0.027777777777777762 0.041782729805013935
1 0.19444444444444445 0.12534818941504178 0.025925925925925908 0.038997214484679674
1 0.25 0.18384401114206128 0.029629629629629645 0.05013927576601673
1 0.24259259259259258 0.13370473537604458 0.025925925925925908 0.044568245125348196
1 0.2583333333333333 0.11142061281337047 0.02407407407407408 0.03899721448467966
1 0.3037037037037037 0.12952646239554316 0.029629629629629672 0.0362116991643454
1 0.3175925925925926 0.16016713091922005 0.031481481481481444 0.04735376044568246
1 0.32222222222222224 0.2116991643454039 0.040740740740740744 0.06685236768802227
1 0.3509259259259259 0.2938718662952646 0.04629629629629628 0.07520891364902504
1 0.35370370370370374 0.49164345403899723 0.07037037037037036 0.12534818941504172
1 0.48055555555555557 0.4164345403899722 0.05740740740740746 0.09749303621169919
1 0.5666666666666667 0.3467966573816156 0.051851851851851816 0.09749303621169919
1 0.9222222222222223 0.42618384401114207 0.15555555555555556 0.3231197771587744
1 0.6546296296296297 0.29526462395543174 0.03888888888888886 0.07242339832869082
1 0.725925925925926 0.25069637883008355 0.040740740740740744 0.06685236768802227
1 0.8083333333333333 0.18384401114206128 0.03518518518518521 0.05571030640668523
1 0.8453703703703703 0.1713091922005571 0.031481481481481555 0.04735376044568246
1 0.7388888888888889 0.12952646239554316 0.02962962962962956 0.047353760445682444
1 0.6935185185185185 0.16295264623955433 0.031481481481481444 0.04735376044568246
1 0.5675925925925926 0.2033426183844011 0.031481481481481555 0.055710306406685256
1 0.525 0.22841225626740946 0.031481481481481444 0.055710306406685256
1 0.43518518518518523 0.26880222841225626 0.037037037037037035 0.06406685236768803
1 0.4037037037037037 0.1991643454038997 0.029629629629629617 0.058495821727019504
1 0.46111111111111114 0.18245125348189417 0.0222222222222222 0.05292479108635098
1 0.3759259259259259 0.1406685236768802 0.029629629629629617 0.041782729805013935
1 0.3277777777777778 0.0905292479108635 0.01851851851851849 0.0362116991643454
1 0.40555555555555556 0.0988857938718663 0.025925925925925908 0.04178272980501392
1 0.475 0.12116991643454039 0.02407407407407408 0.04178272980501392
1 0.4546296296296296 0.08356545961002786 0.02407407407407408 0.03342618384401114
1 0.5657407407407407 0.13370473537604455 0.02777777777777779 0.050139275766016705
1 0.6138888888888889 0.12395543175487465 0.024074074074074026 0.041782729805013935
1 0.5277777777777778 0.08217270194986073 0.025925925925925908 0.0362116991643454
