1 0.23256880733944957 0.37681159420289856 0.05229357798165138 0.09339774557165859
1 0.546788990825688 0.30112721417069244 0.025688073394495414 0.06441223832528181
1 0.558256880733945 0.19001610305958133 0.015596330275229331 0.03864734299516909
1 0.6344036697247706 0.1972624798711755 0.017431192660550487 0.04025764895330111
1 0.6788990825688073 0.20853462157809982 0.020183486238532056 0.04025764895330111
1 0.6729357798165138 0.19565217391304346 0.013761467889908285 0.030595813204508854
1 0.7155963302752293 0.20531400966183574 0.016513761467889965 0.03381642512077293
1 0.6738532110091743 0.2528180354267311 0.022935779816513735 0.04830917874396137
1 0.676605504587156 0.3099838969404187 0.026605504587156048 0.06602254428341386
1 0.7334862385321101 0.26892109500805156 0.02110091743119258 0.04508856682769727
1 0.748165137614679 0.21256038647342995 0.017431192660550487 0.03542673107890498
1 0.773394495412844 0.23993558776167473 0.020183486238532056 0.04830917874396137
1 0.8353211009174313 0.3687600644122383 0.026605504587155937 0.06763285024154592
1 0.9041284403669725 0.4170692431561997 0.028440366972477094 0.07407407407407407
