1 0.06666666666666668 0.42407407407407405 0.09791666666666668 0.18888888888888888
1 0.2578125 0.337037037037037 0.06979166666666667 0.15925925925925927
1 0.34270833333333334 0.2657407407407407 0.039583333333333304 0.07962962962962966
1 0.36875 0.2574074074074074 0.033333333333333326 0.07037037037037036
1 0.4125 0.29907407407407405 0.04375000000000001 0.08703703703703708
1 0.45 0.2685185185185185 0.03749999999999998 0.07777777777777778
1 0.5057291666666667 0.23981481481481481 0.030208333333333393 0.06851851851851853
1 0.44375000000000003 0.4833333333333334 0.11458333333333337 0.2555555555555556
1 0.6130208333333333 0.3490740740740741 0.06354166666666661 0.1388888888888889
1 0.5822916666666667 0.2564814814814815 0.03541666666666665 0.07222222222222219
1 0.6000000000000001 0.22037037037037036 0.029166666666666674 0.06296296296296294
1 0.6348958333333333 0.29814814814814816 0.04062499999999991 0.1
1 0.6505208333333333 0.2601851851851852 0.04270833333333335 0.0796296296296296
1 0.671875 0.2361111111111111 0.027083333333333348 0.06481481481481485
1 0.7619791666666667 0.35185185185185186 0.09062499999999996 0.20370370370370372
1 0.7583333333333333 0.22037037037037038 0.03749999999999998 0.07777777777777775
1 0.7703125 0.20092592592592592 0.03020833333333328 0.061111111111111116
1 0.8062499999999999 0.25277777777777777 0.04166666666666663 0.09444444444444444
1 0.8786458333333333 0.2416666666666667 0.059374999999999956 0.1277777777777778
1 0.9390624999999999 0.3592592592592593 0.08020833333333333 0.1740740740740741
