1 0.11639808362369339 0.6271269633507854 0.09908536585365853 0.20778795811518325
1 0.1672473867595819 0.5723167539267016 0.06881533101045298 0.14463350785340312
1 0.04366289198606272 0.4993455497382199 0.06598432055749129 0.11714659685863871
1 0.1289198606271777 0.31789921465968585 0.06663763066202091 0.11289267015706805
1 0.09843205574912892 0.2987565445026178 0.04790940766550522 0.08115183246073299
1 0.26426393728222997 0.37483638743455494 0.05335365853658536 0.093913612565445
1 0.2381315331010453 0.33573298429319376 0.040722996515679455 0.06871727748691098
1 0.3236062717770035 0.4213023560209424 0.06402439024390244 0.12336387434554974
1 0.34385888501742157 0.7557264397905759 0.13980836236933797 0.2418193717277487
1 0.4555749128919861 0.5415575916230366 0.09059233449477355 0.14856020942408382
1 0.3868684668989547 0.3715641361256544 0.05553135888501742 0.09587696335078538
1 0.323170731707317 0.30513743455497383 0.05618466898954705 0.08998691099476441
1 0.4236716027874564 0.3262434554973822 0.04769163763066203 0.08311518324607331
1 0.49466463414634143 0.4258835078534031 0.059015679442508684 0.10765706806282721
1 0.46265243902439024 0.39496073298429324 0.04856271777003485 0.08965968586387435
1 0.5357142857142857 0.31675392670157065 0.04137630662020908 0.0772251308900524
1 0.5946210801393728 0.36583769633507857 0.0498693379790941 0.09489528795811514
1 0.616506968641115 0.34211387434554974 0.03571428571428581 0.081479057591623
1 0.6509146341463414 0.5463023560209425 0.09625435540069682 0.17964659685863876
1 0.672691637630662 0.4756217277486911 0.059668989547038254 0.10569371727748689
1 0.6931620209059233 0.4042866492146597 0.05270034843205573 0.09195026178010468
1 0.7359538327526132 0.35962041884816753 0.05117595818815335 0.0844240837696335
1 0.741506968641115 0.29466623036649214 0.05139372822299659 0.08540575916230364
1 0.7043771777003485 0.2627617801047121 0.044207317073170715 0.08965968586387435
1 0.8125 0.32198952879581155 0.04703832752613235 0.07918848167539266
1 0.8278527874564461 0.3732002617801047 0.0498693379790941 0.09260471204188486
1 0.8445121951219512 0.45337041884816753 0.061846689895470375 0.10569371727748694
1 0.8711890243902439 0.6454515706806283 0.13044425087108014 0.20713350785340312
1 0.8027003484320557 0.5147251308900523 0.09494773519163768 0.15837696335078538
1 0.8391768292682926 0.2697971204188482 0.041594076655052326 0.08213350785340315
1 0.9094076655052264 0.32575261780104714 0.04268292682926833 0.09718586387434552
1 0.9326001742160279 0.2882853403141361 0.045513937282229966 0.087696335078534
