1 0.12040441176470587 0.5980392156862745 0.09191176470588235 0.130718954248366
1 0.1478247549019608 0.5098039215686274 0.056066176470588244 0.07189542483660127
1 0.1090686274509804 0.5163398692810457 0.036764705882352935 0.04901960784313725
1 0.10049019607843138 0.48304738562091504 0.03431372549019608 0.03799019607843135
1 0.2103247549019608 0.5118464052287581 0.046262254901960786 0.0678104575163398
1 0.23391544117647056 0.4948937908496732 0.03952205882352941 0.05351307189542487
1 0.2824754901960784 0.5267565359477124 0.03799019607843135 0.061683006535947715
1 0.3193933823529411 0.5412581699346406 0.0628063725490196 0.08660130718954251
1 0.3740808823529412 0.5622957516339869 0.08517156862745101 0.12459150326797386
1 0.47610294117647056 0.5257352941176471 0.04105392156862747 0.059640522875817004
1 0.4465379901960784 0.4963235294117647 0.032781862745098034 0.04493464052287588
1 0.47487745098039214 0.38031045751633985 0.03125 0.04575163398692811
1 0.5029105392156863 0.49040032679738566 0.029105392156862753 0.051062091503268014
1 0.5317095588235294 0.511437908496732 0.03584558823529416 0.05473856209150324
1 0.5585171568627452 0.4948937908496732 0.03431372549019607 0.060049019607843146
1 0.5491727941176471 0.6482843137254901 0.12775735294117646 0.20343137254901966
1 0.6609987745098039 0.5502450980392157 0.07015931372549011 0.09885620915032678
1 0.6266850490196079 0.519812091503268 0.03584558823529416 0.07148692810457519
1 0.6404718137254902 0.4948937908496732 0.032169117647058876 0.0518790849673203
1 0.6721813725490196 0.4875408496732026 0.028186274509803932 0.03472222222222221
1 0.720281862745098 0.5218545751633987 0.04718137254901966 0.07393790849673204
1 0.7244178921568627 0.4973447712418301 0.02971813725490191 0.052696078431372584
1 0.7801776960784315 0.5079656862745098 0.03523284313725494 0.04779411764705882
1 0.8178615196078431 0.5049019607843137 0.029718137254902022 0.04983660130718953
1 0.8417585784313726 0.49836601307189543 0.026654411764705843 0.04656862745098045
1 0.8791360294117647 0.502859477124183 0.03462009803921573 0.059640522875817004
1 0.9113051470588235 0.5386029411764706 0.04197303921568629 0.06576797385620914
1 0.8284313725490196 0.5606617647058824 0.06433823529411764 0.07802287581699341
1 0.9643075980392157 0.5831290849673203 0.06403186274509809 0.13439542483660127
1 0.9292279411764706 0.5038807189542484 0.03125 0.051879084967320244
1 0.9676776960784313 0.5 0.0333946078431373 0.05392156862745101
