1 0.2766450417052827 0.21869782971619367 0.015755329008341035 0.03005008347245411
1 0.329935125115848 0.20450751252086813 0.0129749768303985 0.03171953255425711
1 0.3276181649675626 0.24457429048414026 0.01946246524559775 0.03171953255425711
1 0.3702502316960148 0.1994991652754591 0.01760889712696939 0.025041736227045086
1 0.3948100092678406 0.2011686143572621 0.0129749768303985 0.02170283806343909
1 0.41936978683966636 0.2378964941569282 0.025023169601482875 0.04173622704507515
1 0.44670991658943465 0.2595993322203673 0.020389249304911927 0.035058430717863104
1 0.48887859128822986 0.2287145242070117 0.01946246524559775 0.03672787979966613
1 0.463855421686747 0.20784641068447413 0.01575532900834109 0.035058430717863104
1 0.4749768303985171 0.19198664440734559 0.013901760889712678 0.03005008347245411
1 0.4402224281742354 0.17529215358931552 0.0129749768303985 0.026711185308848084
1 0.43049119555143656 0.14858096828046746 0.010194624652455964 0.020033388981636063
1 0.3818350324374421 0.18113522537562604 0.012974976830398555 0.018363939899833037
1 0.39805375347544025 0.18030050083472454 0.015755329008341035 0.026711185308848084
1 0.40129749768303985 0.24290484140233723 0.020389249304911927 0.04507512520868112
1 0.520389249304912 0.17612687813021705 0.01575532900834109 0.035058430717863104
1 0.535681186283596 0.16277128547579298 0.011121408711770142 0.028380634390651083
1 0.5523632993512512 0.1886477462437396 0.016682113067655324 0.0367278797996661
1 0.5055607043558851 0.15191986644407346 0.01204819277108432 0.023372287145242088
1 0.474050046339203 0.16193656093489148 0.013901760889712678 0.026711185308848084
1 0.4666357738646896 0.14023372287145242 0.01204819277108432 0.02337228714524206
1 0.49953660797034294 0.13772954924874792 0.011121408711770198 0.02170283806343906
1 0.5027803521779426 0.12186978297161936 0.012048192771084376 0.020033388981636063
1 0.5236329935125116 0.12604340567612687 0.009267840593141896 0.018363939899833037
1 0.5347544022242817 0.13689482470784642 0.011121408711770142 0.020033388981636063
1 0.5653382761816497 0.13856427378964942 0.01297497683039861 0.026711185308848084
1 0.5848007414272474 0.12270450751252086 0.009267840593141785 0.02170283806343906
1 0.603336422613531 0.11352253756260434 0.009267840593141896 0.020033388981636063
1 0.6218721037998146 0.14023372287145242 0.011121408711770142 0.02337228714524206
1 0.6098239110287302 0.1343906510851419 0.0129749768303985 0.02838063439065107
1 0.6269694161260426 0.11686143572621036 0.008341056533827551 0.023372287145242088
1 0.6570898980537535 0.13522537562604342 0.011121408711770142 0.02337228714524206
1 0.6830398517145505 0.12520868113522537 0.009267840593141896 0.026711185308848084
1 0.6533827618164968 0.11101836393989983 0.007414272474513428 0.02170283806343906
1 0.6668211306765524 0.11936560934891487 0.008341056533827551 0.018363939899833065
1 0.6209453197405005 0.1652754590984975 0.014828544949026856 0.026711185308848084
1 0.5996292863762743 0.166110183639399 0.01853568118628357 0.035058430717863104
1 0.5750695088044486 0.2287145242070117 0.019462465245597804 0.03338898163606008
1 0.5787766450417053 0.27462437395659434 0.023169601482854518 0.048414023372287174
1 0.6251158480074143 0.25542570951585974 0.023169601482854407 0.050083472454090144
1 0.6348470806302131 0.20116861435726208 0.016682113067655213 0.035058430717863104
1 0.6556997219647822 0.18530884808013354 0.017608897126969447 0.033388981636060105
1 0.6955514365152919 0.17445742904841402 0.013901760889712733 0.03171953255425708
1 0.7025023169601483 0.19282136894824708 0.0129749768303985 0.028380634390651083
1 0.6658943466172382 0.22537562604340566 0.02131603336422605 0.04340567612687815
1 0.680259499536608 0.27879799666110183 0.02409638554216864 0.04006677796327213
1 0.7261353104726598 0.2904841402337229 0.023169601482854518 0.05008347245409017
1 0.7233549582947174 0.24457429048414023 0.019462465245597804 0.04507512520868112
1 0.7307692307692308 0.1419031719532554 0.013901760889712622 0.026711185308848057
1 0.7451343836886005 0.1335559265442404 0.011121408711770142 0.02671118530884807
1 0.7571825764596849 0.16110183639399 0.01297497683039861 0.035058430717863104
1 0.7752548656163114 0.14440734557595994 0.012048192771084265 0.03171953255425708
1 0.747914735866543 0.20701168614357263 0.016682113067655213 0.033388981636060105
1 0.7344763670064876 0.1894824707846411 0.013901760889712622 0.03171953255425711
1 0.7794253938832252 0.23038397328881471 0.016682113067655213 0.0367278797996661
1 0.7650602409638554 0.25459098497495825 0.017608897126969447 0.03839732888146913
1 0.794253938832252 0.2913188647746244 0.022242817423540395 0.048414023372287174
1 0.8405931417979611 0.3138564273789649 0.024096385542168752 0.05008347245409012
1 0.8382761816496755 0.2387312186978297 0.01575532900834109 0.040066777963272154
1 0.8429101019462465 0.19782971619365608 0.013901760889712733 0.035058430717863104
1 0.8392029657089898 0.171118530884808 0.013901760889712733 0.02170283806343906
1 0.8498609823911029 0.15358931552587646 0.011121408711770142 0.023372287145242088
1 0.840129749768304 0.14691151919866444 0.010194624652456019 0.023372287145242088
1 0.8280815569972196 0.14023372287145242 0.012048192771084265 0.026711185308848084
1 0.8067655236329936 0.15025041736227046 0.012048192771084376 0.026711185308848084
1 0.7951807228915663 0.1619365609348915 0.011121408711770142 0.02337228714524206
1 0.7924003707136237 0.13689482470784642 0.011121408711770142 0.020033388981636063
1 0.8716404077849861 0.18363939899833054 0.013901760889712733 0.03005008347245411
1 0.8790546802594996 0.1652754590984975 0.012048192771084376 0.026711185308848084
1 0.9110287303058386 0.15776293823038398 0.0129749768303985 0.028380634390651083
1 0.901760889712697 0.17779632721202004 0.011121408711770142 0.02504173622704506
1 0.8980537534754403 0.2045075125208681 0.0129749768303985 0.028380634390651083
1 0.8781278962001854 0.25959933222036724 0.017608897126969447 0.04841402337228712
1 0.8836886005560705 0.2295492487479132 0.013901760889712733 0.03171953255425708
1 0.917516218721038 0.2337228714524207 0.016682113067655213 0.0400667779632721
1 0.927710843373494 0.27796327212020033 0.016682113067655324 0.048414023372287174
1 0.91241890639481 0.3739565943238731 0.023169601482854518 0.06343906510851416
1 0.9416126042632067 0.21368948247078465 0.009267840593141785 0.03005008347245408
1 0.9318813716404077 0.19282136894824708 0.012048192771084376 0.028380634390651083
1 0.9388322520852641 0.1702838063439065 0.011121408711770142 0.03005008347245411
1 0.927710843373494 0.22537562604340566 0.014828544949026856 0.033388981636060105
