1 0.19795918367346937 0.3374233128834356 0.028571428571428553 0.05521472392638038
1 0.10510204081632654 0.8052147239263803 0.09591836734693879 0.1380368098159509
1 0.1704081632653061 0.6411042944785276 0.05918367346938777 0.07975460122699385
1 0.2173469387755102 0.6319018404907975 0.055102040816326525 0.09815950920245398
1 0.17142857142857143 0.584355828220859 0.02857142857142858 0.046012269938650374
1 0.20510204081632655 0.5659509202453987 0.038775510204081626 0.05214723926380371
1 0.2204081632653061 0.8588957055214723 0.11020408163265302 0.16564417177914115
1 0.32448979591836735 0.6779141104294478 0.06938775510204082 0.11042944785276076
1 0.36020408163265305 0.6441717791411044 0.055102040816326525 0.09815950920245398
1 0.31326530612244896 0.6150306748466257 0.04285714285714287 0.05828220858895705
1 0.31020408163265306 0.5904907975460123 0.03673469387755102 0.07055214723926384
1 0.423469387755102 0.5828220858895705 0.04285714285714287 0.07361963190184051
1 0.4714285714285714 0.6303680981595092 0.048979591836734726 0.08895705521472397
1 0.4806122448979592 0.6794478527607362 0.05102040816326525 0.08895705521472397
1 0.5326530612244899 0.7975460122699387 0.1102040816326531 0.1901840490797545
1 0.5683673469387756 0.6104294478527608 0.04693877551020409 0.06134969325153372
1 0.5448979591836735 0.5736196319018405 0.04081632653061229 0.06134969325153372
1 0.65 0.6226993865030674 0.055102040816326525 0.09815950920245398
1 0.7020408163265306 0.6150306748466258 0.04081632653061229 0.0644171779141105
1 0.75 0.5996932515337423 0.04693877551020398 0.07055214723926384
1 0.7714285714285714 0.5751533742331287 0.032653061224489854 0.05828220858895705
1 0.7857142857142857 0.6134969325153374 0.03673469387755102 0.07361963190184051
1 0.7336734693877551 0.7361963190184049 0.06326530612244896 0.1165644171779141
1 0.8244897959183674 0.852760736196319 0.13469387755102047 0.21472392638036808
1 0.8275510204081633 0.6702453987730062 0.055102040816326525 0.0950920245398773
1 0.8724489795918366 0.5797546012269938 0.04693877551020409 0.06134969325153372
1 0.9602040816326531 0.7269938650306749 0.06734693877551023 0.09815950920245398
1 0.9653061224489796 0.6073619631901841 0.04081632653061229 0.06748466257668706
