1 0.3529980657640232 0.21206896551724136 0.01934235976789167 0.041379310344827586
1 0.4047388781431335 0.2482758620689655 0.022243713733075432 0.04482758620689653
1 0.4332688588007737 0.21724137931034482 0.013539651837524147 0.03448275862068964
1 0.45454545454545453 0.22241379310344828 0.01934235976789167 0.041379310344827586
1 0.5135396518375241 0.21982758620689655 0.01934235976789167 0.036206896551724155
1 0.5174081237911026 0.18362068965517242 0.01740812379110246 0.02931034482758621
1 0.553191489361702 0.19310344827586207 0.015473887814313358 0.03793103448275864
1 0.5991295938104448 0.1706896551724138 0.02030947775628633 0.031034482758620696
1 0.6382978723404256 0.13706896551724138 0.013539651837524147 0.03275862068965517
1 0.7195357833655707 0.06293103448275862 0.013539651837524258 0.02931034482758621
1 0.7330754352030948 0.18275862068965515 0.01934235976789167 0.041379310344827586
1 0.6813346228239845 0.1939655172413793 0.01837524177949712 0.03275862068965518
1 0.6561895551257253 0.25689655172413794 0.022243713733075432 0.04482758620689656
1 0.7441972920696325 0.2775862068965517 0.022243713733075432 0.05517241379310345
1 0.7935203094777563 0.2603448275862069 0.02030947775628622 0.041379310344827586
1 0.86605415860735 0.34396551724137936 0.022243713733075432 0.04999999999999999
1 0.8873307543520309 0.29568965517241375 0.01837524177949712 0.04999999999999999
1 0.8549323017408124 0.2327586206896552 0.015473887814313358 0.03793103448275861
1 0.86605415860735 0.2 0.014506769825918808 0.03793103448275861
1 0.9134429400386848 0.22413793103448276 0.01644100580270791 0.03448275862068967
1 0.9477756286266925 0.21034482758620687 0.015473887814313358 0.03793103448275861
1 0.9516441005802707 0.2827586206896552 0.01740812379110246 0.04137931034482756
