1 0.0421875 0.8942065491183879 0.08125 0.18639798488664994
1 0.0625 0.8161209068010076 0.071875 0.11586901763224189
1 0.1390625 0.7418136020151134 0.05937500000000001 0.10831234256926958
1 0.18046875 0.7506297229219143 0.07343750000000002 0.1309823677581864
1 0.25234375 0.8702770780856424 0.1109375 0.19899244332493704
1 0.17109375 0.9269521410579344 0.15156250000000002 0.146095717884131
1 0.26953125 0.7493702770780857 0.06718749999999998 0.11335012594458438
1 0.35859375000000004 0.743073047858942 0.05781249999999999 0.10579345088161218
1 0.39765625 0.8085642317380353 0.0859375 0.1561712846347607
1 0.49374999999999997 0.9093198992443325 0.14687499999999998 0.18136020151133503
1 0.49375 0.7682619647355164 0.078125 0.11083123425692698
1 0.55 0.743073047858942 0.05937500000000007 0.10579345088161218
1 0.6109375 0.7959697732997482 0.08125000000000004 0.1511335012594458
1 0.678125 0.7959697732997482 0.07499999999999996 0.1309823677581864
1 0.69375 0.7002518891687657 0.059374999999999956 0.10579345088161218
1 0.9624999999999999 0.6851385390428212 0.07187500000000002 0.12594458438287148
