1 0.057272727272727274 0.526634382566586 0.10363636363636364 0.14769975786924944
1 0.10727272727272727 0.3898305084745763 0.03999999999999998 0.06295399515738498
1 0.22454545454545455 0.27360774818401934 0.04181818181818181 0.058111380145278446
1 0.21 0.4624697336561744 0.09272727272727271 0.10653753026634388
1 0.37636363636363634 0.4515738498789347 0.07636363636363636 0.1283292978208233
1 0.4390909090909091 0.36077481840193704 0.06 0.07748184019370463
1 0.36636363636363634 0.3341404358353511 0.03818181818181815 0.06295399515738498
1 0.6290909090909091 0.3668280871670702 0.043636363636363584 0.060532687651331685
1 0.6545454545454545 0.3305084745762712 0.036363636363636376 0.05084745762711862
1 0.7209090909090909 0.29782082324455206 0.038181818181818206 0.06295399515738498
1 0.7781818181818182 0.44309927360774815 0.10181818181818181 0.16949152542372875
1 0.7790909090909091 0.36319612590799033 0.07454545454545458 0.09200968523002423
1 0.8536363636363636 0.3220338983050848 0.049090909090909074 0.0726392251815981
1 0.9190909090909092 0.35835351089588374 0.0636363636363636 0.07748184019370458
1 0.9727272727272727 0.3365617433414043 0.054545454545454564 0.08232445520581116
