1 0.13853367433930094 0.5343839541547277 0.0434782608695652 0.08022922636103147
1 0.2361466325660699 0.34097421203438394 0.01705029838022165 0.0315186246418338
1 0.2591645353793691 0.39255014326647564 0.02387041773231033 0.04011461318051579
1 0.28815004262574595 0.3825214899713467 0.023870417732310356 0.0515759312320917
1 0.29070758738277924 0.32163323782234954 0.018755328218243827 0.03295128939828079
1 0.34782608695652173 0.36174785100286533 0.025575447570332477 0.05014326647564471
1 0.32907075873827796 0.33739255014326647 0.018755328218243827 0.0386819484240688
1 0.36445012787723785 0.332378223495702 0.019607843137254943 0.03151862464183386
1 0.36445012787723785 0.3037249283667621 0.01619778346121059 0.028653295128939826
1 0.40068201193520886 0.2657593123209169 0.01705029838022165 0.030085959885386815
1 0.421994884910486 0.3402578796561605 0.0238704177323103 0.038681948424068746
1 0.39300937766410915 0.34957020057306587 0.025575447570332532 0.04584527220630369
1 0.4565217391304348 0.33810888252148996 0.02131287297527712 0.04297994269340977
1 0.4424552429667519 0.3116045845272206 0.020460358056266004 0.03295128939828079
1 0.4198635976129582 0.3037249283667622 0.019607843137254888 0.034383954154727836
1 0.42114236999147486 0.2743553008595988 0.01705029838022165 0.030085959885386815
1 0.43947144075021316 0.2643266475644699 0.014492753623188415 0.030085959885386815
1 0.4514066496163683 0.2836676217765043 0.01790281329923271 0.04011461318051579
1 0.4820971867007673 0.3180515759312321 0.02301790281329924 0.04297994269340971
1 0.48550724637681164 0.2722063037249284 0.019607843137254888 0.03724928366762176
1 0.47911338448422847 0.24283667621776503 0.015345268542199475 0.030085959885386815
1 0.5242966751918159 0.2657593123209169 0.022165387894288124 0.038681948424068746
1 0.5157715260017051 0.34025787965616044 0.027280477408354598 0.044412607449856756
1 0.5413469735720375 0.2808022922636103 0.01705029838022165 0.04297994269340977
1 0.5635123614663257 0.25716332378223494 0.01534526854219953 0.038681948424068774
1 0.5758738277919864 0.28796561604584525 0.01619778346121059 0.03438395415472778
1 0.5954816709292412 0.2693409742120344 0.017902813299232823 0.0315186246418338
1 0.5728900255754477 0.22636103151862463 0.011935208866155178 0.02578796561604585
1 0.5873827791986359 0.22206303724928367 0.013640238704177299 0.0315186246418338
1 0.5916453537936914 0.24570200573065903 0.01705029838022165 0.030085959885386787
1 0.6206308610400681 0.25429799426934097 0.01705029838022165 0.030085959885386843
1 0.6334185848252345 0.21203438395415472 0.013640238704177299 0.0315186246418338
1 0.6483375959079284 0.21203438395415472 0.01449275362318847 0.0315186246418338
1 0.6555839727195226 0.25501432664756446 0.018755328218243772 0.03438395415472781
1 0.6436487638533674 0.23782234957020057 0.01705029838022165 0.028653295128939826
1 0.6926683716965047 0.21131805157593123 0.01619778346121048 0.02435530085959886
1 0.6986359761295823 0.24212034383954154 0.01790281329923271 0.0315186246418338
1 0.7097186700767264 0.22564469914040114 0.01619778346121048 0.03295128939828079
1 0.6926683716965047 0.27650429799426934 0.01619778346121048 0.034383954154727836
1 0.4948849104859335 0.4140401146131805 0.03324808184143224 0.06590257879656158
1 0.555839727195226 0.3631805157593123 0.02898550724637683 0.05300859598853869
1 0.5490196078431373 0.43338108882521487 0.037510656436487655 0.06446991404011465
1 0.6108269394714407 0.45702005730659023 0.03495311167945436 0.0716332378223496
1 0.6585677749360614 0.4613180515759312 0.040068201193520836 0.07736389684813755
1 0.63000852514919 0.37177650429799425 0.03069053708439895 0.055873925501432664
1 0.6206308610400681 0.32736389684813755 0.023870417732310245 0.04727793696275073
1 0.6538789428815004 0.3015759312320917 0.022165387894288124 0.04727793696275073
1 0.6679454390451833 0.34957020057306587 0.021312872975277064 0.04297994269340971
1 0.6798806479113384 0.3674785100286533 0.02813299232736577 0.055873925501432664
1 0.7037510656436488 0.3173352435530086 0.01790281329923271 0.04154727793696272
1 0.726768968456948 0.30659025787965616 0.019607843137254943 0.04011461318051579
1 0.7289002557544757 0.25573065902578795 0.01534526854219953 0.0358166189111748
1 0.7131287297527706 0.3646131805157593 0.023017902813299185 0.05014326647564471
1 0.7463768115942029 0.4068767908309456 0.02983802216538789 0.054441260744985676
1 0.7263427109974425 0.5386819484240688 0.039215686274509776 0.07449856733524352
1 0.8363171355498722 0.58810888252149 0.037510656436487655 0.08166189111747846
1 0.7975277067348678 0.4276504297994269 0.03324808184143224 0.061604584527220674
1 0.8699914748508099 0.4699140401146132 0.03324808184143224 0.0630372492836676
1 0.7617220801364024 0.25501432664756446 0.01790281329923271 0.03438395415472781
1 0.7719522591645354 0.24498567335243554 0.012787723785166238 0.031518624641833776
1 0.803921568627451 0.2858166189111748 0.01705029838022165 0.038681948424068746
1 0.7983802216538789 0.26862464183381085 0.01449275362318836 0.030085959885386815
1 0.8115942028985508 0.26862464183381085 0.01534526854219942 0.03581661891117477
1 0.8073316283034953 0.24713467048710602 0.013640238704177299 0.030085959885386787
1 0.8371696504688833 0.24785100286532952 0.01705029838022165 0.037249283667621785
1 0.8516624040920716 0.27578796561604585 0.018755328218243772 0.0386819484240688
1 0.8422847399829497 0.29799426934097417 0.01534526854219953 0.0315186246418338
1 0.8580562659846547 0.34097421203438394 0.019607843137254943 0.04297994269340971
1 0.8444160272804774 0.3646131805157593 0.024722932651321416 0.05300859598853869
1 0.8883205456095482 0.4040114613180516 0.03069053708439895 0.05730659025787965
1 0.9394714407502132 0.45702005730659023 0.03069053708439895 0.06590257879656164
1 0.9543904518329072 0.3660458452722063 0.021312872975277064 0.05300859598853869
1 0.9552429667519182 0.32664756446991405 0.01619778346121048 0.040114613180515735
1 0.9650468883205456 0.30802292263610315 0.01705029838022165 0.03724928366762181
1 0.9714407502131287 0.2915472779369628 0.01619778346121059 0.03295128939828079
1 0.9104859335038362 0.26217765042979946 0.013640238704177299 0.0315186246418338
1 0.8738277919863597 0.2643266475644699 0.01534526854219953 0.03295128939828079
1 0.8883205456095482 0.2786532951289398 0.018755328218243883 0.0386819484240688
1 0.8738277919863597 0.3330945558739255 0.022165387894288124 0.044412607449856756
1 0.9011082693947143 0.3452722063037249 0.020460358056266004 0.048710601719197666
1 0.918158567774936 0.32736389684813755 0.018755328218243883 0.04154727793696278
1 0.927536231884058 0.3044412607449857 0.01705029838022165 0.03295128939828085
