1 0.25310344827586206 0.48340248962655596 0.03172413793103446 0.04979253112033194
1 0.3448275862068966 0.5062240663900415 0.035862068965517246 0.04979253112033194
1 0.3317241379310345 0.48547717842323646 0.0289655172413793 0.04979253112033194
1 0.4027586206896552 0.504149377593361 0.046896551724137925 0.06639004149377592
1 0.3986206896551724 0.3879668049792531 0.022068965517241412 0.04149377593360992
1 0.27586206896551724 0.6120331950207469 0.05517241379310345 0.07883817427385897
1 0.26482758620689656 0.5632780082987552 0.035862068965517246 0.051867219917012486
1 0.39586206896551723 0.6400414937759336 0.09379310344827585 0.13485477178423244
1 0.463448275862069 0.5985477178423236 0.05517241379310345 0.07676348547717837
1 0.48551724137931035 0.4657676348547718 0.030344827586206935 0.04356846473029047
1 0.5441379310344827 0.46265560165975106 0.03448275862068961 0.05394190871369292
1 0.576551724137931 0.5062240663900415 0.04137931034482756 0.06639004149377592
1 0.5813793103448276 0.6317427385892116 0.09517241379310337 0.13485477178423233
1 0.6841379310344828 0.8848547717842323 0.21241379310344832 0.23029045643153523
1 0.9468965517241379 0.8402489626556016 0.1062068965517241 0.2821576763485477
1 0.826896551724138 0.5176348547717842 0.053793103448275814 0.09751037344398339
1 0.8875862068965517 0.5186721991701245 0.059310344827586126 0.0829875518672199
1 0.9517241379310344 0.4906639004149378 0.04137931034482756 0.07261410788381745
1 0.766896551724138 0.5072614107883817 0.044137931034482714 0.06431535269709543
1 0.7310344827586207 0.4699170124481328 0.03310344827586209 0.04771784232365145
1 0.7172413793103448 0.4481327800829875 0.03310344827586209 0.04564315352697096
1 0.6675862068965517 0.46473029045643155 0.027586206896551668 0.04564315352697096
1 0.6565517241379311 0.5093360995850622 0.049655172413793136 0.06431535269709537
