1 0.07578125 0.24305555555555558 0.065625 0.15833333333333335
1 0.054296875 0.15486111111111112 0.04453125000000001 0.08472222222222221
1 0.011328125 0.2236111111111111 0.01953125 0.1138888888888889
1 0.17812499999999998 0.19166666666666665 0.040624999999999994 0.08333333333333334
1 0.194921875 0.25416666666666665 0.03828124999999999 0.08611111111111111
1 0.27851562500000004 0.23888888888888887 0.05546875000000001 0.11666666666666667
1 0.30078125 0.19722222222222222 0.050000000000000044 0.09444444444444444
1 0.39140624999999996 0.22569444444444442 0.04218749999999999 0.09027777777777776
1 0.48359375000000004 0.21180555555555555 0.03593750000000001 0.07361111111111113
1 0.519140625 0.21180555555555555 0.05234374999999997 0.11527777777777776
1 0.559765625 0.1875 0.03359374999999998 0.1027777777777778
1 0.594140625 0.1798611111111111 0.032031249999999956 0.07083333333333336
1 0.6625000000000001 0.20555555555555555 0.03749999999999998 0.09722222222222221
1 0.696875 0.20347222222222222 0.035937499999999956 0.07916666666666666
1 0.792578125 0.18819444444444444 0.03515625 0.09583333333333333
1 0.92734375 0.4180555555555555 0.109375 0.2361111111111111
