1 0.16103603603603606 0.6988636363636364 0.1463963963963964 0.1477272727272727
1 0.14076576576576577 0.5 0.09684684684684686 0.10795454545454541
1 0.18693693693693691 0.39204545454545453 0.09009009009009009 0.08522727272727271
1 0.036036036036036036 0.31534090909090906 0.05855855855855856 0.08522727272727276
1 0.16891891891891891 0.25426136363636365 0.07207207207207206 0.08238636363636365
1 0.21621621621621623 0.2159090909090909 0.04954954954954957 0.0625
1 0.3063063063063063 0.22869318181818182 0.0675675675675676 0.07102272727272729
1 0.24887387387387389 0.31107954545454547 0.07432432432432434 0.09375
1 0.32995495495495497 0.5269886363636364 0.11486486486486486 0.10511363636363641
1 0.38400900900900903 0.3821022727272727 0.09684684684684686 0.09943181818181818
1 0.4774774774774775 0.2215909090909091 0.04954954954954954 0.06818181818181818
1 0.6103603603603603 0.21448863636363635 0.05855855855855863 0.05965909090909091
1 0.5506756756756757 0.29971590909090906 0.056306306306306286 0.07670454545454547
1 0.597972972972973 0.3821022727272727 0.07432432432432423 0.08238636363636365
1 0.6418918918918919 0.5610795454545454 0.11711711711711703 0.19602272727272724
1 0.6430180180180181 0.7315340909090908 0.15990990990990994 0.16193181818181823
1 0.9538288288288288 0.5 0.09234234234234229 0.1363636363636364
1 0.9110360360360361 0.38778409090909094 0.10585585585585588 0.12215909090909088
1 0.7781531531531531 0.25142045454545453 0.0788288288288288 0.0994318181818182
1 0.7443693693693694 0.19318181818181818 0.06531531531531531 0.07954545454545453
