1 0.12438825448613378 0.5477207977207976 0.04159869494290376 0.07834757834757833
1 0.21084828711256118 0.34971509971509973 0.02039151712887438 0.03846153846153849
1 0.23858075040783033 0.3774928774928775 0.023654159869494262 0.04558404558404555
1 0.2671288743882545 0.3839031339031339 0.02202283849918435 0.04700854700854701
1 0.26753670473083196 0.31837606837606836 0.019575856443719397 0.03561253561253558
1 0.3230016313213703 0.35826210826210825 0.027732463295269183 0.04700854700854701
1 0.33727569331158236 0.33760683760683763 0.018760195758564413 0.037037037037037035
1 0.30057096247960846 0.3383190883190883 0.02202283849918435 0.04131054131054129
1 0.3323817292006525 0.301994301994302 0.015497553017944532 0.031339031339031376
1 0.3650081566068516 0.34259259259259256 0.02202283849918435 0.04131054131054129
1 0.3915171288743883 0.33760683760683763 0.024469820554649246 0.04558404558404555
1 0.38662316476345837 0.301994301994302 0.017944535073409484 0.03418803418803418
1 0.3853996737357259 0.2841880341880342 0.015497553017944532 0.024216524216524205
1 0.3756117455138662 0.2621082621082621 0.0171288743882545 0.03418803418803418
1 0.4110929853181077 0.25925925925925924 0.01794453507340943 0.03703703703703706
1 0.43148450244698205 0.26424501424501423 0.01631321370309946 0.035612535612535606
1 0.4159869494290375 0.31267806267806264 0.019575856443719397 0.03846153846153849
1 0.433931484502447 0.3532763532763533 0.026101141924959215 0.04273504273504275
1 0.4465742251223491 0.32193732193732194 0.02202283849918435 0.03988603988603989
1 0.47879282218597063 0.32407407407407407 0.024469820554649302 0.05555555555555558
1 0.4437194127243067 0.27350427350427353 0.016313213703099516 0.03133903133903132
1 0.44494290375203915 0.24643874643874644 0.012234910277324595 0.02849002849002852
1 0.45228384991843396 0.23717948717948717 0.017128874388254445 0.024216524216524232
1 0.49959216965742254 0.2742165242165242 0.01876019575856447 0.04131054131054129
1 0.49836867862969003 0.24287749287749288 0.01631321370309946 0.02991452991452992
1 0.519168026101142 0.25213675213675213 0.01876019575856447 0.03418803418803418
1 0.5330342577487766 0.2813390313390314 0.01876019575856447 0.04131054131054129
1 0.553425774877651 0.25783475783475784 0.01876019575856447 0.03988603988603989
1 0.5452691680261011 0.2207977207977208 0.0171288743882545 0.02849002849002849
1 0.552610114192496 0.20797720797720798 0.015497553017944532 0.02564102564102566
1 0.5823817292006526 0.2571225071225071 0.01794453507340943 0.035612535612535606
1 0.5815660685154975 0.23005698005698005 0.014681892332789603 0.027065527065527062
1 0.5909461663947798 0.2101139601139601 0.0171288743882545 0.02991452991452992
1 0.6105220228384991 0.21794871794871795 0.015497553017944532 0.037037037037037035
1 0.6194942903752039 0.23076923076923078 0.015497553017944532 0.02849002849002849
1 0.6186786296900488 0.25925925925925924 0.015497553017944532 0.039886039886039865
1 0.6455954323001631 0.2143874643874644 0.013866231647634564 0.027065527065527062
1 0.6561990212071778 0.2378917378917379 0.015497553017944532 0.03418803418803418
1 0.6615008156606852 0.22008547008547008 0.01631321370309957 0.02991452991452992
1 0.4535073409461664 0.41666666666666663 0.03588907014681891 0.06695156695156695
1 0.5207993474714518 0.4237891737891738 0.03344208809135396 0.06980056980056981
1 0.515089722675367 0.3696581196581197 0.03181076672104405 0.055555555555555525
1 0.5811582381729201 0.3383190883190883 0.023654159869494262 0.04700854700854701
1 0.5950244698205547 0.38603988603988604 0.023654159869494262 0.04558404558404561
1 0.5701468189233279 0.45940170940170943 0.034257748776509 0.07549857549857547
1 0.6150081566068515 0.48717948717948717 0.04078303425774876 0.07122507122507116
1 0.6398858075040783 0.3831908831908832 0.028548123980424167 0.05982905982905984
1 0.6280587275693311 0.34971509971509973 0.022838499184339334 0.04415954415954415
1 0.615415986949429 0.3141025641025641 0.022022838499184294 0.04131054131054135
1 0.6500815660685155 0.2813390313390314 0.021207177814029365 0.04131054131054129
1 0.6566068515497553 0.31695156695156695 0.02446982055464919 0.04415954415954415
1 0.6700652528548123 0.37108262108262113 0.023654159869494262 0.04700854700854701
1 0.6977977161500816 0.41239316239316237 0.030179445350734024 0.05840455840455844
1 0.682300163132137 0.5477207977207976 0.038336052202283755 0.07834757834757833
1 0.7532626427406199 0.4301994301994302 0.03507340946166393 0.05982905982905984
1 0.802610114192496 0.5256410256410255 0.04241435562805873 0.08262108262108259
1 0.8291190864600326 0.47150997150997154 0.0367047308319739 0.06837606837606841
1 0.8870309951060359 0.47435897435897434 0.0367047308319739 0.07692307692307687
1 0.8356443719412724 0.4045584045584045 0.028548123980424167 0.0626780626780627
1 0.7920065252854812 0.36467236467236464 0.022838499184339334 0.04558404558404555
1 0.8062805872756933 0.344017094017094 0.022022838499184294 0.04700854700854701
1 0.7793637846655792 0.31695156695156695 0.01876019575856447 0.038461538461538436
1 0.7548939641109298 0.28774928774928776 0.020391517128874326 0.04273504273504275
1 0.7234910277324633 0.2706552706552707 0.01794453507340943 0.03418803418803418
1 0.6929037520391517 0.30270655270655267 0.020391517128874326 0.04131054131054129
1 0.6843393148450245 0.2613960113960114 0.01794453507340943 0.04131054131054132
1 0.7132952691680261 0.24715099715099714 0.013866231647634564 0.035612535612535606
1 0.7267536704730833 0.24786324786324787 0.014681892332789492 0.02564102564102566
1 0.7593800978792822 0.24430199430199429 0.019575856443719397 0.035612535612535606
1 0.7883360522022839 0.24430199430199429 0.0171288743882545 0.035612535612535606
1 0.8034257748776509 0.2727920227920228 0.019575856443719397 0.02991452991452992
1 0.8217781402936379 0.2613960113960114 0.015497553017944532 0.035612535612535606
1 0.833605220228385 0.27706552706552706 0.01794453507340943 0.04131054131054135
1 0.8511419249592169 0.26495726495726496 0.013866231647634564 0.03703703703703701
1 0.8291190864600326 0.32905982905982906 0.022022838499184294 0.04843304843304841
1 0.8499184339314845 0.33903133903133903 0.021207177814029365 0.04558404558404561
1 0.8747960848287113 0.3254985754985755 0.022022838499184405 0.04700854700854701
1 0.8768352365415987 0.297008547008547 0.01631321370309946 0.02991452991452992
1 0.8935562805872757 0.3269230769230769 0.020391517128874326 0.04131054131054135
1 0.9159869494290376 0.37037037037037035 0.02610114192495916 0.054131054131054124
1 0.9041598694942904 0.3084045584045584 0.020391517128874437 0.03846153846153849
1 0.9135399673735727 0.2849002849002849 0.01794453507340943 0.031339031339031376
