1 0.2261904761904762 0.5110803324099723 0.04444444444444445 0.09141274238227148
1 0.42460317460317465 0.2229916897506925 0.017460317460317454 0.030470914127423837
1 0.45515873015873015 0.2451523545706371 0.02619047619047621 0.04155124653739614
1 0.4285714285714286 0.27354570637119113 0.02380952380952378 0.037396121883656486
1 0.4873015873015873 0.3192520775623269 0.026984126984127 0.0650969529085873
1 0.5448412698412699 0.3573407202216067 0.02777777777777779 0.04709141274238232
1 0.8103174603174603 0.21329639889196678 0.023809523809523725 0.074792243767313
1 0.8865079365079365 0.2278393351800554 0.020634920634920673 0.045706371191135714
1 0.7503968253968254 0.16274238227146814 0.023015873015872934 0.03462603878116344
1 0.721031746031746 0.15304709141274236 0.016666666666666607 0.03185595567867036
