1 0.27010406811731313 0.22278056951423786 0.01419110690633868 0.03350083752093802
1 0.3249763481551561 0.2001675041876047 0.01419110690633868 0.03517587939698494
1 0.3358561967833491 0.23115577889447236 0.018921475875118277 0.04020100502512561
1 0.37890255439924314 0.24958123953098826 0.01797540208136239 0.04355108877721944
1 0.36707663197729423 0.19262981574539365 0.017029328287606393 0.03350083752093802
1 0.37795648060548725 0.17922948073701844 0.016083254493850563 0.03685092127303183
1 0.3935666982024598 0.19262981574539365 0.01702932828760645 0.03350083752093802
1 0.40350047303689685 0.1675041876046901 0.016083254493850563 0.030150753768844213
1 0.41863765373699147 0.2135678391959799 0.019867549668874163 0.041876046901172526
1 0.41296121097445604 0.26549413735343386 0.02175969725638599 0.04857621440536014
1 0.423841059602649 0.17839195979899497 0.017029328287606393 0.03182579564489113
1 0.424314096499527 0.14656616415410384 0.01419110690633868 0.0318257956448911
1 0.46972563859981076 0.1591289782244556 0.016083254493850563 0.03685092127303183
1 0.45837275307473985 0.1984924623115578 0.019867549668874163 0.038525963149078746
1 0.49621570482497634 0.21356783919597988 0.023651844843897818 0.03852596314907872
1 0.4796594134342479 0.18174204355108878 0.01892147587511822 0.041876046901172526
1 0.5009460737937559 0.18090452261306533 0.019867549668874218 0.040201005025125636
1 0.47303689687795647 0.135678391959799 0.011352885525070966 0.02680067001675042
1 0.49858088930936617 0.1323283082077052 0.015137180700094677 0.03350083752093802
1 0.5170293282876064 0.12646566164154105 0.014191106906338624 0.0318257956448911
1 0.5331125827814569 0.12814070351758794 0.014191106906338624 0.02847571189279731
1 0.5316934720908231 0.16164154103852596 0.017029328287606393 0.03182579564489113
1 0.5373699148533586 0.1984924623115578 0.02081362346263005 0.038525963149078746
1 0.5818353831598865 0.16666666666666669 0.017029328287606393 0.03852596314907872
1 0.5676442762535477 0.13651591289782244 0.015137180700094621 0.025125628140703515
1 0.5553453169347209 0.12395309882747069 0.013245033112582849 0.030150753768844227
1 0.5771050141911069 0.12227805695142378 0.015137180700094621 0.030150753768844213
1 0.5908230842005677 0.135678391959799 0.012298959318826852 0.02680067001675042
1 0.5998107852412489 0.10552763819095477 0.009460737937559194 0.023450586264656625
1 0.6054872280037843 0.12144053601340034 0.013245033112582849 0.028475711892797323
1 0.6234626300851467 0.13149078726968175 0.015137180700094621 0.02847571189279731
1 0.6253547776726585 0.11306532663316582 0.011352885525070966 0.02177554438860972
1 0.6248817407757805 0.09798994974874373 0.008514664143803197 0.02177554438860972
1 0.6556291390728477 0.10636515912897823 0.013245033112582849 0.035175879396984924
1 0.6750236518448439 0.10636515912897823 0.016083254493850507 0.02512562814070353
1 0.6821192052980132 0.1323283082077052 0.013245033112582738 0.030150753768844227
1 0.7076631977294229 0.11306532663316582 0.013245033112582849 0.0251256281407035
1 0.6551561021759698 0.1390284757118928 0.014191106906338735 0.033500837520938034
1 0.6149479659413434 0.16499162479061974 0.015137180700094621 0.028475711892797323
1 0.5577105014191107 0.2780569514237856 0.0331125827814569 0.08710217755443886
1 0.5775780510879849 0.271356783919598 0.023651844843897818 0.06365159128978226
1 0.6428571428571429 0.2386934673366834 0.023651844843897818 0.05192629815745395
1 0.6343424787133396 0.19681742043551087 0.021759697256385935 0.04522613065326633
1 0.6570482497634815 0.18174204355108878 0.021759697256386046 0.04857621440536014
1 0.6684011352885525 0.21440536013400335 0.021759697256386046 0.043551088777219416
1 0.6882686849574267 0.2562814070351759 0.021759697256386046 0.05025125628140703
1 0.7048249763481551 0.23031825795644892 0.018921475875118277 0.04522613065326636
1 0.7024597918637654 0.17420435510887772 0.01797540208136228 0.040201005025125636
1 0.695837275307474 0.16164154103852596 0.014191106906338735 0.03182579564489113
1 0.7256385998107853 0.1423785594639866 0.013245033112582738 0.03350083752093805
1 0.7336802270577105 0.18090452261306533 0.016083254493850507 0.03350083752093802
1 0.7587511825922422 0.2001675041876047 0.02081362346263005 0.04187604690117255
1 0.7790917691579943 0.21943048576214405 0.023651844843897818 0.043551088777219416
1 0.7417218543046358 0.26549413735343386 0.030274361400189242 0.06197654941373534
1 0.7611163670766319 0.2520938023450586 0.019867549668874163 0.04857621440536011
1 0.7918637653736992 0.29061976549413737 0.024597918637653704 0.06532663316582915
1 0.7573320719016083 0.15410385259631493 0.01797540208136228 0.030150753768844213
1 0.7483443708609272 0.13651591289782244 0.013245033112582738 0.02847571189279731
1 0.7535477767265847 0.12395309882747069 0.014191106906338735 0.030150753768844227
1 0.7743614001892147 0.1574539363484087 0.012298959318826852 0.03015075376884424
1 0.7965941343424787 0.16331658291457285 0.015137180700094621 0.0318257956448911
1 0.7890255439924314 0.1373534338358459 0.015137180700094621 0.030150753768844227
1 0.8084200567644276 0.15410385259631493 0.014191106906338735 0.030150753768844213
1 0.8150425733207189 0.13819095477386933 0.014191106906338624 0.028475711892797323
1 0.8358561967833491 0.16499162479061977 0.016083254493850507 0.03182579564489113
1 0.848155156102176 0.14824120603015076 0.014191106906338735 0.03182579564489113
1 0.8576158940397351 0.1708542713567839 0.014191106906338624 0.03350083752093802
1 0.8401135288552507 0.1934673366834171 0.017029328287606393 0.03182579564489113
1 0.8405865657521288 0.23366834170854273 0.019867549668874163 0.04522613065326633
1 0.8736991485335857 0.26549413735343386 0.023651844843897818 0.06197654941373534
1 0.8401135288552507 0.31239530988274705 0.032166508987701015 0.058626465661641536
1 0.9011352885525071 0.3525963149078727 0.03122043519394513 0.07872696817420433
1 0.9186376537369916 0.3015075376884422 0.018921475875118277 0.050251256281407086
1 0.9266792809839168 0.24874371859296482 0.01797540208136239 0.03852596314907869
1 0.9068117313150426 0.20519262981574538 0.01797540208136228 0.03852596314907872
1 0.879848628192999 0.15661641541038526 0.017029328287606393 0.03517587939698491
1 0.9087038789025544 0.15159128978224456 0.016083254493850507 0.03517587939698494
1 0.945127719962157 0.21273031825795646 0.013245033112582849 0.03350083752093805
1 0.9361400189214759 0.19514237855946398 0.014191106906338624 0.025125628140703515
1 0.9394512771996215 0.17169179229480735 0.013245033112582738 0.028475711892797323
