1 0.10472154963680388 0.3599033816425121 0.11016949152542374 0.15942028985507245
1 0.13559322033898305 0.2898550724637681 0.06537530266343826 0.1030595813204509
1 0.08837772397094432 0.2536231884057971 0.06053268765133172 0.09178743961352656
1 0.2754237288135593 0.30193236714975846 0.06174334140435833 0.10466988727858295
1 0.2566585956416465 0.26247987117552335 0.05084745762711865 0.07407407407407407
1 0.3450363196125908 0.3494363929146538 0.09443099273607747 0.15780998389694045
1 0.3976997578692494 0.30756843800322065 0.06658595641646492 0.11916264090177137
1 0.3710653753026634 0.24557165861513686 0.05447941888619856 0.0821256038647343
1 0.48849878934624696 0.2785829307568438 0.056900726392251744 0.08695652173913043
1 0.5780871670702179 0.31239935587761675 0.09322033898305082 0.16425120772946858
1 0.5635593220338984 0.2318840579710145 0.044794188861985496 0.06119162640901771
1 0.687046004842615 0.2463768115942029 0.04963680387409197 0.06441223832528181
1 0.7209443099273608 0.2584541062801932 0.05205811138014527 0.10144927536231882
1 0.7929782082324455 0.25442834138486314 0.04358353510895874 0.07085346215781
1 0.8644067796610169 0.36312399355877617 0.12106537530266348 0.18196457326892113
1 0.8468523002421308 0.2681159420289855 0.05447941888619856 0.0789049919484702
1 0.9285714285714286 0.2431561996779388 0.05569007263922521 0.09017713365539454
