1 0.19459888800635425 0.3948106591865358 0.042891183478951544 0.08274894810659189
1 0.2998411437648928 0.255960729312763 0.021445591739475744 0.043478260869565216
1 0.3133439237490071 0.2601683029453015 0.023034154090548042 0.04628330995792426
1 0.3375694996028594 0.21458625525946703 0.017474185861795055 0.033660589060308554
1 0.35385226370135026 0.25315568022440393 0.02621127879269264 0.043478260869565216
1 0.3705321683876092 0.23422159887798039 0.0214455917394758 0.04488078541374477
1 0.39078633836378074 0.255960729312763 0.02541699761715649 0.04908835904628331
1 0.40031771247021447 0.22720897615708274 0.019062748212867353 0.033660589060308554
1 0.41540905480540113 0.1879382889200561 0.019062748212867353 0.0364656381486676
1 0.42255758538522636 0.2447405329593268 0.025416997617156434 0.05189340813464238
1 0.4447974583002383 0.22650771388499297 0.020651310563939596 0.04628330995792426
1 0.46584590945194604 0.2314165497896213 0.02462271644162034 0.047685834502103785
1 0.437648927720413 0.1640953716690042 0.014297061159650515 0.033660589060308554
1 0.45194598888006354 0.16830294530154277 0.012708498808578272 0.030855539971949508
1 0.4523431294678316 0.13955119214586253 0.013502779984114421 0.029453015427769985
1 0.4690230341540905 0.15357643758765777 0.013502779984114366 0.03506311360448808
1 0.505957108816521 0.1297335203366059 0.019062748212867298 0.02664796633941094
1 0.517474185861795 0.15287517531556802 0.015091342335186608 0.030855539971949508
1 0.5039714058776807 0.18092566619915848 0.019857029388403558 0.03927068723702665
1 0.5496425734710088 0.15988779803646563 0.017474185861795055 0.03927068723702665
1 0.5488482922954726 0.13253856942496495 0.015885623510722757 0.02664796633941094
1 0.5607625099285147 0.182328190743338 0.02223987291501195 0.03927068723702665
1 0.5305798252581413 0.13183730715287517 0.012708498808578272 0.028050490883590462
1 0.5472597299444004 0.2482468443197756 0.02859412231930103 0.047685834502103785
1 0.5416997617156474 0.3008415147265077 0.03494837172359022 0.057503506311360475
1 0.6064336775218427 0.3141654978962132 0.03256552819698166 0.061711079943899017
1 0.6032565528196983 0.2538569424964937 0.02779984114376488 0.05610098176718095
1 0.6028594122319302 0.20897615708274894 0.02700555996822873 0.05049088359046283
1 0.5651310563939634 0.12342215988779803 0.016679904686258906 0.030855539971949508
1 0.5861795075456712 0.14375876577840113 0.019062748212867353 0.04067321178120617
1 0.6068308181096108 0.14516129032258063 0.017474185861795055 0.03506311360448808
1 0.6036536934074663 0.11781206171107994 0.011119936457505974 0.028050490883590462
1 0.6115965051628276 0.11009817671809256 0.01429706115965057 0.03506311360448808
1 0.5933280381254964 0.10308555399719495 0.011119936457505974 0.023842917251051893
1 0.6393963463065926 0.1311360448807854 0.017474185861795166 0.03506311360448808
1 0.6501191421763304 0.11150070126227209 0.01509134233518672 0.03225806451612903
1 0.6437648927720413 0.0967741935483871 0.011914217633042012 0.02244039270687237
1 0.6679904686258935 0.11711079943899018 0.017474185861795166 0.03506311360448808
1 0.6969817315329627 0.10448807854137447 0.011914217633042123 0.029453015427769985
1 0.6894360603653693 0.17251051893408134 0.017474185861795055 0.03927068723702665
1 0.6584590945194599 0.22300140252454417 0.023828435266084136 0.047685834502103785
1 0.6576648133439238 0.2601683029453016 0.02859412231930103 0.049088359046283336
1 0.795472597299444 0.3800841514726508 0.04209690230341545 0.08415147265077139
1 0.8367752184273233 0.3169705469845723 0.02779984114376499 0.07012622720897616
1 0.778395552025417 0.29102384291725103 0.023828435266084247 0.05189340813464233
1 0.7482128673550437 0.22230014025245443 0.02859412231930103 0.0546984572230014
1 0.7073073868149324 0.22019635343618513 0.024622716441620285 0.05329593267882188
1 0.7287529785544082 0.18092566619915848 0.016679904686258906 0.04488078541374474
1 0.716441620333598 0.16269284712482468 0.019062748212867353 0.04207573632538569
1 0.7414614773629865 0.11640953716690042 0.019857029388403502 0.0364656381486676
1 0.7509928514694202 0.13744740532959326 0.01350277998411431 0.030855539971949508
1 0.7795869737887212 0.15778401122019636 0.016679904686258906 0.03506311360448808
1 0.7728355837966641 0.2040673211781206 0.022239872915011838 0.04908835904628331
1 0.7490071485305798 0.16479663394109395 0.017474185861795055 0.03506311360448808
1 0.7970611596505163 0.17952314165497896 0.018268467037331204 0.0364656381486676
1 0.8129467831612391 0.15077138849929872 0.018268467037331315 0.03506311360448808
1 0.7779984114376489 0.12061711079943899 0.016679904686258906 0.028050490883590462
1 0.8057982525814138 0.1150070126227209 0.018268467037331204 0.033660589060308554
1 0.8399523431294679 0.12482468443197756 0.018268467037331204 0.030855539971949508
1 0.8375694996028594 0.18162692847124823 0.018268467037331204 0.043478260869565216
1 0.8204924543288324 0.21107994389901824 0.019062748212867353 0.04067321178120617
1 0.8022239872915011 0.24123422159887797 0.023828435266084136 0.053295932678821906
1 0.8594122319301032 0.24684431977559607 0.023828435266084136 0.05049088359046283
1 0.8796664019062748 0.23141654978962134 0.02144559173947569 0.05049088359046286
1 0.9030976965845909 0.2868162692847125 0.03335980937251781 0.07152875175315565
1 0.9082605242255759 0.25245441795231416 0.023034154090547987 0.04768583450210381
1 0.9197776012708498 0.2335203366058906 0.025416997617156434 0.0406732117812062
1 0.8911834789515488 0.18373071528751753 0.019062748212867353 0.04207573632538569
1 0.8951548848292296 0.14726507713884993 0.017474185861795055 0.0364656381486676
1 0.8558379666401906 0.1640953716690042 0.016679904686258906 0.033660589060308554
1 0.8641779189833201 0.14796633941093967 0.017474185861795055 0.03225806451612903
1 0.880857823669579 0.41725105189340816 0.03653693407466241 0.08555399719495088
