1 0.04975124378109452 0.41495327102803736 0.02321724709784411 0.06355140186915892
1 0.06177446102819237 0.4897196261682243 0.024046434494195683 0.07102803738317753
1 0.12023217247097845 0.6177570093457944 0.03482587064676618 0.07663551401869162
1 0.208955223880597 0.44485981308411215 0.026533996683250405 0.06728971962616825
1 0.2027363184079602 0.3560747663551402 0.02404643449419569 0.06168224299065417
1 0.23756218905472637 0.2990654205607477 0.020729684908789403 0.05233644859813086
1 0.16832504145936983 0.27009345794392525 0.016583747927031517 0.05046728971962616
1 0.11857379767827529 0.197196261682243 0.014925373134328374 0.04299065420560749
1 0.0439469320066335 0.22990654205607475 0.01492537313432836 0.029906542056074764
1 0.15298507462686567 0.14953271028037382 0.014096185737976774 0.03738317757009346
1 0.162106135986733 0.17570093457943925 0.014096185737976802 0.0411214953271028
1 0.18159203980099503 0.20093457943925233 0.014925373134328346 0.04672897196261683
1 0.21558872305140964 0.1383177570093458 0.014925373134328374 0.04859813084112151
1 0.25538971807628524 0.12710280373831775 0.021558872305140975 0.0411214953271028
1 0.28358208955223885 0.1878504672897196 0.014925373134328346 0.03925233644859813
1 0.28814262023217246 0.16074766355140185 0.014096185737976774 0.041121495327102825
1 0.32587064676616917 0.21401869158878506 0.018242122719734633 0.042990654205607465
1 0.35074626865671643 0.2177570093457944 0.01658374792703149 0.04299065420560749
1 0.38225538971807627 0.16822429906542058 0.014925373134328346 0.04485981308411216
1 0.35945273631840796 0.08037383177570093 0.01243781094527363 0.037383177570093455
1 0.392620232172471 0.08317757009345794 0.010779436152570487 0.03177570093457943
1 0.42786069651741293 0.1747663551401869 0.014925373134328401 0.035514018691588795
1 0.4672470978441128 0.27476635514018694 0.01741293532338306 0.05233644859813083
1 0.5609452736318408 0.4822429906542056 0.029021558872305175 0.07102803738317753
1 0.4349087893864013 0.0794392523364486 0.010779436152570487 0.03551401869158879
1 0.466832504145937 0.12616822429906543 0.014925373134328346 0.035514018691588795
1 0.4709784411276948 0.1616822429906542 0.014925373134328346 0.03925233644859813
1 0.4830016583747927 0.11121495327102804 0.01741293532338306 0.039252336448598116
1 0.48258706467661694 0.06074766355140186 0.011608623548922059 0.02803738317757009
1 0.5132669983416251 0.09813084112149532 0.013266998341625258 0.028037383177570097
1 0.5049751243781094 0.17757009345794392 0.014925373134328346 0.03738317757009346
1 0.4830016583747927 0.22149532710280373 0.015754560530679917 0.04672897196261683
1 0.5451907131011609 0.302803738317757 0.02072968490878946 0.05233644859813086
1 0.5580431177446104 0.1635514018691589 0.013266998341625258 0.035514018691588795
1 0.5804311774461028 0.20093457943925233 0.016583747927031545 0.04672897196261683
1 0.6218905472636815 0.2392523364485981 0.018242122719734577 0.04485981308411213
1 0.5443615257048093 0.07102803738317758 0.01243781094527363 0.02990654205607477
1 0.5986733001658375 0.12990654205607477 0.01492537313432829 0.03551401869158878
1 0.5849917081260365 0.08878504672897197 0.009121061359867344 0.024299065420560748
1 0.6285240464344941 0.10747663551401869 0.013266998341625258 0.03177570093457943
1 0.6637645107794361 0.14299065420560747 0.010779436152570487 0.035514018691588795
1 0.7135157545605306 0.20747663551401868 0.019071310116086315 0.04485981308411216
1 0.7201492537313432 0.2757009345794392 0.020729684908789348 0.04672897196261683
1 0.6923714759535655 0.3411214953271028 0.01990049751243783 0.0542056074766355
1 0.7985074626865671 0.38224299065420564 0.018242122719734688 0.05794392523364483
1 0.7819237147595357 0.205607476635514 0.016583747927031545 0.03738317757009346
1 0.8237976782752903 0.2261682242990654 0.01575456053068003 0.0336448598130841
1 0.8665008291873963 0.2766355140186916 0.014925373134328401 0.03738317757009346
1 0.8864013266998342 0.3018691588785047 0.016583747927031434 0.04672897196261683
1 0.943200663349917 0.3766355140186916 0.019071310116086315 0.04672897196261683
