1 0.2052205220522052 0.4826771653543307 0.052205220522052204 0.09921259842519681
1 0.297029702970297 0.46692913385826773 0.04860486048604862 0.09921259842519686
1 0.3037803780378038 0.1763779527559055 0.01890189018901889 0.03779527559055118
1 0.382988298829883 0.17322834645669294 0.01890189018901889 0.04094488188976378
1 0.3991899189918992 0.1062992125984252 0.013501350135013523 0.029921259842519685
1 0.42034203420342037 0.16299212598425197 0.016201620162016206 0.0299212598425197
1 0.4486948694869487 0.17165354330708663 0.015301530153015275 0.031496062992125984
1 0.47974797479747977 0.18425196850393702 0.019801980198019764 0.031496062992125984
1 0.495949594959496 0.15433070866141732 0.014401440144014455 0.031496062992125984
1 0.518001800180018 0.1519685039370079 0.015301530153015386 0.0330708661417323
1 0.54005400540054 0.16614173228346457 0.016201620162016206 0.03307086614173227
1 0.5724572457245725 0.15984251968503937 0.018001800180017957 0.03307086614173227
1 0.7623762376237624 0.11968503937007874 0.018001800180017957 0.03779527559055118
