1 0.27928772258669166 0.39965986394557823 0.04873477038425489 0.12244897959183676
1 0.3641049671977507 0.5178571428571428 0.060918462980318666 0.13435374149659862
1 0.3622305529522024 0.20153061224489796 0.023430178069353325 0.056122448979591844
1 0.41705716963448924 0.20153061224489796 0.013120899718837842 0.03231292517006801
1 0.43908153701968133 0.2032312925170068 0.015932521087160256 0.0357142857142857
1 0.44892221180880976 0.22959183673469388 0.016869728209934376 0.044217687074829926
1 0.47141518275538896 0.22448979591836735 0.01874414245548267 0.044217687074829926
1 0.5801312089971884 0.24829931972789115 0.016869728209934376 0.04421768707482995
1 0.6227741330834115 0.24234693877551022 0.021555763823805085 0.05612244897959187
1 0.5735707591377694 0.11734693877551021 0.011246485473289658 0.0272108843537415
1 0.6012183692596064 0.10884353741496598 0.010309278350515427 0.023809523809523808
1 0.6302717900656045 0.12414965986394558 0.010309278350515427 0.023809523809523822
