1 0.122 0.3963963963963964 0.055999999999999994 0.09009009009009006
1 0.22699999999999998 0.3438438438438438 0.04600000000000001 0.08708708708708707
1 0.278 0.3483483483483484 0.03999999999999998 0.07207207207207206
1 0.248 0.3153153153153153 0.027999999999999997 0.06006006006006004
1 0.16899999999999998 0.3303303303303303 0.025999999999999995 0.04204204204204204
1 0.131 0.34534534534534533 0.03399999999999999 0.05405405405405406
1 0.115 0.32582582582582587 0.03 0.05705705705705705
1 0.043 0.36186186186186187 0.042 0.06906906906906907
1 0.068 0.3363363363363363 0.028000000000000004 0.060060060060060094
1 0.013 0.34234234234234234 0.022 0.06606606606606602
1 0.29000000000000004 0.3078078078078078 0.023999999999999966 0.04504504504504503
1 0.313 0.33183183183183185 0.030000000000000027 0.05705705705705705
1 0.327 0.3138138138138138 0.02200000000000002 0.045045045045045085
1 0.369 0.3558558558558559 0.05399999999999999 0.09909909909909914
1 0.421 0.31081081081081086 0.026000000000000023 0.05705705705705705
1 0.393 0.35285285285285284 0.02999999999999997 0.07507507507507505
1 0.449 0.3513513513513513 0.038000000000000034 0.09009009009009011
1 0.504 0.3648648648648649 0.04800000000000004 0.08108108108108109
1 0.5309999999999999 0.42042042042042044 0.06599999999999995 0.10810810810810811
1 0.5740000000000001 0.3588588588588588 0.04399999999999993 0.0750750750750751
1 0.53 0.33933933933933935 0.028000000000000025 0.05405405405405406
1 0.541 0.3138138138138138 0.03400000000000003 0.051051051051051066
1 0.591 0.3123123123123123 0.030000000000000027 0.048048048048048075
1 0.621 0.3228228228228228 0.038000000000000034 0.06306306306306309
1 0.656 0.31981981981981983 0.03200000000000003 0.06306306306306309
1 0.6799999999999999 0.3213213213213213 0.039999999999999925 0.07207207207207206
1 0.726 0.31231231231231227 0.03600000000000003 0.06606606606606608
1 0.769 0.3183183183183183 0.026000000000000023 0.048048048048048075
1 0.7929999999999999 0.24774774774774774 0.05399999999999994 0.08108108108108109
1 0.861 0.3213213213213213 0.038000000000000034 0.07207207207207206
1 0.895 0.3303303303303303 0.03400000000000003 0.0780780780780781
1 0.9410000000000001 0.3198198198198198 0.03799999999999992 0.08108108108108109
