1 0.0975 0.5819672131147541 0.08500000000000002 0.14344262295081966
1 0.041874999999999996 0.46106557377049184 0.04625 0.07786885245901637
1 0.16875 0.5061475409836066 0.06999999999999998 0.1147540983606557
1 0.200625 0.4569672131147541 0.04375000000000001 0.08606557377049179
1 0.175625 0.4026639344262295 0.028749999999999998 0.047131147540983576
1 0.236875 0.39344262295081966 0.03125 0.06557377049180324
1 0.37124999999999997 0.42827868852459017 0.034999999999999976 0.069672131147541
1 0.38187499999999996 0.4016393442622951 0.028749999999999998 0.05737704918032782
1 0.4475 0.42110655737704916 0.03249999999999997 0.06352459016393441
1 0.49125 0.4098360655737705 0.025000000000000022 0.061475409836065587
1 0.5275 0.4077868852459016 0.03249999999999997 0.061475409836065587
1 0.573125 0.4313524590163934 0.03875000000000006 0.08401639344262296
1 0.610625 0.39241803278688525 0.028750000000000053 0.06352459016393441
1 0.6737500000000001 0.4334016393442623 0.039999999999999925 0.07172131147540983
1 0.81125 0.5297131147540983 0.0625 0.11680327868852458
1 0.9268749999999999 0.5983606557377049 0.09875 0.18442622950819665
1 0.795625 0.45184426229508196 0.053749999999999964 0.09631147540983609
1 0.785 0.39139344262295084 0.030000000000000027 0.05737704918032788
1 0.881875 0.41290983606557374 0.028749999999999942 0.059426229508196704
1 0.909375 0.4334016393442623 0.04874999999999996 0.07991803278688525
