1 0.050724637681159424 0.3998015873015873 0.0234113712374582 0.05357142857142855
1 0.2636566332218506 0.25793650793650796 0.014492753623188415 0.03174603174603177
1 0.27480490523968787 0.2718253968253968 0.01672240802675584 0.031746031746031744
1 0.31382385730211815 0.24503968253968256 0.016722408026755897 0.03373015873015875
1 0.3288740245261984 0.21924603174603174 0.0156075808249721 0.03373015873015872
1 0.35618729096989965 0.22817460317460317 0.01672240802675584 0.02777777777777779
1 0.3573021181716834 0.29365079365079366 0.018952062430323324 0.0357142857142857
1 0.3823857302118172 0.3045634920634921 0.02452619843924192 0.041666666666666685
1 0.38238573021181715 0.1875 0.013377926421404673 0.025793650793650813
1 0.3924191750278707 0.21825396825396826 0.0156075808249721 0.031746031746031744
1 0.40022296544035674 0.20337301587301587 0.015607580824972156 0.025793650793650813
1 0.4052396878483835 0.18154761904761907 0.014492753623188415 0.025793650793650785
1 0.4448160535117057 0.19444444444444445 0.0156075808249721 0.031746031746031744
1 0.4498327759197324 0.2142857142857143 0.01672240802675584 0.035714285714285726
1 0.4698996655518395 0.2281746031746032 0.01672240802675584 0.03968253968253968
1 0.4581939799331104 0.15376984126984128 0.013377926421404729 0.025793650793650785
1 0.479933110367893 0.19246031746031747 0.01672240802675584 0.031746031746031744
1 0.47157190635451507 0.1765873015873016 0.0156075808249721 0.031746031746031744
1 0.5 0.13492063492063494 0.010033444816053505 0.019841269841269854
1 0.5061315496098104 0.1607142857142857 0.01114827201783719 0.023809523809523808
1 0.5139353400222966 0.1884920634920635 0.015607580824972156 0.031746031746031744
1 0.5211817168338908 0.22023809523809523 0.018952062430323324 0.03968253968253968
1 0.5295429208472686 0.1607142857142857 0.013377926421404784 0.027777777777777762
1 0.5457079152731327 0.1597222222222222 0.01449275362318847 0.02976190476190474
1 0.5629877369007803 0.15376984126984128 0.01114827201783719 0.02182539682539683
1 0.5652173913043479 0.12301587301587302 0.01114827201783719 0.02777777777777779
1 0.5908584169453734 0.13988095238095238 0.013377926421404673 0.025793650793650813
1 0.612597547380156 0.12003968253968254 0.010033444816053505 0.02182539682539683
1 0.6159420289855073 0.14484126984126983 0.01449275362318836 0.027777777777777762
1 0.6376811594202898 0.14484126984126985 0.015607580824972156 0.031746031746031744
1 0.644927536231884 0.12301587301587301 0.012263099219620988 0.023809523809523808
1 0.6711259754738016 0.12103174603174603 0.013377926421404673 0.023809523809523808
1 0.5813823857302118 0.17261904761904762 0.01449275362318847 0.02777777777777779
1 0.5735785953177257 0.21825396825396826 0.018952062430323324 0.047619047619047616
1 0.6059085841694538 0.20634920634920634 0.018952062430323324 0.035714285714285726
1 0.6159420289855073 0.24206349206349206 0.02564102564102566 0.05158730158730157
1 0.5702341137123745 0.3025793650793651 0.02341137123745818 0.05357142857142855
1 0.49609810479375693 0.29761904761904767 0.026755852842809347 0.047619047619047616
1 0.6086956521739131 0.3224206349206349 0.0312151616499442 0.0575396825396825
1 0.6555183946488294 0.2876984126984127 0.024526198439241975 0.05158730158730157
1 0.6516164994425864 0.2123015873015873 0.018952062430323324 0.04365079365079366
1 0.6527313266443702 0.18353174603174605 0.01672240802675584 0.02976190476190474
1 0.6923076923076923 0.1527777777777778 0.013377926421404673 0.023809523809523808
1 0.7051282051282051 0.1507936507936508 0.012263099219620988 0.027777777777777762
1 0.7157190635451505 0.16964285714285715 0.015607580824972156 0.029761904761904767
1 0.6945373467112598 0.17757936507936506 0.01783723522853964 0.04166666666666666
1 0.7251950947603121 0.12003968253968253 0.012263099219620988 0.0257936507936508
1 0.7452619843924192 0.1388888888888889 0.01449275362318847 0.03174603174603176
1 0.7586399108138239 0.13095238095238096 0.01449275362318847 0.02777777777777779
1 0.7608695652173914 0.16269841269841268 0.01672240802675584 0.03968253968253968
1 0.7809364548494984 0.16468253968253968 0.01672240802675584 0.031746031746031744
1 0.7764771460423634 0.14384920634920634 0.012263099219620988 0.02976190476190474
1 0.7636566332218506 0.2142857142857143 0.02006688963210701 0.03968253968253968
1 0.729654403567447 0.20238095238095238 0.01672240802675584 0.031746031746031744
1 0.7263099219620959 0.23115079365079366 0.018952062430323213 0.0376984126984127
1 0.7536231884057971 0.2390873015873016 0.01783723522853964 0.041666666666666685
1 0.697324414715719 0.28968253968253965 0.021181716833890807 0.047619047619047616
1 0.7575250836120402 0.2867063492063492 0.021181716833890696 0.049603174603174593
1 0.8389074693422519 0.32440476190476186 0.02341137123745818 0.05357142857142855
1 0.8545150501672241 0.2361111111111111 0.021181716833890807 0.04365079365079369
1 0.9136008918617614 0.25595238095238093 0.021181716833890807 0.047619047619047616
1 0.9018952062430323 0.23214285714285715 0.01783723522853964 0.031746031746031744
1 0.8846153846153846 0.20436507936507936 0.01672240802675584 0.03968253968253968
1 0.8768115942028986 0.16865079365079366 0.01449275362318847 0.027777777777777762
1 0.8885172798216276 0.16468253968253968 0.015607580824972045 0.031746031746031744
1 0.8528428093645485 0.16765873015873017 0.015607580824972045 0.02976190476190474
1 0.8361204013377926 0.18551587301587302 0.015607580824972045 0.0376984126984127
1 0.8210702341137124 0.2113095238095238 0.018952062430323213 0.037698412698412676
1 0.8316610925306578 0.15873015873015872 0.015607580824972156 0.027777777777777762
