1 0.21203438395415472 0.4712543554006969 0.043935052531041074 0.07839721254355403
1 0.38108882521489973 0.23606271777003485 0.015281757402101248 0.033101045296167225
1 0.4068767908309455 0.24303135888501742 0.022922636103151872 0.04355400696864112
1 0.4512893982808023 0.25435540069686413 0.018147086914995225 0.03484320557491288
1 0.3758357211079274 0.19860627177700346 0.012416427889207271 0.031358885017421595
1 0.39302769818529126 0.20818815331010454 0.016236867239732555 0.02613240418118465
1 0.42502387774594075 0.20818815331010454 0.017191977077363918 0.029616724738675965
1 0.44364851957975165 0.20034843205574912 0.012416427889207271 0.027874564459930307
1 0.47325692454632284 0.23170731707317072 0.020057306590257895 0.04181184668989546
1 0.4240687679083095 0.156794425087108 0.013371537726838578 0.02439024390243902
1 0.4269340974212035 0.18205574912891986 0.011461318051575964 0.02264808362369336
1 0.4364851957975167 0.15505226480836237 0.011461318051575908 0.03135888501742162
1 0.45081184336198665 0.15940766550522648 0.011461318051575964 0.026132404181184676
1 0.45702005730659023 0.17073170731707316 0.012416427889207216 0.027874564459930334
1 0.47468958930276983 0.17682926829268292 0.015281757402101248 0.03310104529616725
1 0.4656160458452722 0.14547038327526132 0.012416427889207271 0.02264808362369336
1 0.47516714422158546 0.15069686411149824 0.012416427889207216 0.022648083623693388
1 0.4904489016236867 0.1402439024390244 0.010506208213944601 0.02613240418118465
1 0.49761222540592165 0.11933797909407665 0.011461318051575908 0.019163763066202086
1 0.5138490926456543 0.16898954703832753 0.013371537726838634 0.024390243902439046
1 0.5062082139446037 0.2029616724738676 0.017191977077363918 0.029616724738675937
1 0.5305635148042025 0.20121951219512196 0.018147086914995225 0.033101045296167225
1 0.5549188156638014 0.16550522648083624 0.015281757402101248 0.03135888501742162
1 0.5873925501432664 0.17073170731707316 0.015281757402101248 0.031358885017421595
1 0.5759312320916905 0.14024390243902438 0.013371537726838523 0.03310104529616724
1 0.5458452722063037 0.13327526132404183 0.010506208213944657 0.022648083623693388
1 0.5319961795606495 0.14285714285714285 0.013371537726838634 0.02090592334494773
1 0.5974212034383954 0.15156794425087108 0.014326647564469885 0.027874564459930307
1 0.6141356255969437 0.1297909407665505 0.011461318051575908 0.026132404181184662
1 0.6246418338108882 0.12195121951219512 0.013371537726838634 0.024390243902439032
1 0.5998089780324738 0.11324041811846691 0.013371537726838523 0.02787456445993032
1 0.6060171919770774 0.09146341463414634 0.012416427889207271 0.022648083623693388
1 0.558261700095511 0.2700348432055749 0.02005730659025784 0.04529616724738675
1 0.6217765042979942 0.32055749128919864 0.030563514804202496 0.05574912891986067
1 0.6700095510983763 0.35104529616724733 0.03151862464183386 0.06097560975609756
1 0.6117478510028653 0.2578397212543554 0.025787965616045794 0.05574912891986061
1 0.6346704871060171 0.22560975609756095 0.02387774594078318 0.050522648083623695
1 0.6671442215854824 0.20993031358885017 0.0162368672397325 0.03658536585365854
1 0.66189111747851 0.14372822299651566 0.015281757402101248 0.03658536585365854
1 0.6599808978032473 0.11236933797909407 0.013371537726838523 0.03310104529616724
1 0.6781279847182426 0.12020905923344949 0.013371537726838523 0.02787456445993032
1 0.7020057306590257 0.11759581881533102 0.015281757402101248 0.02961672473867595
1 0.6948424068767909 0.15766550522648082 0.012416427889207271 0.029616724738675965
1 0.7082139446036294 0.18902439024390244 0.01623686723973261 0.036585365853658514
1 0.7196752626552054 0.156794425087108 0.010506208213944546 0.027874564459930334
1 0.7325692454632282 0.17334494773519166 0.013371537726838523 0.029616724738675965
1 0.7559694364851959 0.15853658536585366 0.012416427889207271 0.03135888501742162
1 0.7597898758357211 0.13937282229965156 0.01241642788920716 0.027874564459930307
1 0.7774594078319007 0.1402439024390244 0.011461318051575908 0.029616724738675965
1 0.7917860553963706 0.16376306620209058 0.013371537726838634 0.03484320557491291
1 0.7765042979942693 0.19250871080139373 0.015281757402101137 0.03310104529616725
1 0.7468958930276982 0.20209059233449478 0.013371537726838634 0.031358885017421595
1 0.7521489971346704 0.2456445993031359 0.02005730659025795 0.045296167247386776
1 0.7378223495702005 0.28222996515679444 0.021967526265520565 0.05226480836236935
1 0.8156638013371538 0.29006968641114983 0.022922636103151817 0.05052264808362372
1 0.7951289398280802 0.21689895470383275 0.014326647564469885 0.03658536585365854
1 0.8285577841451768 0.16463414634146342 0.012416427889207271 0.03310104529616725
1 0.8414517669531996 0.1594076655052265 0.01146131805157602 0.03658536585365854
1 0.8610315186246418 0.19337979094076654 0.014326647564469996 0.027874564459930307
1 0.8452722063037249 0.2221254355400697 0.017191977077363862 0.03310104529616725
1 0.8409742120343839 0.3153310104529617 0.021967526265520565 0.05226480836236935
1 0.8763132760267431 0.2883275261324042 0.0162368672397325 0.05052264808362367
1 0.9302769818529131 0.3109756097560976 0.019102196752626588 0.047038327526132406
1 0.8901623686723974 0.2578397212543554 0.013371537726838523 0.03135888501742157
1 0.8915950334288443 0.23257839721254356 0.014326647564469996 0.03310104529616725
1 0.896370582617001 0.1994773519163763 0.012416427889207271 0.036585365853658514
1 0.874880611270296 0.1794425087108014 0.013371537726838523 0.027874564459930307
1 0.9407831900668577 0.23780487804878048 0.015281757402101248 0.03310104529616728
1 0.9450811843361987 0.2029616724738676 0.014326647564469885 0.029616724738675937
1 0.9321872015281758 0.17247386759581881 0.015281757402101248 0.03135888501742162
