1 0.046000000000000006 0.6570996978851964 0.07200000000000001 0.14199395770392753
1 0.074 0.540785498489426 0.04 0.08459214501510576
1 0.018000000000000002 0.42900302114803623 0.032 0.060422960725075525
1 0.131 0.5362537764350453 0.046 0.06344410876132933
1 0.16799999999999998 0.5347432024169184 0.036000000000000004 0.06042296072507547
1 0.191 0.45317220543806647 0.034 0.048338368580060465
1 0.214 0.6359516616314199 0.06 0.09365558912386707
1 0.22399999999999998 0.5362537764350452 0.04000000000000001 0.05740181268882172
1 0.281 0.5211480362537764 0.02999999999999997 0.05740181268882172
1 0.33999999999999997 0.6238670694864048 0.07600000000000001 0.1238670694864048
1 0.33099999999999996 0.5438066465256798 0.033999999999999975 0.05438066465256797
1 0.383 0.527190332326284 0.030000000000000027 0.051359516616314105
1 0.385 0.4395770392749245 0.030000000000000027 0.0453172205438066
1 0.421 0.5211480362537765 0.026000000000000023 0.0392749244712991
1 0.42500000000000004 0.5891238670694865 0.04999999999999999 0.09063444108761332
1 0.473 0.6102719033232629 0.066 0.10271903323262843
1 0.476 0.5226586102719033 0.02799999999999997 0.04229607250755285
1 0.5609999999999999 0.554380664652568 0.04999999999999993 0.05740181268882183
1 0.546 0.607250755287009 0.04799999999999993 0.08459214501510581
1 0.621 0.5287009063444108 0.026000000000000023 0.048338368580060354
1 0.636 0.5725075528700907 0.03200000000000003 0.06344410876132922
1 0.659 0.527190332326284 0.026000000000000023 0.0453172205438066
1 0.67 0.4169184290030211 0.028000000000000025 0.042296072507552906
1 0.6910000000000001 0.5362537764350453 0.025999999999999912 0.0453172205438066
1 0.903 0.6570996978851964 0.08599999999999997 0.14803625377643503
1 0.966 0.5755287009063443 0.06399999999999995 0.11178247734138969
1 0.919 0.5362537764350453 0.03799999999999992 0.07552870090634439
