1 0.10945529290853032 0.2605893186003683 0.017471736896197326 0.046040515653775316
1 0.29650565262076056 0.23572744014732966 0.013360739979445035 0.03314917127071826
1 0.29907502569373073 0.2136279926335175 0.014388489208633115 0.025782688766114198
1 0.3381294964028777 0.22007366482504603 0.014388489208633115 0.03499079189686924
1 0.3591983556012333 0.22283609576427255 0.01541623843782114 0.03683241252302025
1 0.35765673175745116 0.19613259668508287 0.01438848920863306 0.02762430939226518
1 0.3509763617677287 0.17679558011049723 0.01336073997944498 0.03314917127071823
1 0.381294964028777 0.19797421731123388 0.014388489208633115 0.02762430939226518
1 0.38489208633093525 0.2292817679558011 0.01541623843782114 0.03867403314917128
1 0.3982528263103803 0.2099447513812155 0.015416238437821195 0.03314917127071823
1 0.41932168550873583 0.23388581952117865 0.01438848920863306 0.029465930018416214
1 0.41212744090441933 0.2559852670349908 0.018499486125385434 0.036832412523020275
1 0.41058581706063724 0.16022099447513813 0.011305241521068876 0.02578268876611417
1 0.4295991778006166 0.16390423572744015 0.0123329907502569 0.029465930018416187
1 0.4522096608427544 0.1583793738489871 0.014388489208633115 0.029465930018416214
1 0.44964028776978415 0.19705340699815838 0.017471736896197354 0.03314917127071823
1 0.4665981500513875 0.20718232044198895 0.018499486125385378 0.03867403314917128
1 0.4290853031860226 0.19152854511970535 0.01336073997944498 0.025782688766114198
1 0.5046248715313464 0.18139963167587475 0.016443987667009274 0.03130755064456722
1 0.5005138746145941 0.15561694290976058 0.01438848920863306 0.027624309392265206
1 0.4933196300102775 0.13996316758747698 0.012332990750256956 0.02578268876611417
1 0.5077081192189106 0.1289134438305709 0.010277492291880796 0.022099447513812154
1 0.5369989722507709 0.13351749539594843 0.01541623843782125 0.027624309392265206
1 0.5298047276464543 0.17495395948434622 0.01747173689619741 0.036832412523020275
1 0.564748201438849 0.18416206261510126 0.01541623843782125 0.03314917127071823
1 0.5472764645426516 0.17495395948434622 0.01336073997944498 0.022099447513812154
1 0.5719424460431655 0.16114180478821363 0.01541623843782114 0.02762430939226518
1 0.5570400822199384 0.13627992633517494 0.012332990750256845 0.029465930018416214
1 0.5606372045220966 0.1270718232044199 0.01130524152106882 0.018416206261510137
1 0.5837615621788284 0.13627992633517494 0.012332990750256956 0.029465930018416214
1 0.605344295991778 0.12062615101289134 0.008221993833504637 0.016574585635359115
1 0.6197327852004111 0.11970534069981584 0.012332990750256956 0.022099447513812154
1 0.6022610483042137 0.1408839779005525 0.014388489208633115 0.020257826887661146
1 0.6140801644398767 0.1593001841620626 0.013360739979445091 0.03130755064456722
1 0.6469681397738951 0.11694290976058933 0.01336073997944498 0.023941068139963176
1 0.6526207605344296 0.10405156537753224 0.008221993833504637 0.016574585635359115
1 0.6664953751284686 0.10773480662983426 0.009249743062692661 0.020257826887661146
1 0.670606372045221 0.12246777163904235 0.01130524152106882 0.02025782688766113
1 0.6618705035971223 0.14548802946593004 0.014388489208633004 0.03314917127071823
1 0.6413155190133608 0.15193370165745856 0.014388489208633115 0.02762430939226518
1 0.6310380267214799 0.13996316758747698 0.012332990750256845 0.022099447513812154
1 0.6783144912641315 0.18232044198895025 0.014388489208633115 0.03314917127071823
1 0.6885919835560124 0.13351749539594843 0.012332990750256956 0.027624309392265206
1 0.6932168550873588 0.11141804788213627 0.011305241521068932 0.023941068139963176
1 0.7163412127440905 0.11418047882136281 0.012332990750256956 0.025782688766114184
1 0.6336073997944502 0.2117863720073665 0.0174717368961973 0.03314917127071823
1 0.6032887975334018 0.22836095764272563 0.020554984583761593 0.044198895027624335
1 0.6479958890030832 0.2458563535911602 0.021582733812949728 0.04235727440147327
1 0.6901336073997945 0.22099447513812154 0.01747173689619741 0.04051565377532229
1 0.6993833504624871 0.2569060773480663 0.019527235354573458 0.0423572744014733
1 0.7050359712230216 0.31399631675874773 0.02877697841726612 0.05709023941068142
1 0.7559095580678314 0.38213627992633514 0.027749229188078095 0.06813996316758747
1 0.710688591983556 0.18047882136279925 0.01541623843782114 0.029465930018416214
1 0.7245632065775951 0.17863720073664824 0.016443987667009274 0.03683241252302025
1 0.7425488180883865 0.14825046040515655 0.01541623843782114 0.03499079189686924
1 0.7451181911613567 0.1694290976058932 0.016443987667009163 0.03314917127071823
1 0.7389516957862281 0.23756906077348067 0.018499486125385434 0.04051565377532229
1 0.7687564234326825 0.2007366482504604 0.016443987667009274 0.04051565377532226
1 0.7728674203494348 0.24861878453038672 0.020554984583761482 0.04051565377532226
1 0.7682425488180884 0.13443830570902393 0.013360739979445091 0.029465930018416214
1 0.7877697841726619 0.13443830570902393 0.01130524152106882 0.029465930018416214
1 0.7944501541623843 0.14732965009208104 0.010277492291880796 0.025782688766114198
1 0.8119218910585817 0.1408839779005525 0.010277492291880685 0.023941068139963162
1 0.8088386433710175 0.1703499079189687 0.012332990750256845 0.023941068139963162
1 0.8078108941418294 0.20810313075506445 0.012332990750256956 0.036832412523020275
1 0.8257965056526207 0.2044198895027624 0.013360739979445091 0.029465930018416214
1 0.8072970195272353 0.2863720073664825 0.025693730729701936 0.046040515653775316
1 0.8442959917780062 0.2532228360957643 0.021582733812949617 0.04972375690607736
1 0.8509763617677286 0.2154696132596685 0.014388489208633115 0.029465930018416214
1 0.8401849948612539 0.17679558011049723 0.01130524152106882 0.02578268876611417
1 0.8463514902363823 0.16666666666666666 0.01130524152106882 0.023941068139963162
1 0.843268242548818 0.13812154696132597 0.011305241521068932 0.02578268876611417
1 0.8633093525179856 0.15377532228360957 0.012332990750256956 0.02762430939226518
1 0.8818088386433711 0.16482504604051565 0.010277492291880796 0.023941068139963162
1 0.8776978417266187 0.17955801104972374 0.012332990750256956 0.027624309392265206
1 0.8900308324768756 0.23572744014732966 0.016443987667009274 0.036832412523020275
1 0.9033915724563206 0.21915285451197053 0.016443987667009274 0.036832412523020275
1 0.9172661870503598 0.18324125230202576 0.01336073997944498 0.03130755064456722
1 0.9213771839671121 0.15561694290976058 0.01336073997944498 0.020257826887661146
1 0.9578622816032888 0.19521178637200737 0.014388489208633004 0.029465930018416187
1 0.9445015416238438 0.2136279926335175 0.014388489208633115 0.029465930018416214
1 0.9321685508735869 0.2265193370165746 0.014388489208633004 0.02578268876611417
1 0.9378211716341213 0.24953959484346222 0.01747173689619741 0.038674033149171255
1 0.9110996916752312 0.35635359116022103 0.025693730729701936 0.05709023941068142
