1 0.1030230708035004 0.3852573018080667 0.03579952267303102 0.07232267037552159
1 0.09387430389817025 0.3525730180806676 0.03182179793158314 0.05424200278164115
1 0.16746221161495625 0.36926286509040335 0.03739061256961018 0.06815020862308763
1 0.15274463007159905 0.33657858136300417 0.02704852824184567 0.052851182197496516
1 0.1953062848050915 0.40125173852573015 0.03739061256961018 0.09040333796940198
1 0.19968178202068415 0.32058414464534074 0.03341288782816229 0.05424200278164115
1 0.24065234685759745 0.286509040333797 0.026252983293556076 0.05841446453407512
1 0.2863961813842482 0.27468706536856746 0.03023070803500394 0.05424200278164118
1 0.2975338106603023 0.33449235048678716 0.03182179793158313 0.07927677329624477
1 0.3233890214797136 0.36300417246175243 0.03898170246618937 0.07232267037552154
1 0.36833731105807477 0.3713490959666203 0.04614160700079556 0.08901251738525728
1 0.3739061256961018 0.45479833101529904 0.04773269689737469 0.08623087621696801
1 0.3500397772474145 0.2329624478442281 0.03182179793158313 0.06815020862308763
