1 0.10800000000000001 0.6246246246246245 0.048 0.07207207207207211
1 0.061 0.5765765765765766 0.038 0.048048048048048075
1 0.113 0.575075075075075 0.034 0.04504504504504503
1 0.181 0.5555555555555556 0.03 0.04204204204204198
1 0.198 0.6291291291291291 0.04400000000000001 0.07507507507507505
1 0.175 0.8153153153153153 0.08199999999999999 0.12912912912912922
1 0.249 0.5915915915915916 0.038000000000000006 0.06606606606606613
1 0.22599999999999998 0.56006006006006 0.027999999999999997 0.03903903903903905
1 0.256 0.545045045045045 0.02400000000000002 0.04504504504504503
1 0.304 0.5555555555555556 0.028000000000000025 0.04204204204204198
1 0.32799999999999996 0.617117117117117 0.035999999999999976 0.06906906906906907
1 0.373 0.5780780780780781 0.03400000000000003 0.05105105105105112
1 0.43300000000000005 0.6846846846846847 0.062 0.10810810810810811
1 0.439 0.5855855855855856 0.03400000000000003 0.05405405405405406
1 0.454 0.5540540540540541 0.028000000000000025 0.04504504504504503
1 0.522 0.5645645645645645 0.028000000000000025 0.036036036036036
1 0.46199999999999997 0.44294294294294295 0.02799999999999997 0.04504504504504503
1 0.548 0.6936936936936937 0.06399999999999995 0.12012012012012008
1 0.5820000000000001 0.6276276276276276 0.04799999999999993 0.08408408408408408
1 0.702 0.6351351351351351 0.051999999999999935 0.08108108108108103
1 0.698 0.5930930930930931 0.039999999999999925 0.05105105105105112
1 0.722 0.5705705705705706 0.028000000000000025 0.05405405405405406
1 0.767 0.6006006006006006 0.04200000000000004 0.06606606606606613
1 0.81 0.575075075075075 0.03199999999999992 0.0570570570570571
