1 0.14333333333333334 0.4703557312252964 0.053333333333333344 0.1067193675889328
1 0.17555555555555555 0.424901185770751 0.03555555555555556 0.07509881422924902
1 0.24833333333333332 0.44664031620553357 0.052222222222222225 0.0988142292490119
1 0.2661111111111111 0.4179841897233202 0.034444444444444444 0.07312252964426874
1 0.3433333333333333 0.48221343873517786 0.05555555555555558 0.12252964426877466
1 0.385 0.48320158102766797 0.03222222222222221 0.0731225296442688
1 0.35611111111111116 0.4051383399209486 0.03222222222222221 0.059288537549407105
1 0.4327777777777778 0.4140316205533597 0.03666666666666668 0.07707509881422925
1 0.4588888888888889 0.48913043478260865 0.04444444444444445 0.11660079051383393
1 0.4766666666666667 0.4624505928853755 0.03111111111111109 0.07905138339920947
1 0.5077777777777778 0.42391304347826086 0.026666666666666616 0.06126482213438733
1 0.5377777777777777 0.46837944664031617 0.028888888888888853 0.06324110671936761
1 0.5727777777777778 0.4565217391304348 0.04777777777777781 0.11462450592885376
1 0.5994444444444444 0.47529644268774707 0.025555555555555554 0.05335968379446637
1 0.6105555555555555 0.42193675889328064 0.025555555555555554 0.06126482213438733
1 0.6583333333333333 0.47035573122529645 0.05222222222222217 0.1027667984189723
1 0.7655555555555555 0.4545454545454546 0.04888888888888887 0.11462450592885381
1 0.8205555555555555 0.32707509881422925 0.03444444444444439 0.06916996047430835
1 0.7516666666666667 0.3339920948616601 0.025555555555555554 0.059288537549407105
1 0.71 0.3399209486166008 0.026666666666666727 0.06324110671936761
1 0.6666666666666667 0.33794466403162055 0.028888888888888853 0.07114624505928857
1 0.6311111111111112 0.3300395256916996 0.02444444444444438 0.059288537549407105
1 0.6022222222222222 0.33399209486166004 0.028888888888888964 0.06324110671936761
1 0.5455555555555556 0.30138339920948615 0.026666666666666616 0.05731225296442688
1 0.49111111111111116 0.29545454545454547 0.031111111111111145 0.07707509881422925
1 0.44666666666666666 0.31521739130434784 0.03111111111111109 0.06126482213438733
1 0.3927777777777778 0.3092885375494071 0.03222222222222226 0.06521739130434784
1 0.3138888888888889 0.30632411067193677 0.034444444444444444 0.06719367588932806
1 0.2427777777777778 0.2737154150197628 0.034444444444444444 0.06521739130434784
1 0.15055555555555555 0.2934782608695652 0.04999999999999999 0.08893280632411066
1 0.09555555555555556 0.17094861660079053 0.037777777777777785 0.08498023715415018
1 0.18277777777777776 0.15810276679841898 0.03888888888888889 0.07114624505928853
1 0.2461111111111111 0.17391304347826086 0.034444444444444416 0.07114624505928854
1 0.3161111111111111 0.16304347826086957 0.034444444444444444 0.08102766798418971
1 0.3838888888888889 0.20454545454545453 0.025555555555555554 0.06916996047430832
1 0.4472222222222222 0.20849802371541504 0.034444444444444444 0.06916996047430832
1 0.49833333333333335 0.20553359683794464 0.03222222222222226 0.06324110671936758
1 0.5427777777777778 0.22628458498023715 0.02777777777777779 0.06521739130434784
1 0.5800000000000001 0.22529644268774704 0.026666666666666727 0.06324110671936761
1 0.6383333333333333 0.20553359683794464 0.030000000000000027 0.06324110671936758
1 0.6755555555555555 0.21541501976284586 0.028888888888888853 0.059288537549407105
1 0.72 0.21640316205533597 0.028888888888888853 0.06521739130434784
1 0.7994444444444444 0.20948616600790515 0.03222222222222226 0.05928853754940713
