1 0.35600907029478457 0.45143884892086333 0.031746031746031744 0.0539568345323741
1 0.47505668934240364 0.6151079136690647 0.05668934240362811 0.09352517985611508
1 0.6077097505668934 0.6079136690647482 0.05895691609977327 0.1007194244604317
1 0.4070294784580499 0.7464028776978417 0.10657596371882083 0.14748201438848918
1 0.2142857142857143 0.7014388489208634 0.08390022675736963 0.12230215827338131
1 0.10090702947845806 0.685251798561151 0.07029478458049888 0.09712230215827333
1 0.04988662131519274 0.6492805755395683 0.05442176870748299 0.08273381294964033
1 0.015873015873015872 0.5881294964028777 0.027210884353741496 0.06115107913669071
1 0.13492063492063494 0.5719424460431655 0.03401360544217688 0.05755395683453246
1 0.19954648526077098 0.5611510791366907 0.031746031746031744 0.05755395683453235
1 0.2528344671201814 0.5881294964028777 0.04308390022675737 0.06115107913669071
