1 0.335 0.560377358490566 0.10999999999999999 0.19999999999999996
1 0.40875 0.42641509433962266 0.09750000000000003 0.15849056603773587
1 0.56 0.560377358490566 0.12 0.2075471698113207
1 0.7124999999999999 0.5245283018867924 0.12 0.20377358490566033
1 0.92125 0.5358490566037736 0.09250000000000003 0.16603773584905657
1 0.8687499999999999 0.4490566037735849 0.0675 0.1283018867924528
1 0.7725 0.44150943396226416 0.08999999999999997 0.12075471698113205
1 0.7424999999999999 0.31320754716981136 0.06999999999999995 0.1358490566037736
1 0.8075 0.2811320754716981 0.05499999999999994 0.08679245283018866
1 0.77125 0.23773584905660378 0.0625 0.09811320754716979
1 0.86375 0.20943396226415095 0.0625 0.10943396226415095
1 0.66375 0.23773584905660378 0.05249999999999999 0.09811320754716979
1 0.65625 0.4226415094339623 0.07250000000000001 0.1358490566037736
1 0.5925 0.3226415094339623 0.06499999999999995 0.11698113207547173
1 0.54375 0.269811320754717 0.04749999999999999 0.10943396226415092
1 0.475 0.3018867924528302 0.06499999999999995 0.10566037735849054
1 0.42125 0.24339622641509434 0.05249999999999999 0.0792452830188679
1 0.385 0.3113207547169811 0.065 0.10943396226415092
1 0.32625 0.24528301886792453 0.07250000000000001 0.10566037735849054
1 0.23625000000000002 0.4169811320754717 0.08750000000000002 0.13207547169811323
1 0.24 0.3113207547169811 0.06500000000000003 0.09433962264150941
1 0.115 0.41320754716981134 0.095 0.17735849056603775
1 0.14375 0.31886792452830187 0.06749999999999999 0.10188679245283017
1 0.19 0.2339622641509434 0.065 0.10566037735849057
1 0.54 0.41132075471698115 0.08999999999999997 0.1207547169811321
1 0.061250000000000006 0.23018867924528302 0.07750000000000001 0.11320754716981132
