1 0.08499999999999999 0.41185185185185186 0.06777777777777777 0.09777777777777774
1 0.155 0.4222222222222222 0.05666666666666664 0.0948148148148148
1 0.19222222222222224 0.42074074074074075 0.044444444444444425 0.07703703703703701
1 0.15611111111111112 0.3488888888888889 0.04999999999999999 0.07851851851851849
1 0.21 0.3748148148148148 0.053333333333333344 0.08296296296296296
1 0.2588888888888889 0.36296296296296293 0.04888888888888887 0.06814814814814812
1 0.2788888888888889 0.4318518518518518 0.053333333333333344 0.09037037037037038
1 0.3377777777777778 0.4237037037037037 0.046666666666666634 0.08296296296296296
1 0.33555555555555555 0.3614814814814815 0.0444444444444444 0.07111111111111107
1 0.3111111111111111 0.3288888888888889 0.040000000000000036 0.06814814814814818
1 0.2783333333333333 0.3362962962962963 0.04555555555555557 0.07703703703703707
1 0.37222222222222223 0.3414814814814815 0.040000000000000036 0.06962962962962965
1 0.39 0.4311111111111111 0.04444444444444445 0.07703703703703701
1 0.45555555555555555 0.3807407407407407 0.053333333333333344 0.07111111111111107
1 0.508888888888889 0.4451851851851852 0.0377777777777778 0.05777777777777782
1 0.4861111111111111 0.3540740740740741 0.03222222222222226 0.05925925925925929
1 0.41388888888888886 0.35333333333333333 0.04333333333333328 0.06666666666666665
1 0.5283333333333333 0.33999999999999997 0.036666666666666625 0.07851851851851849
1 0.5722222222222222 0.3585185185185185 0.033333333333333326 0.06814814814814818
1 0.5777777777777777 0.42444444444444446 0.0377777777777778 0.06074074074074076
1 0.6322222222222222 0.44074074074074077 0.0377777777777778 0.06962962962962965
1 0.62 0.3414814814814815 0.03777777777777769 0.0637037037037037
1 0.6677777777777778 0.35555555555555557 0.033333333333333326 0.05629629629629629
1 0.6883333333333334 0.4177777777777778 0.036666666666666625 0.06518518518518518
1 0.7122222222222222 0.3407407407407408 0.03555555555555556 0.06518518518518518
1 0.7144444444444444 0.40074074074074073 0.03111111111111109 0.054814814814814816
1 0.755 0.4059259259259259 0.036666666666666625 0.059259259259259234
1 0.7961111111111111 0.4303703703703704 0.036666666666666625 0.060740740740740706
1 0.8266666666666667 0.4162962962962963 0.03555555555555556 0.053333333333333344
1 0.8500000000000001 0.4051851851851852 0.028888888888888853 0.05777777777777776
1 0.8866666666666667 0.41555555555555557 0.03555555555555556 0.054814814814814816
