1 0.049999999999999996 0.4850074962518741 0.072 0.14242878560719646
1 0.207 0.49550224887556227 0.068 0.103448275862069
1 0.275 0.3950524737631184 0.10800000000000001 0.2143928035982009
1 0.3365 0.5239880059970015 0.063 0.11844077961019489
1 0.4485 0.3995502248875562 0.09299999999999997 0.19040479760119938
1 0.5509999999999999 0.30134932533733133 0.122 0.24287856071964017
1 0.7375 0.24962518740629686 0.139 0.24437781109445278
1 0.931 0.669415292353823 0.039999999999999925 0.07946026986506738
1 0.9644999999999999 0.6889055472263867 0.03300000000000003 0.0644677661169416
1 0.9884999999999999 0.686656671664168 0.02300000000000002 0.07496251874062965
