1 0.2708333333333333 0.5240740740740741 0.09166666666666665 0.18148148148148147
1 0.190625 0.43425925925925923 0.05416666666666667 0.1203703703703704
1 0.13854166666666667 0.39814814814814814 0.04375000000000001 0.09259259259259256
1 0.14322916666666666 0.33611111111111114 0.042708333333333334 0.06851851851851848
1 0.10677083333333333 0.3212962962962963 0.03229166666666666 0.061111111111111116
1 0.1875 0.31666666666666665 0.033333333333333326 0.07037037037037036
1 0.22812500000000002 0.34259259259259256 0.03958333333333333 0.06666666666666671
1 0.23020833333333335 0.2861111111111111 0.02708333333333332 0.04629629629629628
1 0.2953125 0.2722222222222222 0.026041666666666685 0.06296296296296297
1 0.30625 0.3388888888888889 0.03958333333333336 0.06666666666666665
1 0.28229166666666666 0.38703703703703707 0.039583333333333304 0.10000000000000003
1 0.33854166666666663 0.40185185185185185 0.04791666666666666 0.10370370370370374
1 0.37812500000000004 0.35833333333333334 0.041666666666666685 0.08333333333333337
1 0.34635416666666663 0.31203703703703706 0.02812500000000001 0.061111111111111116
1 0.40520833333333334 0.3324074074074074 0.027083333333333348 0.06851851851851848
1 0.43125 0.2916666666666667 0.020833333333333315 0.061111111111111116
1 0.4552083333333333 0.5074074074074074 0.0708333333333333 0.17037037037037034
1 0.4859375 0.41203703703703703 0.06354166666666666 0.12037037037037035
1 0.47239583333333335 0.32685185185185184 0.03854166666666664 0.06481481481481483
1 0.48072916666666665 0.22129629629629627 0.036458333333333315 0.07592592592592592
1 0.5348958333333333 0.2972222222222222 0.019791666666666652 0.04629629629629628
1 0.5510416666666667 0.31481481481481477 0.033333333333333326 0.06296296296296294
1 0.5848958333333334 0.38796296296296295 0.04062500000000002 0.09814814814814815
1 0.6255208333333333 0.49074074074074076 0.06354166666666672 0.14074074074074072
1 0.7708333333333333 0.4814814814814815 0.07708333333333328 0.13333333333333336
1 0.6536458333333333 0.3564814814814815 0.03437499999999993 0.08333333333333331
1 0.6177083333333333 0.32685185185185184 0.03125 0.061111111111111116
1 0.5776041666666667 0.29074074074074074 0.02604166666666663 0.062962962962963
1 0.6791666666666667 0.3175925925925926 0.018750000000000044 0.04629629629629628
1 0.6619791666666666 0.2953703703703704 0.017708333333333326 0.04259259259259257
1 0.7057291666666667 0.3333333333333333 0.03229166666666672 0.08148148148148149
1 0.7291666666666666 0.31666666666666665 0.027083333333333348 0.05555555555555558
1 0.7234375 0.28240740740740744 0.023958333333333415 0.03888888888888892
1 0.7572916666666667 0.30000000000000004 0.02083333333333337 0.05185185185185187
1 0.7786458333333334 0.38055555555555554 0.046875 0.09814814814814815
1 0.7916666666666667 0.34444444444444444 0.033333333333333326 0.062962962962963
1 0.7916666666666666 0.29814814814814816 0.022916666666666696 0.05555555555555558
1 0.8484375 0.3592592592592593 0.048958333333333326 0.07777777777777778
1 0.8520833333333333 0.3055555555555556 0.025000000000000022 0.04814814814814811
1 0.9010416666666666 0.30833333333333335 0.027083333333333348 0.04999999999999999
1 0.921875 0.3768518518518518 0.03541666666666665 0.09444444444444444
1 0.9583333333333333 0.3712962962962963 0.04166666666666663 0.08333333333333337
1 0.9776041666666666 0.43703703703703706 0.044791666666666674 0.1074074074074074
1 0.9776041666666666 0.3314814814814815 0.028125000000000067 0.08148148148148149
