1 0.06937499999999999 0.8106841611996252 0.12 0.15557638238050608
1 0.2865625 0.7272727272727273 0.08812500000000001 0.15370196813495784
1 0.245625 0.6251171508903468 0.06375000000000003 0.11433926897844426
1 0.1559375 0.6138706654170571 0.05687500000000001 0.07497656982193068
1 0.06218750000000001 0.6419868791002812 0.068125 0.10871602624179943
1 0.03125 0.5960637300843485 0.042499999999999996 0.06935332708528585
1 0.0728125 0.569821930646673 0.044375 0.06560449859418938
1 0.0815625 0.5201499531396439 0.021875000000000006 0.03373945641986875
1 0.1053125 0.5271790065604498 0.029375 0.04779756326148077
1 0.1590625 0.5060918462980318 0.030625000000000013 0.05623242736644801
1 0.18125 0.5529522024367385 0.03375 0.059981255857544546
1 0.09062500000000001 0.4915651358950328 0.0175 0.023430178069353325
1 0.23625000000000002 0.5051546391752577 0.018750000000000017 0.02811621368322398
1 0.2590625 0.5051546391752577 0.019374999999999976 0.03561387066541699
1 0.275625 0.4920337394564199 0.015000000000000013 0.03373945641986881
1 0.283125 0.5079662605435802 0.016249999999999987 0.024367385192127444
1 0.2990625 0.5149953139643861 0.024375000000000036 0.03467666354264298
1 0.3215625 0.528584817244611 0.02062499999999995 0.04686035613870665
1 0.343125 0.5454545454545454 0.027500000000000024 0.04498594189315841
1 0.33875 0.5079662605435802 0.018750000000000044 0.03186504217432057
1 0.36624999999999996 0.5304592314901593 0.024999999999999967 0.03936269915651358
1 0.389375 0.514526710402999 0.01874999999999999 0.03186504217432046
1 0.3859375 0.48406747891283974 0.014375000000000027 0.02717900656044986
1 0.41312499999999996 0.5477975632614809 0.027500000000000024 0.0627928772258669
1 0.42 0.5290534208059982 0.026249999999999996 0.03842549203373946
1 0.411875 0.4943767572633552 0.013749999999999984 0.030927835051546393
1 0.4175 0.49812558575445176 0.013749999999999984 0.02717900656044986
1 0.4346875 0.48687910028116216 0.014375000000000027 0.023430178069353325
1 0.4721875 0.5763823805060919 0.03437499999999999 0.07310215557638233
1 0.4625 0.5318650421743205 0.028749999999999998 0.03842549203373946
1 0.47281249999999997 0.5084348641049672 0.02437499999999998 0.03467666354264293
1 0.45218749999999996 0.5014058106841612 0.018125000000000002 0.022492970946579205
1 0.4859375 0.4985941893158388 0.013124999999999998 0.020618556701030966
1 0.5053125 0.49250234301780693 0.01687500000000003 0.021555763823805085
1 0.5009375 0.5173383317713215 0.01687500000000003 0.029990627928772273
1 0.519375 0.5712277413308341 0.03249999999999997 0.06841611996251173
1 0.5171874999999999 0.528116213683224 0.020625000000000004 0.03655107778819111
1 0.5496875000000001 0.5168697282099344 0.020625000000000004 0.036551077788191166
1 0.5309375 0.5107778819119025 0.015625 0.02436738519212739
1 0.5562499999999999 0.6162136832239925 0.04625000000000001 0.09840674789128401
1 0.6071875 0.563261480787254 0.03687499999999999 0.06560449859418938
1 0.6040625 0.5328022492970946 0.02937500000000004 0.03842549203373946
1 0.586875 0.5121836925960637 0.016249999999999987 0.029053420805998154
1 0.6387499999999999 0.5960637300843487 0.04749999999999999 0.09184629803186506
1 0.6384375 0.5173383317713215 0.026874999999999982 0.048734770384254944
1 0.6775 0.5421743205248359 0.028750000000000053 0.0534208059981256
1 0.6828125 0.5220243673851921 0.020625000000000004 0.04311152764761006
1 0.7046874999999999 0.5834114339268979 0.04312499999999997 0.08716026241799435
1 0.761875 0.5313964386129335 0.03125 0.06560449859418932
1 0.7350000000000001 0.5318650421743205 0.026249999999999996 0.04217432052483594
1 0.7749999999999999 0.5388940955951265 0.026249999999999996 0.048734770384255
1 0.8262499999999999 0.5384254920337395 0.03500000000000003 0.0665417057169635
1 0.829375 0.6883786316776007 0.07374999999999998 0.13027179006560452
1 0.9175 0.634020618556701 0.06374999999999997 0.09840674789128401
1 0.9775 0.5670103092783505 0.04500000000000004 0.07497656982193068
