1 0.2022977022977023 0.4572192513368984 0.042957042957042946 0.09090909090909094
1 0.2952047952047952 0.21479500891265596 0.016983016983016963 0.03386809269162208
1 0.31418581418581415 0.21746880570409982 0.01698301698301702 0.035650623885918
1 0.3266733266733267 0.24242424242424243 0.017982017982017984 0.04278074866310158
1 0.3771228771228771 0.2344028520499109 0.022977022977022976 0.044563279857397525
1 0.4000999000999001 0.23796791443850268 0.018981018981019004 0.0481283422459893
1 0.4155844155844156 0.2611408199643494 0.02797202797202797 0.044563279857397525
1 0.4055944055944056 0.21746880570409982 0.019980019980020025 0.035650623885918
1 0.37212787212787213 0.18983957219251338 0.014985014985015033 0.03386809269162211
1 0.3806193806193806 0.17201426024955435 0.015984015984015998 0.030303030303030304
1 0.4240759240759241 0.15329768270944744 0.012987012987012991 0.028520499108734415
1 0.45854145854145856 0.14705882352941174 0.01198801198801197 0.023172905525846693
1 0.468031968031968 0.15329768270944744 0.012987012987012936 0.021390374331550804
1 0.4725274725274725 0.17290552584670232 0.015984015984015998 0.03208556149732619
1 0.47052947052947053 0.1942959001782531 0.01998001998001997 0.03208556149732619
1 0.46253746253746253 0.22014260249554368 0.02197802197802201 0.0445632798573975
1 0.47452547452547456 0.1372549019607843 0.00999000999001004 0.024955436720142596
1 0.48901098901098905 0.13903743315508021 0.014985014985014977 0.02495543672014261
1 0.5 0.12210338680926916 0.00899100899100902 0.023172905525846707
1 0.49200799200799206 0.16310160427807485 0.01698301698301702 0.026737967914438526
1 0.516983016983017 0.16666666666666669 0.014985014985015033 0.037433155080213915
1 0.537962037962038 0.15597147950089127 0.016983016983017074 0.03386809269162211
1 0.540959040959041 0.14527629233511585 0.012987012987012991 0.030303030303030304
1 0.5204795204795205 0.1354723707664884 0.013986013986013957 0.024955436720142596
1 0.5629370629370629 0.15240641711229946 0.014985014985015033 0.0267379679144385
1 0.563936063936064 0.1853832442067736 0.020979020979020935 0.0392156862745098
1 0.5844155844155845 0.16042780748663102 0.017982017982017928 0.035650623885918
1 0.5999000999000998 0.15062388591800357 0.016983016983017074 0.030303030303030304
1 0.5859140859140859 0.12032085561497326 0.012987012987012991 0.023172905525846693
1 0.6088911088911089 0.10606060606060605 0.012987012987012991 0.0196078431372549
1 0.612887112887113 0.13814616755793227 0.012987012987012991 0.03030303030303029
1 0.6338661338661338 0.16042780748663102 0.018981018981019004 0.028520499108734387
1 0.6303696303696303 0.11408199643493762 0.011988011988012026 0.028520499108734415
1 0.6463536463536463 0.12032085561497327 0.01798201798201804 0.03386809269162211
1 0.6793206793206793 0.11229946524064172 0.013986013986013957 0.0285204991087344
1 0.7312687312687313 0.06951871657754011 0.013986013986013957 0.028520499108734408
1 0.5574425574425574 0.23796791443850268 0.0219780219780219 0.0445632798573975
1 0.6168831168831168 0.2540106951871658 0.026973026973026948 0.055258467023172886
1 0.6193806193806194 0.21657754010695188 0.0219780219780219 0.04099821746880572
1 0.6683316683316682 0.22459893048128343 0.02197802197802201 0.04278074866310161
1 0.7112887112887113 0.19340463458110518 0.01998001998001997 0.0481283422459893
1 0.7362637362637363 0.18003565062388593 0.01998001998001997 0.0392156862745098
1 0.7392607392607393 0.23796791443850268 0.017982017982017928 0.0445632798573975
1 0.7692307692307692 0.25133689839572193 0.02197802197802201 0.04991087344028522
1 0.7762237762237763 0.3163992869875223 0.029970029970029954 0.0623885918003565
1 0.7677322677322678 0.2014260249554367 0.020979020979020935 0.046345811051693414
1 0.7317682317682317 0.142602495543672 0.018981018981019004 0.03208556149732619
1 0.7607392607392607 0.13012477718360071 0.014985014985014922 0.035650623885918
1 0.7842157842157842 0.14171122994652408 0.013986013986013957 0.030303030303030304
1 0.7937062937062938 0.16934046345811052 0.016983016983017074 0.03208556149732622
1 0.7932067932067932 0.21301247771836007 0.023976023976024052 0.0445632798573975
1 0.8081918081918082 0.12834224598930483 0.011988011988011915 0.028520499108734415
1 0.8241758241758241 0.13903743315508021 0.009990009990009985 0.02495543672014261
1 0.8296703296703296 0.17112299465240643 0.014985014985014922 0.03208556149732619
1 0.8401598401598401 0.1488413547237077 0.013986013986013957 0.030303030303030304
1 0.8531468531468531 0.14705882352941174 0.011988011988012026 0.030303030303030304
1 0.8676323676323676 0.17557932263814616 0.016983016983016963 0.03386809269162211
1 0.8571428571428572 0.21390374331550804 0.02197802197802201 0.046345811051693414
1 0.8441558441558441 0.2415329768270945 0.015984015984015998 0.04812834224598933
1 0.8851148851148851 0.23529411764705882 0.015984015984015887 0.039215686274509776
1 0.8896103896103896 0.20409982174688057 0.014985014985015033 0.03743315508021389
1 0.8831168831168831 0.16488413547237077 0.013986013986013957 0.03386809269162211
1 0.8971028971028971 0.18270944741532977 0.011988011988011915 0.0267379679144385
1 0.9090909090909092 0.14705882352941177 0.015984015984015998 0.03386809269162211
1 0.9045954045954046 0.35650623885918004 0.02897102897102899 0.06417112299465244
1 0.9165834165834166 0.25757575757575757 0.022977022977022976 0.055258467023172914
1 0.942057942057942 0.20499108734402852 0.017982017982017928 0.04278074866310161
1 0.936063936063936 0.17557932263814618 0.015984015984015998 0.030303030303030304
1 0.954045954045954 0.18092691622103388 0.011988011988012026 0.03386809269162211
