1 0.32139148494288683 0.2047970479704797 0.01765316718587745 0.029520295202952018
1 0.3587746625129803 0.20018450184501846 0.015576323987538943 0.03136531365313652
1 0.37642782969885774 0.19003690036900367 0.01349948078920038 0.025830258302583037
1 0.41017653167185875 0.1752767527675277 0.014537902388369661 0.025830258302583037
1 0.4200415368639668 0.17988929889298894 0.01349948078920038 0.03136531365313652
1 0.42471443406022846 0.1651291512915129 0.012461059190031154 0.023985239852398504
1 0.4371754932502596 0.16143911439114392 0.012461059190031154 0.023985239852398532
1 0.46261682242990654 0.1559040590405904 0.01349948078920038 0.016605166051660514
1 0.48286604361370716 0.15129151291512916 0.014537902388369717 0.03321033210332103
1 0.4672897196261682 0.18265682656826568 0.01661474558670817 0.02583025830258301
1 0.46677050882658355 0.21125461254612546 0.019730010384216012 0.02767527675276754
1 0.4470404984423676 0.2481549815498155 0.019730010384215957 0.02767527675276754
1 0.5 0.12546125461254615 0.011422637590861928 0.022140221402214028
1 0.4994807892004154 0.1918819188191882 0.01869158878504673 0.03690036900369004
1 0.5207684319833852 0.1863468634686347 0.015576323987538943 0.022140221402214
1 0.5368639667705088 0.1282287822878229 0.010384215991692591 0.020295202952029537
1 0.5373831775700935 0.15036900369003692 0.01349948078920038 0.027675276752767514
1 0.564901349948079 0.13745387453874539 0.012461059190031154 0.023985239852398532
1 0.5716510903426791 0.15129151291512916 0.01349948078920038 0.022140221402214028
1 0.5529595015576323 0.18357933579335795 0.015576323987538943 0.03136531365313652
1 0.5768431983385254 0.1863468634686347 0.015576323987538943 0.029520295202952018
1 0.5981308411214954 0.1503690036900369 0.014537902388369717 0.020295202952029523
1 0.5815160955347871 0.13099630996309963 0.012461059190031154 0.022140221402214014
1 0.6116303219106958 0.10608856088560886 0.010384215991692591 0.02029520295202951
1 0.6407061266874351 0.12269372693726938 0.010384215991692702 0.020295202952029523
1 0.6365524402907581 0.13653136531365312 0.012461059190031154 0.022140221402214028
1 0.6536863966770509 0.14760147601476015 0.011422637590861928 0.022140221402214
1 0.6630321910695742 0.11531365313653136 0.011422637590861928 0.02029520295202951
1 0.6687435098650052 0.12546125461254612 0.010384215991692702 0.018450184501845032
1 0.7035306334371756 0.1282287822878229 0.009345794392523366 0.016605166051660528
1 0.6734164070612669 0.1448339483394834 0.011422637590861817 0.016605166051660514
1 0.6261682242990654 0.18081180811808117 0.014537902388369717 0.022140221402214028
1 0.5851505711318795 0.1706642066420664 0.017653167185877505 0.020295202952029523
1 0.5721703011422637 0.23247232472324725 0.022845275181723856 0.04428044280442803
1 0.6355140186915887 0.2011070110701107 0.01869158878504673 0.040590405904059046
1 0.6552440290758048 0.23800738007380073 0.020768431983385294 0.036900369003690064
1 0.6604361370716512 0.18450184501845018 0.01661474558670817 0.03321033210332103
1 0.6967808930425753 0.18081180811808117 0.014537902388369606 0.022140221402214028
1 0.7118380062305296 0.1540590405904059 0.01349948078920038 0.02767527675276754
1 0.7149532710280374 0.235239852398524 0.019730010384215957 0.04243542435424358
1 0.7222222222222223 0.18911439114391143 0.015576323987538943 0.03505535055350553
1 0.7341640706126688 0.17343173431734318 0.014537902388369606 0.03690036900369004
1 0.7435098650051921 0.1540590405904059 0.012461059190031154 0.023985239852398532
1 0.7642782969885773 0.1466789667896679 0.010384215991692591 0.016605166051660514
1 0.788681204569055 0.1466789667896679 0.013499480789200491 0.027675276752767514
1 0.7980269989615785 0.13191881918819187 0.009345794392523366 0.02398523985239852
1 0.8058151609553479 0.15498154981549817 0.014537902388369606 0.029520295202952046
1 0.7938733125649013 0.17804428044280443 0.01349948078920038 0.023985239852398532
1 0.768951194184839 0.18542435424354242 0.015576323987538943 0.03505535055350553
1 0.7564901349948079 0.31088560885608857 0.036344755970924236 0.06826568265682653
1 0.8006230529595015 0.20848708487084872 0.014537902388369717 0.040590405904059046
1 0.8136033229491173 0.20387453874538747 0.015576323987538943 0.03505535055350553
1 0.8291796469366562 0.1789667896678967 0.01349948078920038 0.029520295202952046
1 0.8271028037383178 0.15867158671586717 0.011422637590861928 0.022140221402214028
1 0.8541017653167186 0.15036900369003692 0.011422637590861928 0.027675276752767514
1 0.8660436137071651 0.0977859778597786 0.012461059190031154 0.029520295202952032
1 0.8888888888888888 0.1595940959409594 0.010384215991692591 0.023985239852398532
1 0.8572170301142263 0.21309963099630996 0.01349948078920038 0.02767527675276754
1 0.8831775700934579 0.23800738007380073 0.013499480789200491 0.036900369003690064
1 0.8753894080996885 0.27214022140221406 0.01661474558670828 0.038745387453874514
1 0.9179646936656283 0.1817343173431734 0.012461059190031154 0.027675276752767514
1 0.9382139148494288 0.21309963099630996 0.015576323987538943 0.03505535055350556
1 0.9215991692627206 0.2675276752767528 0.015576323987538943 0.03690036900369004
1 0.935098650051921 0.24907749077490776 0.017653167185877505 0.033210332103321055
