1 0.05377906976744186 0.24569336778639106 0.1065891472868217 0.3458225667527993
1 0.11749031007751937 0.2596899224806202 0.03875968992248062 0.0740740740740741
1 0.2131782945736434 0.28251507321274766 0.11143410852713176 0.21016365202411716
1 0.3187984496124031 0.28552971576227393 0.06637596899224807 0.15503875968992248
1 0.36409883720930236 0.2713178294573644 0.042151162790697694 0.12661498708010338
1 0.406734496124031 0.2756244616709733 0.03730620155038755 0.08871662360034452
1 0.43023255813953487 0.2579672695951766 0.027616279069767435 0.07751937984496127
1 0.4454941860465116 0.25839793281653745 0.01937984496124029 0.05684754521963825
1 0.45482073643410853 0.25538329026701123 0.013323643410852681 0.04048234280792423
1 0.49830426356589147 0.08247200689061154 0.06298449612403101 0.11326442721791559
1 0.547843992248062 0.2596899224806202 0.023498062015503862 0.059431524547803594
1 0.6115552325581395 0.2792850990525409 0.04433139534883723 0.09345391903531439
1 0.6197916666666667 0.2450473729543497 0.04433139534883723 0.06632213608957793
1 0.6676356589147288 0.25301464254952627 0.061046511627906974 0.1020671834625323
1 0.7427325581395349 0.22093023255813954 0.0683139534883721 0.16365202411714042
1 0.8240067829457365 0.27325581395348836 0.13977713178294582 0.24590869939707147
1 0.945857558139535 0.19745908699397072 0.10780038759689925 0.3432385874246339
