1 0.19596690796277144 0.3842592592592593 0.046535677352637 0.09814814814814815
1 0.3267838676318511 0.18981481481481483 0.012409513960703222 0.02407407407407408
1 0.33195449844881075 0.23518518518518516 0.016546018614270963 0.040740740740740716
1 0.35729058945191317 0.23148148148148148 0.017580144777662843 0.04444444444444445
1 0.37745604963805585 0.18333333333333335 0.018614270941054833 0.033333333333333354
1 0.39400206825232675 0.19444444444444445 0.018614270941054778 0.033333333333333326
1 0.40847983453981385 0.16018518518518518 0.014477766287487093 0.02407407407407408
1 0.43381592554291626 0.17222222222222222 0.013443640124095102 0.025925925925925908
1 0.44364012409513964 0.1527777777777778 0.012409513960703167 0.03518518518518518
1 0.44674250258531545 0.22962962962962963 0.02068252326783865 0.033333333333333326
1 0.47518097207859356 0.18148148148148147 0.015511892450878972 0.033333333333333354
1 0.47362978283350565 0.13333333333333333 0.012409513960703167 0.02592592592592592
1 0.4917269906928645 0.13148148148148148 0.013443640124095158 0.029629629629629617
1 0.5051706308169597 0.14351851851851852 0.013443640124095158 0.02777777777777779
1 0.5020682523267839 0.22314814814814815 0.0175801447776629 0.04259259259259257
1 0.5305067218200621 0.18518518518518517 0.016546018614270963 0.029629629629629645
1 0.547569803516029 0.16296296296296298 0.017580144777662787 0.033333333333333354
1 0.5511892450879007 0.18888888888888888 0.016546018614270963 0.037037037037037035
1 0.5708376421923474 0.17685185185185184 0.016546018614270963 0.02407407407407408
1 0.5708376421923474 0.12407407407407409 0.014477766287487093 0.02962962962962963
1 0.5796277145811789 0.10462962962962963 0.013443640124095158 0.02407407407407408
1 0.6116856256463289 0.11203703703703703 0.013443640124095158 0.027777777777777762
1 0.6297828335056876 0.12777777777777777 0.014477766287486982 0.03703703703703702
1 0.6504653567735263 0.12592592592592594 0.010341261633919352 0.03333333333333334
1 0.6618407445708376 0.0962962962962963 0.010341261633919352 0.025925925925925936
1 0.6851085832471562 0.10555555555555556 0.011375387797311287 0.025925925925925936
1 0.704239917269907 0.10185185185185186 0.010341261633919241 0.02592592592592592
1 0.7166494312306101 0.05277777777777778 0.012409513960703222 0.027777777777777776
1 0.5801447776628749 0.22685185185185186 0.022750775594622574 0.0425925925925926
1 0.5915201654601862 0.2722222222222222 0.024819027921406445 0.05555555555555555
1 0.6220268872802481 0.22037037037037038 0.017580144777662787 0.033333333333333354
1 0.6147880041365047 0.25555555555555554 0.01964839710444677 0.029629629629629645
1 0.6582213029989659 0.3555555555555555 0.02378490175801451 0.06296296296296294
1 0.671147880041365 0.28148148148148144 0.022750775594622574 0.05185185185185187
1 0.6654601861427094 0.1685185185185185 0.015511892450879028 0.037037037037037035
1 0.703722854188211 0.15833333333333333 0.013443640124095046 0.03148148148148147
1 0.7264736297828335 0.14351851851851852 0.013443640124095158 0.02777777777777779
1 0.7394002068252327 0.17129629629629628 0.014477766287487093 0.03888888888888889
1 0.7580144777662875 0.12685185185185185 0.014477766287487093 0.0314814814814815
1 0.7911065149948293 0.13333333333333333 0.010341261633919241 0.029629629629629617
1 0.8045501551189245 0.14537037037037037 0.014477766287487093 0.02777777777777779
1 0.749741468459152 0.20555555555555555 0.014477766287487093 0.033333333333333326
1 0.7109617373319546 0.23425925925925928 0.021716649431230528 0.03888888888888889
1 0.766804550155119 0.24166666666666667 0.01964839710444677 0.04999999999999999
1 0.7978283350568769 0.21666666666666667 0.017580144777662787 0.033333333333333326
1 0.7445708376421923 0.3055555555555556 0.026887280248190315 0.05185185185185187
1 0.7611168562564633 0.37962962962962965 0.031023784901758056 0.07037037037037036
1 0.7812823164426059 0.32314814814814813 0.02585315408479827 0.061111111111111116
1 0.8210961737331954 0.3907407407407407 0.024819027921406445 0.07037037037037036
1 0.8397104446742503 0.31666666666666665 0.026887280248190315 0.05555555555555558
1 0.8717683557394003 0.42592592592592593 0.039296794208893426 0.07037037037037042
1 0.9022750775594622 0.32685185185185184 0.02171664943123064 0.06481481481481483
1 0.8086866597724922 0.26666666666666666 0.022750775594622574 0.040740740740740744
1 0.8629782833505688 0.2777777777777778 0.0175801447776629 0.04814814814814816
1 0.8795243019648398 0.24074074074074076 0.015511892450878917 0.040740740740740744
1 0.9177869700103413 0.28240740740740744 0.02171664943123064 0.04259259259259257
1 0.9296794208893485 0.2212962962962963 0.014477766287487093 0.04629629629629628
1 0.5046535677352637 0.08148148148148149 0.010341261633919352 0.02592592592592592
1 0.5201654601861427 0.13518518518518519 0.010341261633919352 0.02592592592592592
