1 0.4473404255319149 0.3258785942492013 0.13510638297872335 0.25239616613418525
1 0.3351063829787234 0.3642172523961661 0.05531914893617018 0.08306709265175721
1 0.3702127659574468 0.3218849840255591 0.03191489361702127 0.06230031948881787
1 0.5781914893617022 0.23242811501597443 0.02659574468085102 0.036741214057507965
1 0.6345744680851064 0.2987220447284345 0.015957446808510634 0.028753993610223683
1 0.6468085106382979 0.3059105431309904 0.017021276595744594 0.036741214057507965
1 0.6622340425531914 0.3306709265175719 0.02021276595744681 0.041533546325878634
1 0.6861702127659575 0.2723642172523962 0.04893617021276597 0.08146964856230032
1 0.7478723404255319 0.323482428115016 0.021276595744680882 0.039936102236421744
1 0.7723404255319148 0.36022364217252395 0.025531914893616947 0.04632587859424919
1 0.798936170212766 0.41533546325878595 0.04042553191489362 0.07028753993610226
1 0.8186170212765957 0.3698083067092652 0.02872340425531905 0.04952076677316297
1 0.8053191489361702 0.36022364217252395 0.019148936170212738 0.04632587859424919
1 0.7941489361702128 0.33626198083067094 0.02021276595744681 0.039936102236421744
1 0.8372340425531914 0.34025559105431313 0.017021276595744705 0.038338658146964855
1 0.8569148936170212 0.36182108626198084 0.028723404255319163 0.04952076677316297
1 0.8680851063829788 0.33706070287539935 0.017021276595744705 0.028753993610223683
1 0.876595744680851 0.3266773162939297 0.012765957446808529 0.027156549520766737
1 0.8968085106382979 0.3769968051118211 0.036170212765957444 0.06389776357827476
1 0.9164893617021277 0.33785942492012777 0.024468085106382986 0.03354632587859424
1 0.9218085106382978 0.3682108626198083 0.02021276595744681 0.03993610223642169
1 0.9367021276595745 0.33466453674121405 0.015957446808510634 0.036741214057507965
1 0.9537234042553191 0.3738019169329073 0.024468085106382875 0.041533546325878634
1 0.9856382978723404 0.36182108626198084 0.022340425531914954 0.04313099041533547
1 0.9856382978723404 0.4241214057507987 0.028723404255319163 0.0718849840255591
1 0.9425531914893617 0.4289137380191693 0.057446808510638325 0.07507987220447288
1 0.8936170212765957 0.44089456869009586 0.04042553191489362 0.07028753993610226
