1 0.2022417153996101 0.43169877408056045 0.04580896686159844 0.0683012259194396
1 0.30750487329434695 0.21891418563922943 0.018518518518518545 0.04203152364273205
1 0.3328460038986355 0.22942206654991243 0.016569200779727067 0.038528896672504365
1 0.3591617933723197 0.23642732049036774 0.01851851851851849 0.045534150612959706
1 0.41033138401559455 0.24605954465849386 0.023391812865497075 0.033274956217162865
1 0.41764132553606237 0.21103327495621715 0.01851851851851849 0.04028021015761821
1 0.4673489278752436 0.19789842381786338 0.02241715399610139 0.03502626970227671
1 0.4205653021442495 0.15499124343257442 0.012670565302144221 0.02977232924693521
1 0.4342105263157895 0.1576182136602452 0.012670565302144221 0.03852889667250439
1 0.4692982456140351 0.15586690017513133 0.02436647173489276 0.03852889667250439
1 0.49756335282651076 0.15411558669001751 0.016569200779727178 0.03502626970227671
1 0.543859649122807 0.15499124343257442 0.021442495126705596 0.04028021015761821
1 0.5599415204678363 0.19001751313485113 0.022417153996101336 0.03677758318739055
1 0.6330409356725146 0.23467600700525393 0.0185185185185186 0.052539404553415076
1 0.6710526315789473 0.23467600700525393 0.02631578947368418 0.038528896672504365
1 0.6418128654970761 0.04903677758318739 0.012670565302144277 0.03152364273204903
1 0.7324561403508771 0.1479859894921191 0.022417153996101447 0.04028021015761821
1 0.9049707602339181 0.1987740805604203 0.016569200779727122 0.040280210157618235
1 0.8937621832358674 0.24518388791593695 0.023391812865497075 0.05954465849387042
1 0.9113060428849902 0.3362521891418564 0.033138401559454134 0.07005253940455342
1 0.9244639376218324 0.2478108581436077 0.020467836257309968 0.050788091068301205
1 0.9405458089668616 0.20140105078809106 0.015594541910331383 0.04203152364273205
1 0.9644249512670565 0.18739054290718038 0.014619883040935644 0.03502626970227671
1 0.398635477582846 0.20928196147110334 0.017543859649122806 0.03677758318739052
1 0.6447368421052632 0.20665499124343256 0.0185185185185186 0.04203152364273205
