1 0.8292817679558011 0.36587771203155817 0.04972375690607733 0.10059171597633138
1 0.8751381215469614 0.26627218934911245 0.02209944751381221 0.05522682445759369
1 0.7027624309392265 0.23668639053254437 0.024309392265193353 0.03944773175542404
1 0.6668508287292818 0.22583826429980275 0.02541436464088398 0.041420118343195284
1 0.6303867403314918 0.21104536489151873 0.023204419889502836 0.04339250493096647
1 0.580110497237569 0.23471400394477315 0.024309392265193353 0.04733727810650887
1 0.53646408839779 0.21301775147928992 0.02541436464088398 0.03944773175542407
1 0.45469613259668507 0.23076923076923078 0.020994475138121527 0.04339250493096647
1 0.3674033149171271 0.1913214990138067 0.016574585635359074 0.03550295857988167
1 0.3259668508287293 0.19822485207100593 0.019889502762430955 0.03353057199211043
1 0.39502762430939226 0.17061143984220908 0.01436464088397793 0.03353057199211046
1 0.4116022099447514 0.1765285996055227 0.016574585635359074 0.03353057199211043
1 0.4397790055248619 0.15976331360946744 0.015469613259668558 0.035502958579881644
1 0.438121546961326 0.1370808678500986 0.014364640883977875 0.025641025641025633
1 0.4591160220994475 0.16272189349112426 0.016574585635359074 0.03747534516765286
1 0.46519337016574586 0.13313609467455623 0.0176795580110497 0.025641025641025633
1 0.4767955801104973 0.15877712031558183 0.020994475138121527 0.03747534516765286
1 0.4988950276243094 0.1222879684418146 0.014364640883977875 0.035502958579881644
1 0.5 0.1893491124260355 0.023204419889502725 0.04339250493096647
1 0.5226519337016575 0.17455621301775148 0.019889502762430955 0.041420118343195256
1 0.49834254143646406 0.15877712031558186 0.017679558011049756 0.029585798816568032
1 0.525414364640884 0.1242603550295858 0.01436464088397793 0.031558185404339245
1 0.5386740331491713 0.14792899408284022 0.018784530386740328 0.03944773175542407
1 0.5574585635359116 0.15384615384615385 0.02099447513812147 0.031558185404339245
1 0.5679558011049723 0.1301775147928994 0.0176795580110497 0.04339250493096647
1 0.5790055248618784 0.11735700197238659 0.0176795580110497 0.02958579881656806
1 0.5972375690607734 0.1390532544378698 0.018784530386740328 0.02958579881656806
1 0.5784530386740332 0.1804733727810651 0.018784530386740328 0.03353057199211046
1 0.5447513812154696 0.1834319526627219 0.022099447513812098 0.031558185404339245
1 0.6182320441988951 0.10059171597633136 0.020994475138121582 0.027613412228796846
1 0.616574585635359 0.16173570019723865 0.0176795580110497 0.031558185404339245
1 0.6248618784530386 0.12327416173570019 0.016574585635359074 0.033530571992110444
1 0.6546961325966851 0.1351084812623274 0.012154696132596676 0.029585798816568032
1 0.656353591160221 0.11242603550295859 0.013259668508287303 0.027613412228796846
1 0.6729281767955801 0.10848126232741617 0.011049723756906049 0.031558185404339245
1 0.7049723756906078 0.1203155818540434 0.013259668508287303 0.027613412228796833
1 0.6552486187845303 0.18934911242603553 0.0176795580110497 0.03944773175542407
1 0.6950276243093922 0.1765285996055227 0.0176795580110497 0.03747534516765286
1 0.7149171270718232 0.18244575936883628 0.017679558011049812 0.03747534516765286
1 0.7209944751381215 0.14201183431952663 0.01436464088397793 0.03550295857988167
1 0.7364640883977901 0.14497041420118345 0.01436464088397793 0.02958579881656806
1 0.7408839779005525 0.16962524654832348 0.01436464088397793 0.031558185404339245
1 0.7972375690607736 0.20512820512820512 0.018784530386740328 0.04339250493096647
1 0.7701657458563536 0.17357001972386588 0.013259668508287303 0.04339250493096647
1 0.7591160220994475 0.13609467455621302 0.013259668508287303 0.027613412228796833
1 0.7933701657458564 0.12721893491124261 0.013259668508287303 0.029585798816568046
1 0.8066298342541436 0.15779092702169625 0.015469613259668447 0.03550295857988167
1 0.8209944751381215 0.1291913214990138 0.011049723756906049 0.033530571992110444
1 0.8281767955801105 0.16863905325443787 0.01436464088397793 0.037475345167652885
1 0.8541436464088398 0.2031558185404339 0.017679558011049812 0.04733727810650887
1 0.8519337016574586 0.14595660749506903 0.01104972375690616 0.03550295857988167
1 0.8729281767955801 0.14398422090729784 0.013259668508287303 0.03155818540433927
1 0.9077348066298343 0.1755424063116371 0.01436464088397782 0.03944773175542407
1 0.9414364640883978 0.16568047337278108 0.013259668508287303 0.035502958579881644
1 0.9243093922651934 0.2465483234714004 0.023204419889502725 0.05522682445759369
1 0.8922651933701657 0.23668639053254437 0.018784530386740328 0.04733727810650887
1 0.9359116022099447 0.22781065088757396 0.0176795580110497 0.04536489151873768
