1 0.10494812450119713 0.536833855799373 0.047086991221069435 0.09561128526645768
1 0.20391061452513967 0.26332288401253917 0.018355945730247403 0.037617554858934144
1 0.23184357541899442 0.28056426332288403 0.01675977653631286 0.040752351097178674
1 0.2753391859537111 0.2366771159874608 0.0159616919393456 0.03134796238244514
1 0.30766161213088583 0.23275862068965517 0.01675977653631283 0.04231974921630094
1 0.3343974461292897 0.2280564263322884 0.015961691939345546 0.036050156739811906
1 0.316440542697526 0.1998432601880878 0.01675977653631283 0.032915360501567376
1 0.35434956105347165 0.2084639498432602 0.01436552274541103 0.03448275862068967
1 0.3711093375897845 0.25705329153605017 0.014365522745410975 0.040752351097178674
1 0.4002394253790902 0.23432601880877743 0.013567438148443745 0.03918495297805641
1 0.44213886671987235 0.2954545454545454 0.01915403032721469 0.04231974921630094
1 0.36831604150039904 0.19670846394984326 0.015163607342378316 0.02664576802507837
1 0.4022346368715084 0.18103448275862066 0.012769353551476459 0.02664576802507837
1 0.4237829209896249 0.16849529780564265 0.012769353551476459 0.02351097178683384
1 0.432561851556265 0.19278996865203762 0.0159616919393456 0.03134796238244514
1 0.47007182761372707 0.25391849529780564 0.0159616919393456 0.037617554858934144
1 0.44692737430167595 0.1677115987460815 0.012769353551476403 0.028213166144200635
1 0.46488427773343977 0.14733542319749215 0.011971268954509173 0.021943573667711602
1 0.480047885075818 0.1731974921630094 0.013567438148443745 0.032915360501567376
1 0.4960095770151636 0.15203761755485892 0.013567438148443745 0.03134796238244514
1 0.49880287310454907 0.20297805642633227 0.014365522745411086 0.036050156739811906
1 0.5494812450119713 0.21865203761755486 0.018355945730247347 0.0329153605015674
1 0.5287310454908221 0.16379310344827586 0.013567438148443745 0.0329153605015674
1 0.5538707102952913 0.16300940438871472 0.012769353551476459 0.03134796238244514
1 0.5566640063846768 0.13793103448275862 0.015163607342378316 0.03134796238244514
1 0.5746209098164405 0.1371473354231975 0.012769353551476459 0.03291536050156739
1 0.5802075019952115 0.20454545454545453 0.01436552274541103 0.032915360501567376
1 0.6153232242617717 0.1943573667711599 0.01436552274541103 0.031347962382445166
1 0.5993615323224262 0.12774294670846395 0.014365522745410919 0.0329153605015674
1 0.6213088587390263 0.1316614420062696 0.011971268954509173 0.028213166144200635
1 0.6221069433359936 0.164576802507837 0.016759776536312887 0.025078369905956133
1 0.6456504389465283 0.14184952978056425 0.011173184357541888 0.0297805642633229
1 0.6576217079010376 0.1536050156739812 0.012769353551476459 0.028213166144200608
1 0.6624102154828412 0.18260188087774293 0.014365522745410919 0.0297805642633229
1 0.6907422186751795 0.16536050156739812 0.015163607342378316 0.036050156739811934
1 0.6927374301675977 0.1371473354231975 0.012769353551476459 0.029780564263322873
1 0.7106943335993615 0.15438871473354232 0.018355945730247347 0.03918495297805641
1 0.6636073423782921 0.2358934169278997 0.02154828411811649 0.04545454545454547
1 0.6181165203511572 0.2844827586206896 0.01995211492418203 0.04545454545454547
1 0.5602553870710295 0.3369905956112853 0.019154030327214633 0.04702194357366768
1 0.6093375897845171 0.36363636363636365 0.026336791699920203 0.05642633228840127
1 0.6576217079010375 0.3949843260188088 0.025538707102952918 0.050156739811912265
1 0.7270550678371908 0.3871473354231975 0.023942537909018347 0.06269592476489028
1 0.7154828411811651 0.2609717868338558 0.018355945730247458 0.04545454545454544
1 0.7158818834796488 0.21316614420062696 0.01436552274541103 0.040752351097178674
1 0.7541899441340782 0.22335423197492163 0.01436552274541103 0.036050156739811934
1 0.7637669592976855 0.1943573667711599 0.011173184357541888 0.028213166144200635
1 0.7757382282521947 0.17711598746081503 0.012769353551476459 0.025078369905956105
1 0.7805267358339985 0.2053291536050157 0.0159616919393456 0.028213166144200635
1 0.7645650438946527 0.27664576802507834 0.01436552274541103 0.03605015673981188
1 0.7956903431763767 0.25783699059561127 0.01436552274541103 0.04545454545454547
1 0.8176376695929768 0.29545454545454547 0.016759776536312887 0.051724137931034475
1 0.8172386272944931 0.24608150470219436 0.01436552274541103 0.040752351097178674
1 0.8112529928172386 0.1920062695924765 0.015163607342378205 0.036050156739811934
1 0.8312051077414206 0.20846394984326017 0.013567438148443745 0.03761755485893417
1 0.872705506783719 0.23197492163009403 0.011971268954509173 0.037617554858934144
1 0.8802873104549083 0.2170846394984326 0.011173184357541888 0.0329153605015674
1 0.8910614525139664 0.2719435736677116 0.015163607342378316 0.04545454545454544
1 0.9046288906624103 0.23589341692789967 0.011971268954509173 0.032915360501567376
1 0.800877893056664 0.44670846394984326 0.02314445331205106 0.056426332288401215
1 0.8647246608140463 0.5007836990595611 0.026336791699920203 0.061128526645768066
1 0.8711093375897845 0.40282131661442006 0.01995211492418203 0.056426332288401215
1 0.8627294493216281 0.34247648902821315 0.01755786113328006 0.04858934169279
1 0.9245810055865922 0.31974921630094044 0.015163607342378205 0.050156739811912265
1 0.9489225857940942 0.3699059561128527 0.01755786113328006 0.05015673981191221
1 0.9596967278531524 0.42006269592476486 0.01995211492418192 0.04702194357366768
1 0.9776536312849162 0.3581504702194357 0.012769353551476459 0.04231974921630094
1 0.9752593774940144 0.32523510971786834 0.011173184357541999 0.026645768025078342
1 0.981245011971269 0.29623824451410663 0.00877893056664003 0.03134796238244514
1 0.9852354349561054 0.2609717868338558 0.010375099760574602 0.029780564263322873
1 0.9453312051077414 0.2390282131661442 0.013567438148443745 0.036050156739811934
1 0.9305666400638468 0.2664576802507837 0.01436552274541103 0.03448275862068964
