1 0.09930555555555555 0.22036637931034483 0.15138888888888888 0.2790948275862069
1 0.03298611111111111 0.050646551724137935 0.06458333333333334 0.09267241379310345
1 0.2986111111111111 0.17995689655172414 0.09166666666666667 0.15086206896551724
1 0.503125 0.2667025862068966 0.1076388888888889 0.19935344827586204
1 0.6416666666666666 0.22359913793103448 0.07916666666666672 0.14547413793103448
1 0.7427083333333333 0.16810344827586207 0.06180555555555556 0.12068965517241381
1 0.7906249999999999 0.1449353448275862 0.06319444444444444 0.11530172413793102
1 0.8649305555555555 0.10668103448275862 0.05486111111111114 0.10991379310344829
1 0.8045138888888889 0.5188577586206896 0.22013888888888888 0.3566810344827586
1 0.9493055555555556 0.1858836206896552 0.10138888888888886 0.19073275862068967
