1 0.19333333333333333 0.49404761904761907 0.051428571428571435 0.09693877551020408
1 0.3395238095238095 0.2576530612244898 0.020000000000000018 0.04251700680272105
1 0.3676190476190476 0.26105442176870747 0.020952380952380945 0.04591836734693877
1 0.4342857142857143 0.2806122448979592 0.024761904761904763 0.054421768707483
1 0.42523809523809525 0.2227891156462585 0.020000000000000018 0.040816326530612235
1 0.4514285714285714 0.23214285714285715 0.020952380952381 0.04251700680272108
1 0.44999999999999996 0.18707482993197277 0.01809523809523811 0.03401360544217688
1 0.47523809523809524 0.195578231292517 0.020952380952380945 0.037414965986394544
1 0.4642857142857143 0.14965986394557823 0.012380952380952381 0.023809523809523836
1 0.48904761904761906 0.14285714285714285 0.01428571428571429 0.0272108843537415
1 0.5323809523809524 0.217687074829932 0.020952380952380945 0.03741496598639457
1 0.5295238095238095 0.14200680272108845 0.015238095238095273 0.028911564625850344
1 0.5571428571428572 0.14965986394557823 0.01904761904761898 0.030612244897959162
1 0.579047619047619 0.15901360544217685 0.017142857142857126 0.035714285714285726
1 0.6647619047619048 0.2568027210884354 0.024761904761904763 0.05102040816326528
1 0.7228571428571429 0.2755102040816326 0.024761904761904763 0.054421768707483
1 0.6976190476190476 0.14795918367346939 0.018095238095238053 0.047619047619047616
1 0.7104761904761905 0.1437074829931973 0.017142857142857126 0.032312925170068035
1 0.7247619047619047 0.15816326530612246 0.020952380952380945 0.03401360544217688
1 0.7476190476190476 0.12755102040816327 0.01333333333333342 0.03401360544217687
1 0.7638095238095238 0.11989795918367346 0.017142857142857126 0.0357142857142857
1 0.8152380952380953 0.1760204081632653 0.020952380952380945 0.03911564625850339
1 0.8123809523809524 0.13095238095238096 0.015238095238095162 0.03741496598639456
1 0.8833333333333333 0.22193877551020408 0.02190476190476187 0.04591836734693877
1 0.79 0.2755102040816326 0.03142857142857147 0.05782312925170069
1 0.9685714285714286 0.4336734693877551 0.03619047619047622 0.11224489795918369
