1 0.08700000000000001 0.5226666666666666 0.058 0.09066666666666662
1 0.176 0.6133333333333333 0.088 0.1173333333333334
1 0.32099999999999995 0.548 0.062 0.09333333333333338
1 0.355 0.37466666666666665 0.03799999999999998 0.06133333333333335
1 0.41200000000000003 0.5253333333333333 0.055999999999999994 0.08000000000000002
1 0.521 0.536 0.05400000000000005 0.08533333333333332
1 0.681 0.596 0.08599999999999997 0.14666666666666672
1 0.722 0.404 0.040000000000000036 0.055999999999999994
1 0.857 0.492 0.050000000000000044 0.08266666666666667
1 0.899 0.512 0.05800000000000005 0.08000000000000007
1 0.937 0.5546666666666666 0.08199999999999996 0.12800000000000006
