1 0.31875 0.8049999999999999 0.16250000000000003 0.29666666666666675
1 0.17875000000000002 0.64 0.095 0.15999999999999992
1 0.045 0.5433333333333333 0.045000000000000005 0.08333333333333326
1 0.06 0.4966666666666667 0.0375 0.0566666666666667
1 0.020625000000000004 0.45499999999999996 0.028750000000000005 0.04999999999999999
1 0.050625 0.46499999999999997 0.026250000000000002 0.03333333333333338
1 0.061875 0.44166666666666665 0.026249999999999996 0.02999999999999997
1 0.079375 0.45416666666666666 0.01625 0.025000000000000022
1 0.1025 0.4558333333333333 0.0325 0.044999999999999984
1 0.09812499999999999 0.4966666666666667 0.041249999999999995 0.0633333333333333
1 0.139375 0.5116666666666667 0.04125000000000001 0.07333333333333336
1 0.138125 0.4633333333333334 0.03125 0.04666666666666669
1 0.131875 0.3983333333333333 0.01874999999999999 0.026666666666666672
1 0.22749999999999998 0.385 0.01999999999999999 0.030000000000000027
1 0.30874999999999997 0.37583333333333335 0.014999999999999958 0.034999999999999976
1 0.34625 0.4325 0.020000000000000018 0.03500000000000003
1 0.366875 0.43333333333333335 0.016249999999999987 0.02999999999999997
1 0.389375 0.43916666666666665 0.01874999999999999 0.02833333333333332
1 0.655625 0.4108333333333334 0.02124999999999999 0.031666666666666676
1 0.663125 0.44833333333333336 0.02375000000000005 0.04333333333333328
1 0.6425000000000001 0.4533333333333333 0.01749999999999996 0.033333333333333326
1 0.735625 0.5908333333333333 0.05125000000000002 0.08499999999999996
1 0.763125 0.5333333333333333 0.03375000000000006 0.046666666666666634
1 0.74125 0.5258333333333334 0.03249999999999997 0.04500000000000004
1 0.74875 0.5016666666666667 0.03500000000000003 0.039999999999999925
1 0.9393750000000001 0.5616666666666666 0.03375000000000006 0.06666666666666665
1 0.9550000000000001 0.5458333333333334 0.039999999999999925 0.06500000000000006
1 0.684375 0.525 0.03125 0.046666666666666634
1 0.704375 0.5083333333333333 0.03125 0.046666666666666634
1 0.62625 0.5125 0.030000000000000027 0.04500000000000004
1 0.630625 0.5491666666666667 0.04625000000000001 0.06833333333333336
1 0.59625 0.5966666666666667 0.039999999999999925 0.06666666666666665
1 0.555625 0.565 0.05874999999999997 0.08333333333333337
1 0.55625 0.5225 0.040000000000000036 0.048333333333333284
1 0.568125 0.49916666666666665 0.023749999999999938 0.041666666666666685
1 0.5075000000000001 0.515 0.03749999999999998 0.05666666666666664
1 0.495 0.49333333333333335 0.022499999999999964 0.036666666666666736
1 0.48375 0.48333333333333334 0.02250000000000002 0.033333333333333326
1 0.461875 0.5216666666666666 0.03125 0.04999999999999999
1 0.415 0.6208333333333333 0.125 0.17166666666666663
1 0.4275 0.49083333333333334 0.030000000000000027 0.051666666666666694
1 0.378125 0.4766666666666667 0.026249999999999996 0.03666666666666668
1 0.31 0.49416666666666664 0.03249999999999997 0.051666666666666694
1 0.319375 0.5433333333333333 0.04125000000000001 0.06333333333333324
1 0.276875 0.5291666666666667 0.04125000000000001 0.06833333333333336
1 0.25125 0.4916666666666667 0.03250000000000003 0.050000000000000044
1 0.24375000000000002 0.4666666666666667 0.022499999999999992 0.03666666666666668
1 0.213125 0.47 0.028749999999999998 0.04999999999999999
1 0.17625000000000002 0.4716666666666667 0.01999999999999999 0.03666666666666668
1 0.323125 0.4775 0.02124999999999999 0.02833333333333332
