1 0.4175 0.41374999999999995 0.07500000000000001 0.1225
1 0.6458333333333333 0.41875 0.06166666666666665 0.09250000000000003
1 0.77 0.41500000000000004 0.06000000000000005 0.09500000000000003
1 0.8333333333333333 0.38125 0.043333333333333335 0.0625
1 0.8808333333333334 0.39375 0.04833333333333334 0.08250000000000002
1 0.7616666666666667 0.35125 0.039999999999999925 0.0625
1 0.725 0.36250000000000004 0.026666666666666616 0.05499999999999999
1 0.6708333333333334 0.34875 0.025000000000000022 0.04749999999999999
1 0.6475 0.34375 0.018333333333333313 0.03249999999999997
1 0.6283333333333334 0.36875 0.026666666666666727 0.04250000000000004
1 0.5958333333333333 0.36250000000000004 0.021666666666666723 0.03999999999999998
1 0.5741666666666667 0.355 0.02833333333333332 0.044999999999999984
1 0.5341666666666667 0.34375 0.025000000000000022 0.03749999999999998
1 0.4833333333333333 0.3375 0.016666666666666663 0.034999999999999976
1 0.4658333333333333 0.32875 0.021666666666666667 0.04249999999999998
1 0.4241666666666667 0.33999999999999997 0.021666666666666667 0.03999999999999998
1 0.3883333333333333 0.345 0.019999999999999962 0.034999999999999976
1 0.3716666666666667 0.35 0.016666666666666663 0.034999999999999976
1 0.35416666666666663 0.35 0.024999999999999967 0.034999999999999976
1 0.32166666666666666 0.35875 0.020000000000000018 0.03249999999999997
1 0.30833333333333335 0.33999999999999997 0.023333333333333317 0.03999999999999998
1 0.2833333333333333 0.34750000000000003 0.026666666666666672 0.044999999999999984
1 0.2475 0.4075 0.07166666666666666 0.13499999999999995
1 0.16 0.40125 0.06666666666666665 0.10750000000000004
