1 0.4285714285714286 0.20193861066235863 0.018315018315018305 0.04523424878836832
1 0.46291208791208793 0.20516962843295639 0.022893772893772868 0.048465266558966075
1 0.6126373626373627 0.11066235864297255 0.02197802197802201 0.03069466882067852
1 0.6515567765567766 0.12520193861066237 0.013736263736263687 0.03069466882067852
1 0.7527472527472527 0.14781906300484654 0.0146520146520146 0.03715670436187399
1 0.771062271062271 0.1494345718901454 0.01831501831501836 0.03392568659127626
1 0.826007326007326 0.26009693053311794 0.01831501831501836 0.06138933764135704
1 0.8928571428571428 0.25363489499192243 0.02564102564102566 0.04523424878836832
1 0.8717948717948718 0.18820678513731826 0.016483516483516425 0.040387722132471715
1 0.8919413919413919 0.22132471728594505 0.016483516483516536 0.048465266558966075
1 0.9423076923076923 0.191437802907916 0.0146520146520146 0.03392568659127623
1 0.9207875457875458 0.2552504038772213 0.019230769230769273 0.05169628432956383
1 0.6254578754578755 0.14539579967689822 0.016483516483516425 0.03231017770597738
