1 0.0897560975609756 0.31367521367521367 0.02341463414634147 0.042735042735042694
1 0.1546341463414634 0.38547008547008543 0.04390243902439023 0.08034188034188033
1 0.2634146341463415 0.26495726495726496 0.017560975609756113 0.03076923076923077
1 0.27902439024390246 0.26495726495726496 0.017560975609756058 0.037606837606837584
1 0.3517073170731707 0.2512820512820513 0.020487804878048743 0.04102564102564099
1 0.39170731707317075 0.26666666666666666 0.0204878048780488 0.04102564102564099
1 0.37073170731707317 0.19572649572649573 0.01560975609756099 0.032478632478632474
1 0.3980487804878049 0.22735042735042735 0.017560975609756058 0.03418803418803418
1 0.39951219512195124 0.19316239316239314 0.01073170731707318 0.027350427350427337
1 0.40926829268292686 0.20341880341880342 0.012682926829268248 0.02393162393162393
1 0.40926829268292686 0.17863247863247864 0.012682926829268248 0.02564102564102566
1 0.43853658536585366 0.22820512820512823 0.018536585365853675 0.039316239316239315
1 0.4375609756097561 0.20512820512820512 0.018536585365853675 0.03418803418803418
1 0.45170731707317074 0.15555555555555556 0.01560975609756099 0.027350427350427364
1 0.47073170731707314 0.1683760683760684 0.016585365853658496 0.039316239316239315
1 0.4926829268292683 0.19743589743589746 0.017560975609756113 0.03589743589743591
1 0.48341463414634145 0.18376068376068377 0.014634146341463428 0.02905982905982904
1 0.5039024390243902 0.1581196581196581 0.012682926829268304 0.025641025641025633
1 0.5234146341463415 0.1683760683760684 0.01658536585365855 0.02905982905982904
1 0.5273170731707317 0.1965811965811966 0.018536585365853675 0.04102564102564102
1 0.52 0.13504273504273503 0.013658536585365866 0.02735042735042735
1 0.5326829268292683 0.14017094017094017 0.01560975609756099 0.03418803418803418
1 0.5502439024390244 0.1683760683760684 0.017560975609756113 0.0324786324786325
1 0.5673170731707318 0.13931623931623932 0.014634146341463317 0.029059829059829068
1 0.5604878048780488 0.11196581196581196 0.012682926829268193 0.029059829059829054
1 0.5531707317073171 0.07948717948717948 0.01560975609756099 0.022222222222222213
1 0.5946341463414634 0.07435897435897436 0.01073170731707318 0.022222222222222227
1 0.5858536585365853 0.16752136752136754 0.01658536585365855 0.034188034188034205
1 0.584390243902439 0.14188034188034188 0.013658536585365866 0.02393162393162393
1 0.5897560975609756 0.12307692307692308 0.01073170731707318 0.02051282051282051
1 0.5995121951219512 0.1111111111111111 0.01073170731707318 0.023931623931623944
1 0.6209756097560976 0.10512820512820513 0.01073170731707318 0.025641025641025633
1 0.6473170731707317 0.10512820512820513 0.01073170731707318 0.025641025641025633
1 0.6497560975609756 0.13333333333333333 0.013658536585365866 0.02735042735042735
1 0.6560975609756098 0.12136752136752138 0.012682926829268304 0.030769230769230785
1 0.666829268292683 0.11025641025641025 0.01073170731707318 0.025641025641025647
1 0.7058536585365853 0.105982905982906 0.014634146341463428 0.02735042735042735
1 0.615609756097561 0.152991452991453 0.017560975609756113 0.039316239316239315
1 0.5039024390243902 0.30085470085470084 0.024390243902439046 0.06153846153846154
1 0.5180487804878049 0.3282051282051282 0.025365853658536608 0.05470085470085473
1 0.5590243902439025 0.26495726495726496 0.025365853658536497 0.04786324786324783
1 0.6082926829268293 0.21794871794871795 0.0204878048780488 0.039316239316239315
1 0.6102439024390244 0.2709401709401709 0.022439024390243922 0.052991452991453
1 0.6219512195121951 0.29572649572649573 0.028292682926829293 0.05128205128205132
1 0.6756097560975609 0.3153846153846154 0.03609756097560968 0.07008547008547006
1 0.6609756097560976 0.21965811965811965 0.0204878048780488 0.04273504273504275
1 0.6926829268292682 0.18803418803418803 0.02146341463414625 0.041025641025641046
1 0.7536585365853659 0.3358974358974359 0.03609756097560979 0.07692307692307693
1 0.7965853658536586 0.4111111111111111 0.039999999999999925 0.08034188034188033
1 0.7492682926829268 0.2316239316239316 0.02146341463414636 0.04957264957264956
1 0.748780487804878 0.18547008547008548 0.0204878048780488 0.046153846153846156
1 0.7814634146341464 0.1982905982905983 0.02146341463414636 0.04102564102564102
1 0.7839024390243903 0.16153846153846152 0.018536585365853675 0.03589743589743591
1 0.8058536585365854 0.13504273504273506 0.015609756097560878 0.03760683760683761
1 0.8253658536585365 0.14786324786324787 0.01560975609756099 0.032478632478632474
1 0.8341463414634146 0.14017094017094017 0.01560975609756099 0.03076923076923077
1 0.8473170731707317 0.13931623931623932 0.014634146341463428 0.0393162393162393
1 0.8692682926829268 0.1358974358974359 0.01560975609756099 0.03247863247863246
1 0.86 0.15982905982905982 0.01658536585365855 0.03589743589743591
1 0.8717073170731707 0.19743589743589746 0.018536585365853675 0.039316239316239315
1 0.8858536585365854 0.1905982905982906 0.019512195121951237 0.046153846153846156
1 0.828780487804878 0.20683760683760682 0.024390243902439046 0.044444444444444425
1 0.7985365853658537 0.29059829059829057 0.024390243902439046 0.05470085470085467
1 0.7692682926829268 0.2811965811965812 0.024390243902439046 0.05641025641025643
1 0.8326829268292683 0.31965811965811963 0.028292682926829293 0.06153846153846154
1 0.811219512195122 0.26837606837606837 0.024390243902438935 0.04786324786324789
1 0.9199999999999999 0.4273504273504274 0.03902439024390236 0.07863247863247863
1 0.9048780487804878 0.32136752136752134 0.03219512195121954 0.06837606837606841
1 0.8697560975609756 0.2726495726495727 0.0204878048780488 0.04273504273504275
1 0.922439024390244 0.28034188034188035 0.0204878048780488 0.04786324786324786
1 0.9282926829268292 0.2435897435897436 0.02243902439024381 0.039316239316239315
1 0.9278048780487804 0.2 0.02146341463414625 0.044444444444444425
1 0.9307317073170731 0.1623931623931624 0.017560975609756002 0.03418803418803418
1 0.9053658536585366 0.1495726495726496 0.013658536585365866 0.025641025641025633
1 0.9609756097560975 0.12307692307692308 0.011707317073170742 0.03076923076923077
