1 0.014407467532467532 0.328125 0.02719155844155844 0.08333333333333337
1 0.045556006493506496 0.36887254901960786 0.06026785714285715 0.09068627450980393
1 0.12987012987012986 0.3466605392156863 0.045454545454545456 0.0824142156862745
1 0.16456980519480519 0.2542892156862745 0.040584415584415584 0.05821078431372548
1 0.22676542207792208 0.32291666666666663 0.0489042207792208 0.07904411764705882
1 0.27110389610389607 0.3449754901960784 0.035714285714285754 0.058210784313725505
1 0.263088474025974 0.4126838235294118 0.051745129870129886 0.07475490196078433
1 0.3162540584415584 0.4480698529411765 0.0489042207792208 0.06525735294117646
1 0.34648944805194803 0.42647058823529416 0.039163961038961026 0.07291666666666669
1 0.3299512987012987 0.37898284313725494 0.03165584415584416 0.04963235294117646
1 0.31493506493506496 0.3492647058823529 0.03084415584415584 0.055759803921568596
1 0.29210633116883117 0.32276348039215685 0.03145292207792205 0.05177696078431371
1 0.40665584415584416 0.4131433823529411 0.05316558441558439 0.06341911764705882
1 0.4096996753246753 0.35784313725490197 0.03855519480519476 0.05392156862745101
1 0.4104099025974026 0.3244485294117647 0.030235389610389574 0.04411764705882354
1 0.47514204545454547 0.36412377450980393 0.03226461038961037 0.06464460784313725
1 0.4572849025974026 0.3261335784313726 0.030235389610389574 0.06219362745098039
1 0.48599837662337664 0.4623161764705882 0.052353896103896125 0.0962009803921568
1 0.5545860389610389 0.45710784313725494 0.042613636363636354 0.08149509803921567
1 0.5850243506493507 0.4290747549019608 0.03206168831168832 0.05729166666666663
1 0.5359172077922079 0.3564644607843137 0.028003246753246835 0.06035539215686275
1 0.5490056818181819 0.30545343137254904 0.02861201298701299 0.06127450980392157
1 0.5843141233766234 0.34972426470588236 0.036323051948051965 0.06341911764705882
1 0.6371753246753247 0.3492647058823529 0.03287337662337664 0.060049019607843146
1 0.6609172077922078 0.34558823529411764 0.025974025974025983 0.052696078431372584
1 0.6290584415584415 0.452359068627451 0.04626623376623373 0.06954656862745096
1 0.7025162337662337 0.4381127450980392 0.03490259740259738 0.058210784313725505
1 0.7039366883116883 0.35830269607843135 0.030844155844155896 0.06525735294117646
1 0.7642045454545454 0.31770833333333337 0.03774350649350644 0.06862745098039219
1 0.9807224025974026 0.41360294117647056 0.03855519480519476 0.08946078431372545
1 0.7738433441558441 0.5770526960784315 0.09517045454545447 0.13511029411764708
