1 0.1983161833489242 0.44852941176470584 0.037418147801683815 0.07679738562091504
1 0.2362020579981291 0.20751633986928103 0.021515434985968196 0.0392156862745098
1 0.4714686623012161 0.1437908496732026 0.013096351730589317 0.026143790849673193
1 0.5042095416276894 0.13725490196078433 0.013096351730589262 0.022875816993464054
1 0.49251637043966323 0.16748366013071894 0.01777362020579981 0.03104575163398693
1 0.5056127221702525 0.19117647058823528 0.01964452759588403 0.02941176470588233
1 0.7043966323666979 0.17483660130718953 0.016838166510757646 0.0326797385620915
1 0.7268475210477081 0.18055555555555555 0.013096351730589317 0.02777777777777779
1 0.7427502338634238 0.17973856209150327 0.014967259120673537 0.02941176470588236
1 0.7918615528531338 0.18055555555555555 0.015902712815715647 0.03104575163398693
1 0.842843779232928 0.18300653594771243 0.014967259120673537 0.02941176470588233
1 0.9022450888681011 0.12418300653594772 0.014031805425631427 0.0326797385620915
1 0.9396632366697848 0.1633986928104575 0.010289990645463098 0.022875816993464054
1 0.9438727782974743 0.18709150326797386 0.013096351730589317 0.02450980392156865
1 0.9401309635173059 0.23366013071895425 0.014967259120673537 0.0326797385620915
1 0.8807296538821328 0.28594771241830064 0.019644527595883976 0.04901960784313725
