1 0.059 0.246 0.046000000000000006 0.09999999999999998
1 0.08600000000000001 0.508 0.056 0.10400000000000004
1 0.16899999999999998 0.47 0.05000000000000002 0.10800000000000004
1 0.14400000000000002 0.29600000000000004 0.04400000000000001 0.08800000000000002
1 0.16899999999999998 0.14600000000000002 0.034 0.092
1 0.223 0.246 0.04199999999999998 0.10799999999999998
1 0.259 0.242 0.03400000000000003 0.09199999999999997
1 0.264 0.16599999999999998 0.035999999999999976 0.08399999999999999
1 0.316 0.146 0.03200000000000003 0.076
1 0.312 0.272 0.040000000000000036 0.07200000000000001
1 0.22999999999999998 0.434 0.04400000000000001 0.10799999999999998
1 0.29400000000000004 0.474 0.05199999999999999 0.10800000000000004
1 0.375 0.26 0.038000000000000034 0.096
1 0.352 0.428 0.04799999999999999 0.10399999999999998
1 0.41600000000000004 0.48 0.04799999999999999 0.12000000000000005
1 0.439 0.546 0.06599999999999995 0.172
1 0.494 0.456 0.04400000000000004 0.11199999999999999
1 0.40900000000000003 0.24 0.02999999999999997 0.09599999999999997
1 0.383 0.132 0.030000000000000027 0.07999999999999999
1 0.429 0.136 0.026000000000000023 0.07199999999999998
1 0.46099999999999997 0.13 0.02999999999999997 0.07600000000000001
1 0.447 0.238 0.038000000000000034 0.09199999999999997
1 0.494 0.22 0.03200000000000003 0.07200000000000001
1 0.513 0.132 0.03400000000000003 0.07999999999999999
1 0.527 0.268 0.038000000000000034 0.088
1 0.5640000000000001 0.278 0.03199999999999992 0.092
1 0.577 0.394 0.04999999999999993 0.11599999999999999
1 0.5509999999999999 0.54 0.06599999999999995 0.15199999999999997
1 0.6599999999999999 0.496 0.05999999999999994 0.14399999999999996
1 0.616 0.25 0.03600000000000003 0.09999999999999998
1 0.5660000000000001 0.156 0.03599999999999992 0.08800000000000001
1 0.601 0.136 0.038000000000000034 0.07999999999999999
1 0.644 0.144 0.028000000000000025 0.072
1 0.688 0.20400000000000001 0.03599999999999992 0.088
1 0.715 0.368 0.04200000000000004 0.08799999999999997
1 0.759 0.224 0.038000000000000034 0.08800000000000002
1 0.758 0.47000000000000003 0.05600000000000005 0.14800000000000002
1 0.823 0.428 0.04999999999999993 0.10399999999999998
1 0.874 0.39 0.03600000000000003 0.09999999999999998
1 0.9299999999999999 0.43 0.04399999999999993 0.11599999999999999
1 0.862 0.26 0.04400000000000004 0.10400000000000001
