1 0.136986301369863 0.566079295154185 0.040290088638195 0.08663729809104259
1 0.23489121676067687 0.34508076358296624 0.018533440773569693 0.03817914831130692
1 0.26148267526188557 0.3524229074889868 0.021756647864625278 0.04405286343612336
1 0.28686543110394847 0.3766519823788546 0.02095084609186143 0.04552129221732748
1 0.290088638195004 0.3091042584434655 0.01772763900080576 0.03964757709251099
1 0.3569701853344077 0.35389133627019087 0.02256244963738918 0.04698972099853155
1 0.3513295729250604 0.3267254038179148 0.014504431909750204 0.03377386196769455
1 0.35495568090249796 0.2988252569750367 0.01853344077356972 0.03377386196769455
1 0.3863819500402901 0.33700440528634357 0.016921837228041914 0.0367107195301028
1 0.40733279613215145 0.3355359765051395 0.020145044319097527 0.03964757709251099
1 0.4061240934730056 0.30616740088105726 0.017727639000805817 0.027900146842878115
1 0.40652699435938755 0.28046989720998533 0.016921837228041914 0.026431718061673992
1 0.3968573730862208 0.26284875183553597 0.015310233682514107 0.02936857562408221
1 0.4226430298146656 0.263582966226138 0.01853344077356972 0.03377386196769458
1 0.44319097502014504 0.26945668135095446 0.014504431909750204 0.03083700440528636
1 0.4343271555197421 0.3098384728340675 0.01611603545527801 0.03817914831130692
1 0.4443996776792909 0.34140969162995594 0.02014504431909747 0.03964757709251099
1 0.47300564061240935 0.3120411160058737 0.020950846091861375 0.03377386196769455
1 0.45769540692989524 0.25036710719530103 0.01772763900080576 0.03377386196769458
1 0.4693795326349718 0.27312775330396477 0.016921837228041914 0.032305433186490484
1 0.4657534246575342 0.23935389133627016 0.014504431909750204 0.02936857562408221
1 0.4891216760676873 0.26945668135095446 0.01611603545527801 0.03083700440528636
1 0.5016116035455278 0.2643171806167401 0.015310233682514163 0.026431718061673992
1 0.5181305398871878 0.24522760646108666 0.014504431909750148 0.029368575624082266
1 0.5189363416599517 0.27973568281938327 0.016116035455277955 0.03083700440528636
1 0.539484286865431 0.2511013215859031 0.01692183722804186 0.029368575624082238
1 0.5523771152296535 0.28854625550660795 0.015310233682514163 0.039647577092511044
1 0.5020145044319098 0.33186490455212925 0.02095084609186143 0.0440528634361233
1 0.4863013698630137 0.3957415565345081 0.03464947622884773 0.05726872246696035
1 0.5620467365028203 0.22173274596182085 0.008863819500402936 0.0234948604992658
1 0.5692989524576955 0.23715124816446403 0.012087026591458438 0.027900146842878115
1 0.580177276390008 0.2422907488986784 0.012892828364222453 0.029368575624082238
1 0.5668815471394038 0.27533039647577096 0.015310233682514052 0.0367107195301028
1 0.5926672038678484 0.2555066079295154 0.015310233682514052 0.02936857562408221
1 0.5987107171635777 0.22246696035242292 0.009669621273166729 0.030837004405286333
1 0.5930701047542304 0.2143906020558003 0.009669621273166729 0.026431718061673992
1 0.6200644641418211 0.22173274596182085 0.013698630136986245 0.032305433186490456
1 0.6341659951651893 0.22834067547723935 0.011281224818694646 0.024963289280469897
1 0.6361804995970991 0.24963289280469897 0.015310233682514163 0.026431718061673992
1 0.6647864625302176 0.2356828193832599 0.012892828364222453 0.027900146842878115
1 0.6809024979854956 0.2327459618208517 0.014504431909750148 0.03377386196769455
1 0.661563255439162 0.21071953010279001 0.012892828364222453 0.024963289280469925
1 0.5950846091861401 0.3311306901615272 0.021756647864625278 0.05139500734214392
1 0.5898468976631748 0.37812041116005873 0.024174053182916988 0.05433186490455211
1 0.5451248992747784 0.4089574155653451 0.02497985495568089 0.05726872246696035
1 0.5261885576148267 0.3612334801762115 0.022562449637389292 0.0440528634361233
1 0.6063658340048348 0.43392070484581496 0.02981466559226431 0.0602055800293686
1 0.6277195809830782 0.4765051395007342 0.029008863819500408 0.06901615271659323
1 0.693392425463336 0.552863436123348 0.036261079774375427 0.07782672540381796
1 0.6426269137792102 0.34287812041116006 0.023368251410153085 0.04552129221732748
1 0.6277195809830782 0.3091042584434655 0.020950846091861375 0.03964757709251099
1 0.6619661563255439 0.2812041116005874 0.018533440773569665 0.042584434654919234
1 0.6869460112812249 0.3069016152716593 0.018533440773569665 0.04405286343612336
1 0.6990330378726833 0.3091042584434655 0.01692183722804197 0.03964757709251099
1 0.6990330378726833 0.25477239353891334 0.013698630136986356 0.03377386196769458
1 0.7228041901692184 0.25624082232011747 0.016116035455278066 0.036710719530102826
1 0.7268331990330379 0.2408223201174743 0.012892828364222453 0.026431718061673992
1 0.7417405318291701 0.2327459618208517 0.01692183722804186 0.03083700440528636
1 0.7735697018533441 0.24302496328928047 0.012892828364222453 0.03083700440528636
1 0.7703464947622884 0.2973568281938326 0.020950846091861375 0.0367107195301028
1 0.7675261885576148 0.26945668135095446 0.015310233682514052 0.03083700440528636
1 0.6809024979854956 0.3707782672540382 0.02256244963738918 0.048458149779735726
1 0.6563255439161966 0.38839941262848754 0.026591458501208698 0.06314243759177679
1 0.7187751813053989 0.4118942731277533 0.025785656728444795 0.04845814977973567
1 0.7763900080580177 0.4375917767988252 0.028203062046736505 0.06461086637298091
1 0.8053988718775181 0.36637298091042586 0.023368251410153196 0.05433186490455211
1 0.8070104754230459 0.30543318649045526 0.015310233682514163 0.035242290748898675
1 0.8094278807413376 0.276064610866373 0.01692183722804197 0.035242290748898675
1 0.8005640612409347 0.24963289280469897 0.01692183722804197 0.03817914831130689
1 0.8315874294923449 0.2613803230543319 0.012892828364222453 0.035242290748898675
1 0.83883964544722 0.2767988252569751 0.016116035455278066 0.0367107195301028
1 0.8489121676067688 0.2834067547723935 0.013698630136986245 0.03230543318649043
1 0.862610797743755 0.2643171806167401 0.015310233682514163 0.0352422907488987
1 0.8843674456083803 0.2797356828193832 0.013698630136986356 0.0367107195301028
1 0.878726833199033 0.32378854625550657 0.01692183722804186 0.039647577092511044
1 0.8565672844480259 0.3436123348017621 0.020950846091861375 0.0469897209985316
1 0.8352135374697824 0.31864904552129225 0.020145044319097583 0.04111600587371517
1 0.8505237711522966 0.381791483113069 0.026591458501208698 0.06461086637298091
1 0.8182917002417405 0.4977973568281938 0.03142626913779212 0.07342143906020565
1 0.8372280419016922 0.46182085168869313 0.025785656728444795 0.06607929515418504
1 0.9109589041095891 0.47430249632892807 0.033037872683319924 0.07342143906020554
1 0.9049153908138599 0.4023494860499266 0.024174053182916988 0.05580029368575623
1 0.919822723609992 0.3612334801762115 0.01692183722804197 0.04698972099853155
1 0.8988718775181306 0.31130690161527164 0.015310233682514052 0.035242290748898675
1 0.9226430298146656 0.3142437591776799 0.01450443190975026 0.038179148311306865
1 0.9278807413376309 0.276798825256975 0.013698630136986245 0.03083700440528636
