1 0.05408163265306122 0.5885558583106267 0.07142857142857142 0.09809264305177112
1 0.1846938775510204 0.5231607629427792 0.0673469387755102 0.09264305177111715
1 0.2755102040816326 0.49727520435967304 0.057142857142857134 0.07901907356948235
1 0.33571428571428574 0.4904632152588556 0.05102040816326531 0.07084468664850135
1 0.4163265306122449 0.4632152588555858 0.04081632653061229 0.07084468664850135
1 0.44693877551020406 0.4536784741144414 0.03673469387755102 0.0681198910081744
1 0.5 0.4373297002724795 0.03673469387755102 0.06267029972752042
1 0.5428571428571428 0.4373297002724796 0.03673469387755102 0.05177111716621252
1 0.5938775510204082 0.4264305177111717 0.02857142857142858 0.05177111716621258
1 0.6183673469387756 0.41144414168937327 0.02857142857142858 0.04359673024523164
1 0.6775510204081632 0.40326975476839233 0.02857142857142858 0.04904632152588556
1 0.7806122448979592 0.4536784741144414 0.07551020408163267 0.08991825613079019
