1 0.3776223776223776 0.1750524109014675 0.01631701631701632 0.02725366876310273
1 0.4114219114219114 0.17400419287211738 0.01631701631701632 0.033542976939203356
1 0.418997668997669 0.1530398322851153 0.012820512820512775 0.029350104821802947
1 0.4376456876456877 0.16771488469601675 0.015151515151515194 0.02935010482180292
1 0.4522144522144522 0.16876310272536688 0.013986013986013957 0.03144654088050314
1 0.4592074592074592 0.14465408805031446 0.013986013986013957 0.02515723270440251
1 0.47377622377622375 0.1540880503144654 0.01282051282051283 0.03144654088050314
1 0.4819347319347319 0.18134171907756813 0.017482517482517446 0.035639412997903575
1 0.4836829836829837 0.14884696016771487 0.013986013986013957 0.033542976939203356
1 0.4970862470862471 0.12473794549266247 0.012820512820512886 0.02725366876310273
1 0.5075757575757576 0.14046121593291405 0.015151515151515138 0.02515723270440251
1 0.520979020979021 0.12683438155136267 0.011655011655011704 0.02725366876310273
1 0.5052447552447552 0.18134171907756813 0.017482517482517446 0.035639412997903575
1 0.541958041958042 0.14779874213836477 0.013986013986013957 0.03144654088050314
1 0.5576923076923077 0.11530398322851154 0.012820512820512775 0.025157232704402524
1 0.5699300699300699 0.14150943396226415 0.01631701631701632 0.03144654088050314
1 0.5804195804195804 0.11215932914046123 0.011655011655011593 0.03144654088050315
1 0.5967365967365967 0.12368972746331237 0.01631701631701632 0.033542976939203356
1 0.5979020979020979 0.15618448637316562 0.013986013986013957 0.03144654088050314
1 0.6118881118881119 0.09958071278825995 0.011655011655011593 0.023060796645702306
1 0.6276223776223776 0.13626834381551362 0.015151515151515138 0.033542976939203356
1 0.6532634032634033 0.10377358490566038 0.010489510489510412 0.02725366876310273
1 0.6561771561771561 0.12264150943396226 0.011655011655011704 0.02306079664570232
1 0.6707459207459208 0.11320754716981132 0.015151515151515138 0.029350104821802947
1 0.6206293706293706 0.22117400419287211 0.022144522144522227 0.04402515723270439
1 0.6835664335664335 0.3144654088050315 0.0407925407925408 0.09224318658280922
1 0.6724941724941724 0.22327044025157233 0.020979020979020935 0.04402515723270439
1 0.6789044289044289 0.1928721174004193 0.015151515151515138 0.0419287211740042
1 0.6928904428904429 0.1750524109014675 0.019813519813519864 0.04402515723270439
1 0.7097902097902098 0.1949685534591195 0.02331002331002341 0.05450733752620543
1 0.6987179487179487 0.2379454926624738 0.026806526806526842 0.060796645702306085
1 0.7319347319347319 0.17610062893081763 0.013986013986013957 0.033542976939203356
1 0.7278554778554779 0.14570230607966456 0.0174825174825175 0.02725366876310273
1 0.7266899766899767 0.0849056603773585 0.012820512820512775 0.03563941299790356
1 0.7062937062937062 0.12264150943396226 0.013986013986014068 0.027253668763102715
1 0.7523310023310024 0.129979035639413 0.015151515151515138 0.03773584905660379
1 0.7663170163170163 0.1310272536687631 0.012820512820512775 0.03144654088050315
1 0.7698135198135199 0.18343815513626835 0.015151515151515249 0.035639412997903575
1 0.7762237762237763 0.15618448637316562 0.013986013986013957 0.03144654088050314
1 0.7966200466200466 0.16247379454926625 0.015151515151515138 0.035639412997903575
1 0.8071095571095571 0.15199161425576518 0.0174825174825175 0.031446540880503165
1 0.8205128205128205 0.13731656184486374 0.013986013986013957 0.03144654088050315
1 0.8269230769230769 0.18448637316561844 0.015151515151515249 0.037735849056603765
1 0.7960372960372961 0.20335429769392033 0.020979020979020935 0.037735849056603765
1 0.8741258741258742 0.2672955974842767 0.01864801864801857 0.05241090146750524
1 0.8986013986013986 0.20649895178197064 0.01631701631701632 0.03563941299790355
1 0.9114219114219114 0.17819706498951782 0.018648018648018683 0.0419287211740042
1 0.9271561771561772 0.23270440251572327 0.019813519813519864 0.037735849056603765
1 0.932983682983683 0.21174004192872117 0.0174825174825175 0.029350104821802947
1 0.9324009324009324 0.18448637316561844 0.011655011655011704 0.029350104821802947
1 0.9592074592074592 0.1278825995807128 0.01631701631701632 0.033542976939203356
