1 0.321875 0.371536523929471 0.11249999999999999 0.14861460957178846
1 0.21640625 0.2292191435768262 0.07968749999999997 0.12090680100755669
1 0.14375 0.17884130982367757 0.06875 0.10075566750629722
1 0.18906250000000002 0.14105793450881612 0.071875 0.10075566750629723
1 0.34609375 0.030226700251889168 0.04531250000000003 0.055415617128463476
1 0.38828125 0.163727959697733 0.05781249999999999 0.10075566750629722
1 0.49140625000000004 0.20906801007556675 0.07031250000000006 0.12594458438287157
1 0.60703125 0.27581863979848864 0.09843749999999996 0.14357682619647355
1 0.53671875 0.4382871536523929 0.12656249999999997 0.24181360201511332
1 0.7640625 0.28085642317380355 0.109375 0.18891687657430728
1 0.8726562499999999 0.21662468513853905 0.07656249999999998 0.14105793450881612
