1 0.12109375 0.369625520110957 0.03749999999999999 0.08183079056865461
1 0.070703125 0.38072122052704577 0.022656250000000003 0.05409153952843271
1 0.041796875 0.3737864077669903 0.02578125 0.04854368932038833
1 0.1046875 0.3391123439667129 0.024999999999999994 0.04022191400832176
1 0.13203125 0.31553398058252424 0.018750000000000017 0.03744798890429962
1 0.155078125 0.3391123439667129 0.025781250000000006 0.04022191400832176
1 0.16328125 0.4015256588072122 0.029687500000000006 0.06796116504854366
1 0.18593749999999998 0.4764216366158114 0.045312500000000006 0.0984743411927878
1 0.2203125 0.6005547850208044 0.09843750000000001 0.18862690707350904
1 0.348828125 0.6095700416088765 0.09140625000000002 0.16782246879334262
1 0.3125 0.49029126213592233 0.042187500000000044 0.09015256588072118
1 0.23945312500000002 0.47572815533980584 0.03984375000000001 0.06934812760055475
1 0.22890625 0.38488210818307905 0.03125 0.06518723994452147
1 0.20703125 0.35852981969486825 0.025000000000000022 0.04022191400832176
1 0.196875 0.3356449375866851 0.0234375 0.04993065187239948
1 0.3625 0.3932038834951456 0.03749999999999998 0.06796116504854366
1 0.43437499999999996 0.5117891816920943 0.05937500000000001 0.12482662968099856
1 0.44140625 0.4431345353675451 0.03125 0.062413314840499334
1 0.459765625 0.4070735090152566 0.02734375 0.05409153952843271
1 0.477734375 0.3786407766990291 0.021093750000000022 0.04438280166435504
1 0.49921875 0.41747572815533984 0.025000000000000022 0.06102635228848824
1 0.53046875 0.3723994452149792 0.020312500000000067 0.0568654646324549
1 0.50546875 0.3002773925104022 0.024999999999999967 0.04576976421636619
1 0.559765625 0.30235783633841884 0.021093750000000022 0.05270457697642167
1 0.59140625 0.36754507628294036 0.026562500000000044 0.04993065187239942
1 0.609765625 0.4327323162274619 0.032031249999999956 0.06934812760055481
1 0.586328125 0.4895977808599168 0.038281250000000044 0.07766990291262132
1 0.5734375 0.5589459084604715 0.0703125 0.1137309292649098
1 0.686328125 0.47711511789181693 0.05234375000000002 0.10263522884882109
1 0.64609375 0.3682385575589459 0.026562500000000044 0.05131761442441052
1 0.710546875 0.39528432732316227 0.02734375 0.05270457697642161
1 0.7296875 0.44798890429958393 0.03437499999999993 0.07766990291262138
1 0.705859375 0.3647711511789182 0.021093750000000022 0.04160887656033285
1 0.7210937500000001 0.37933425797503467 0.029687499999999978 0.04854368932038833
1 0.771875 0.3945908460471567 0.03125 0.06518723994452147
1 0.79453125 0.3737864077669903 0.028124999999999956 0.05131761442441052
1 0.85390625 0.39597780859916787 0.042187500000000044 0.08460471567267686
1 0.894921875 0.4327323162274619 0.022656250000000044 0.04993065187239948
1 0.933984375 0.41054091539528437 0.04296875 0.07766990291262138
