1 0.103125 0.9087962962962963 0.07569444444444444 0.10277777777777775
1 0.1371527777777778 0.8212962962962963 0.06597222222222222 0.06481481481481488
1 0.15902777777777777 0.775462962962963 0.05555555555555555 0.0712962962962963
1 0.21770833333333334 0.8050925925925926 0.06875 0.10462962962962963
1 0.21909722222222222 0.700462962962963 0.027083333333333348 0.047222222222222276
1 0.19027777777777777 0.675 0.022222222222222227 0.03888888888888886
1 0.1597222222222222 0.6981481481481482 0.029166666666666646 0.03703703703703709
1 0.15625 0.6722222222222223 0.020833333333333315 0.02777777777777779
1 0.11006944444444444 0.6717592592592593 0.024305555555555552 0.03240740740740744
1 0.084375 0.6907407407407407 0.02569444444444445 0.033333333333333326
1 0.04097222222222222 0.7115740740740741 0.024999999999999998 0.03425925925925932
1 0.058680555555555555 0.7 0.024305555555555552 0.0351851851851851
1 0.11597222222222223 0.7097222222222221 0.030555555555555558 0.030555555555555558
1 0.26006944444444446 0.6875 0.020138888888888873 0.030555555555555447
1 0.22847222222222224 0.6759259259259259 0.02361111111111111 0.031481481481481444
1 0.24756944444444445 0.6726851851851852 0.017361111111111077 0.03240740740740744
1 0.30104166666666665 0.6930555555555555 0.02291666666666664 0.036111111111111094
1 0.3055555555555556 0.6726851851851852 0.020833333333333315 0.025000000000000022
1 0.3388888888888889 0.6606481481481481 0.020833333333333315 0.03240740740740733
1 0.32361111111111107 0.637962962962963 0.018055555555555547 0.025925925925925908
1 0.36354166666666665 0.650462962962963 0.020138888888888873 0.021296296296296258
1 0.36250000000000004 0.6708333333333334 0.020833333333333315 0.026851851851851793
1 0.32743055555555556 0.7027777777777777 0.018750000000000044 0.02962962962962956
1 0.3472222222222222 0.7203703703703703 0.030555555555555558 0.03703703703703709
1 0.3861111111111111 0.7013888888888888 0.02777777777777779 0.04351851851851851
1 0.2965277777777778 0.7787037037037037 0.043055555555555514 0.0537037037037037
1 0.36458333333333337 0.8125 0.05416666666666664 0.07685185185185195
1 0.36215277777777777 0.8916666666666666 0.0673611111111111 0.09999999999999998
1 0.3954861111111111 0.7782407407407408 0.04930555555555555 0.06759259259259254
1 0.4322916666666667 0.7203703703703703 0.03402777777777777 0.03518518518518521
1 0.4472222222222222 0.6976851851851852 0.023611111111111083 0.03240740740740744
1 0.5069444444444444 0.7106481481481481 0.030555555555555614 0.04166666666666674
1 0.49722222222222223 0.6759259259259259 0.018055555555555547 0.02777777777777768
1 0.5128472222222222 0.6675925925925925 0.01736111111111116 0.024074074074074026
1 0.625 0.5958333333333333 0.01805555555555549 0.02314814814814814
1 0.5107638888888889 0.8055555555555556 0.05763888888888885 0.07592592592592595
1 0.5652777777777778 0.825925925925926 0.05555555555555558 0.09444444444444444
1 0.5819444444444444 0.9268518518518518 0.07638888888888895 0.06851851851851853
1 0.6579861111111112 0.8907407407407408 0.10763888888888895 0.15000000000000002
1 0.7864583333333333 0.9291666666666667 0.07430555555555551 0.07870370370370372
1 0.7513888888888889 0.8162037037037038 0.05833333333333335 0.0805555555555556
1 0.6916666666666667 0.8074074074074074 0.04861111111111116 0.0703703703703703
1 0.648611111111111 0.7759259259259259 0.0444444444444444 0.05740740740740735
1 0.5739583333333333 0.7037037037037037 0.03541666666666665 0.050000000000000044
1 0.6069444444444445 0.7189814814814814 0.029166666666666674 0.03981481481481486
1 0.6232638888888888 0.6912037037037038 0.02430555555555547 0.03425925925925932
1 0.7 0.7203703703703703 0.03472222222222221 0.03703703703703709
1 0.7260416666666667 0.7032407407407408 0.021527777777777812 0.030555555555555558
1 0.7385416666666667 0.712962962962963 0.022916666666666696 0.02777777777777779
1 0.7430555555555556 0.6875 0.016666666666666607 0.026851851851851904
1 0.7652777777777777 0.7083333333333333 0.02083333333333337 0.031481481481481555
1 0.790625 0.724537037037037 0.027083333333333348 0.03425925925925932
1 0.7982638888888889 0.7013888888888888 0.02430555555555558 0.03425925925925932
1 0.815625 0.6671296296296296 0.020138888888888817 0.037962962962962976
1 0.8270833333333334 0.6842592592592592 0.019444444444444486 0.040740740740740744
1 0.8579861111111111 0.675 0.015972222222222276 0.031481481481481555
1 0.8875 0.6921296296296295 0.03194444444444444 0.045370370370370394
1 0.884375 0.7842592592592592 0.04513888888888884 0.0537037037037037
1 0.7909722222222222 0.7824074074074074 0.03888888888888886 0.06481481481481477
1 0.8475694444444444 0.8212962962962963 0.0409722222222223 0.050000000000000044
1 0.9329861111111111 0.8574074074074074 0.06458333333333333 0.07592592592592595
1 0.921875 0.700925925925926 0.032638888888888884 0.04814814814814816
1 0.95625 0.7199074074074074 0.022222222222222254 0.04351851851851851
1 0.9722222222222223 0.7023148148148148 0.029166666666666674 0.045370370370370394
1 0.9871527777777778 0.7259259259259259 0.021527777777777812 0.04629629629629639
