1 0.3453125 0.5552763819095478 0.159375 0.30653266331658285
1 0.4546875 0.4484924623115578 0.08124999999999999 0.15326633165829145
1 0.59140625 0.4824120603015075 0.10468750000000004 0.19095477386934667
1 0.659375 0.3706030150753769 0.06874999999999998 0.14321608040201006
1 0.7765625 0.4484924623115578 0.08437499999999998 0.17839195979899497
1 0.87734375 0.4321608040201005 0.06718749999999996 0.14070351758793964
1 0.021875000000000002 0.4057788944723618 0.040625 0.15326633165829145
1 0.031249999999999997 0.3530150753768844 0.056249999999999994 0.12311557788944727
1 0.2890625 0.4635678391959799 0.09999999999999998 0.1834170854271357
1 0.2484375 0.36683417085427134 0.05937500000000001 0.10050251256281406
