1 0.305 0.44375 0.08666666666666667 0.14749999999999996
1 0.22916666666666666 0.395 0.044999999999999984 0.07
1 0.17833333333333334 0.43875 0.06666666666666668 0.11249999999999999
1 0.1325 0.3775 0.04166666666666666 0.06999999999999995
1 0.10750000000000001 0.34625 0.028333333333333335 0.05249999999999999
1 0.07583333333333334 0.38625 0.05833333333333333 0.08250000000000002
1 0.01916666666666667 0.36375 0.035 0.08250000000000002
1 0.06999999999999999 0.27625 0.026666666666666665 0.04749999999999999
1 0.09666666666666666 0.26875 0.026666666666666672 0.04249999999999998
1 0.2033333333333333 0.34125 0.03 0.05249999999999999
1 0.20916666666666667 0.30625 0.021666666666666667 0.03250000000000003
1 0.24583333333333335 0.37 0.03833333333333336 0.07499999999999996
1 0.2708333333333333 0.33875 0.03833333333333333 0.057499999999999996
1 0.305 0.32375 0.023333333333333317 0.04249999999999998
1 0.3416666666666667 0.35625 0.03666666666666668 0.057499999999999996
1 0.3441666666666666 0.32375 0.031666666666666676 0.04749999999999999
1 0.3575 0.315 0.018333333333333313 0.03500000000000003
1 0.4075 0.3425 0.031666666666666676 0.05499999999999999
1 0.4141666666666667 0.31625000000000003 0.018333333333333313 0.03750000000000003
1 0.4791666666666667 0.43875 0.08166666666666667 0.12749999999999995
1 0.45166666666666666 0.38125 0.053333333333333344 0.07749999999999996
1 0.47916666666666663 0.32875 0.031666666666666676 0.04749999999999999
1 0.5216666666666667 0.35375 0.04666666666666669 0.08750000000000002
1 0.5716666666666667 0.4 0.05666666666666664 0.10000000000000003
1 0.6066666666666667 0.34125 0.043333333333333335 0.0675
1 0.6708333333333334 0.39125 0.05833333333333324 0.09749999999999998
1 0.6766666666666667 0.33999999999999997 0.043333333333333335 0.06
1 0.63 0.3175 0.020000000000000018 0.03500000000000003
1 0.5466666666666666 0.34375 0.026666666666666727 0.05249999999999999
1 0.5433333333333333 0.31625000000000003 0.016666666666666607 0.03250000000000003
1 0.7058333333333333 0.32 0.018333333333333313 0.03500000000000003
1 0.7283333333333333 0.31875 0.023333333333333317 0.03250000000000003
1 0.7491666666666666 0.35250000000000004 0.03833333333333333 0.065
1 0.7766666666666666 0.34125 0.023333333333333317 0.05249999999999999
1 0.8008333333333333 0.35 0.03500000000000003 0.06
1 0.835 0.33999999999999997 0.030000000000000027 0.05499999999999999
1 0.8674999999999999 0.37 0.05166666666666664 0.08499999999999996
1 0.9133333333333333 0.35250000000000004 0.046666666666666634 0.08000000000000002
1 0.9341666666666666 0.32125 0.025000000000000022 0.05249999999999999
1 0.9891666666666667 0.32375 0.021666666666666612 0.04749999999999999
1 0.9591666666666667 0.32375 0.021666666666666612 0.03750000000000003
1 0.8674999999999999 0.315 0.021666666666666612 0.04500000000000004
