1 0.06534090909090909 0.43313373253493015 0.04659090909090909 0.07984031936127745
1 0.09886363636363638 0.4271457085828343 0.045454545454545456 0.09580838323353297
1 0.16136363636363638 0.3153692614770459 0.027272727272727254 0.055888223552894245
1 0.31875 0.22255489021956087 0.019318181818181845 0.03393213572854292
1 0.3340909090909091 0.23453093812375247 0.022727272727272707 0.045908183632734495
1 0.35170454545454544 0.22954091816367264 0.023863636363636365 0.047904191616766456
1 0.38863636363636367 0.2025948103792415 0.022727272727272763 0.03792415169660679
1 0.6295454545454545 0.06387225548902195 0.013636363636363669 0.02794411177644711
1 0.571590909090909 0.13373253493013973 0.022727272727272818 0.03992015968063874
1 0.6278409090909091 0.13273453093812376 0.01931818181818179 0.04191616766467067
1 0.675 0.10179640718562874 0.018181818181818188 0.03992015968063872
1 0.5130681818181818 0.283433133732535 0.02386363636363642 0.04391217564870259
1 0.5409090909090909 0.29740518962075846 0.02954545454545454 0.05189620758483032
1 0.5511363636363636 0.35728542914171657 0.036363636363636376 0.07984031936127745
1 0.5897727272727273 0.36027944111776444 0.045454545454545525 0.08183632734530938
1 0.6113636363636363 0.31037924151696605 0.02954545454545454 0.06586826347305391
1 0.6176136363636364 0.1936127744510978 0.017045454545454475 0.03992015968063872
1 0.6460227272727272 0.19161676646706588 0.01477272727272727 0.03193612774451096
1 0.6727272727272727 0.2574850299401198 0.020454545454545503 0.047904191616766456
1 0.7039772727272727 0.18562874251497005 0.01931818181818179 0.03992015968063872
1 0.7130681818181819 0.08283433133732535 0.01477272727272727 0.03393213572854291
