1 0.2685098406747891 0.25501672240802675 0.015932521087160256 0.03511705685618727
1 0.2788191190253046 0.24832775919732442 0.015932521087160256 0.03511705685618727
1 0.2914714151827554 0.2683946488294314 0.022492970946579205 0.04515050167224077
1 0.33786316776007497 0.2692307692307693 0.021555763823805085 0.04682274247491641
1 0.37769447047797566 0.23411371237458195 0.02811621368322398 0.05685618729096989
1 0.3931583880037488 0.21321070234113715 0.01968134957825679 0.038461538461538464
1 0.3786316776007498 0.17892976588628762 0.014995313964386137 0.03344481605351171
1 0.4034676663542643 0.18812709030100333 0.015932521087160256 0.035117056856187295
1 0.4283036551077788 0.17558528428093645 0.01686972820993443 0.03678929765886288
1 0.41518275538894095 0.16387959866220736 0.014995313964386137 0.03344481605351168
1 0.44283036551077787 0.2282608695652174 0.023430178069353325 0.04180602006688963
1 0.47094657919400185 0.22073578595317728 0.02530459231490162 0.046822742474916385
1 0.45313964386129335 0.17892976588628762 0.015932521087160256 0.03678929765886288
1 0.46860356138706655 0.17307692307692307 0.016869728209934376 0.038461538461538464
1 0.4821930646672915 0.17892976588628762 0.01780693533270855 0.043478260869565216
1 0.5 0.18979933110367891 0.01780693533270855 0.04180602006688963
1 0.5313964386129335 0.1914715719063545 0.020618556701030966 0.04180602006688963
1 0.5459231490159325 0.17642140468227424 0.017806935332708607 0.038461538461538464
1 0.5712277413308342 0.17391304347826086 0.017806935332708496 0.03344481605351171
1 0.529053420805998 0.13127090301003344 0.014058106841612017 0.02842809364548493
1 0.5159325210871603 0.15133779264214048 0.017806935332708607 0.03177257525083613
1 0.5032802249297095 0.1245819397993311 0.014995313964386137 0.028428093645484945
1 0.4817244611059044 0.34615384615384615 0.03373945641986881 0.05351170568561869
1 0.5576382380506092 0.11705685618729098 0.014995313964386137 0.03010033444816053
1 0.5679475164011246 0.13043478260869565 0.013120899718837897 0.033444816053511725
1 0.5852858481724461 0.13294314381270905 0.017806935332708607 0.035117056856187295
1 0.5979381443298969 0.09615384615384615 0.011246485473289658 0.021739130434782608
1 0.6152764761012184 0.14130434782608697 0.017806935332708607 0.03177257525083613
1 0.6208997188378631 0.1011705685618729 0.012183692596063778 0.025083612040133776
1 0.634020618556701 0.1028428093645485 0.012183692596063778 0.02508361204013379
1 0.6466729147141518 0.12876254180602006 0.014995313964386137 0.03010033444816053
1 0.6701030927835052 0.10033444816053512 0.013120899718837786 0.030100334448160543
1 0.6996251171508903 0.09615384615384615 0.017806935332708496 0.03511705685618728
1 0.5838800374882849 0.2382943143812709 0.028116213683223923 0.05183946488294314
1 0.5688847235238987 0.2959866220735786 0.029990627928772273 0.060200668896321086
1 0.6134020618556701 0.33528428093645485 0.03467666354264287 0.06521739130434778
1 0.6293345829428304 0.2399665551839465 0.025304592314901564 0.04849498327759197
1 0.6190253045923149 0.19899665551839463 0.019681349578256735 0.046822742474916385
1 0.6583880037488284 0.21655518394648832 0.023430178069353325 0.04849498327759197
1 0.6541705716963448 0.1714046822742475 0.020618556701030966 0.04849498327759197
1 0.6780693533270853 0.15719063545150502 0.017806935332708607 0.043478260869565216
1 0.704311152764761 0.17307692307692307 0.021555763823805085 0.0451505016722408
1 0.731958762886598 0.19983277591973242 0.020618556701030966 0.04180602006688963
1 0.7558575445173383 0.13377926421404684 0.014058106841611906 0.03678929765886288
1 0.7488284910965324 0.11622073578595318 0.013120899718837786 0.028428093645484945
1 0.7717900656044987 0.12959866220735786 0.015932521087160256 0.03511705685618731
1 0.7830365510777881 0.15133779264214048 0.017806935332708496 0.04180602006688963
1 0.7549203373945642 0.21655518394648832 0.023430178069353325 0.0451505016722408
1 0.7169634489222119 0.2508361204013378 0.026241799437675684 0.06354515050167223
1 0.6846298031865042 0.3018394648829431 0.0402999062792877 0.07190635451505017
1 0.7455482661668229 0.31688963210702337 0.0402999062792877 0.08862876254180602
1 0.767572633552015 0.27257525083612044 0.03186504217432051 0.07023411371237459
1 0.7905342080599813 0.20652173913043478 0.025304592314901675 0.051839464882943165
1 0.8134957825679475 0.23578595317725753 0.026241799437675795 0.06020066889632106
1 0.8350515463917525 0.20819397993311037 0.022492970946579205 0.048494983277591996
1 0.8083411433926897 0.14297658862876256 0.014058106841612017 0.035117056856187295
1 0.8322399250234301 0.14130434782608697 0.016869728209934376 0.03177257525083613
1 0.8359887535145267 0.12040133779264214 0.011246485473289658 0.03010033444816053
1 0.8533270852858481 0.16387959866220736 0.015932521087160256 0.04013377926421405
1 0.858950328022493 0.1479933110367893 0.012183692596063778 0.02842809364548496
1 0.8701968134957825 0.12123745819397994 0.014058106841612017 0.03511705685618728
1 0.9119025304592315 0.13628762541806022 0.014995313964386137 0.03177257525083613
1 0.92970946579194 0.14715719063545152 0.011246485473289658 0.026755852842809374
1 0.8969072164948453 0.16387959866220736 0.018744142455482726 0.03344481605351168
1 0.8865979381443299 0.19983277591973242 0.016869728209934376 0.038461538461538464
1 0.8650421743205248 0.24832775919732442 0.022492970946579205 0.055183946488294305
1 0.8383317713214621 0.30434782608695654 0.023430178069353325 0.07023411371237459
1 0.8120899718837863 0.3729096989966555 0.0402999062792877 0.0802675585284281
1 0.8987816307403936 0.3787625418060201 0.03561387066541699 0.08528428093645485
1 0.9189315838800375 0.25668896321070234 0.025304592314901564 0.055183946488294305
1 0.9231490159325211 0.22491638795986624 0.018744142455482615 0.04180602006688963
1 0.9339268978444236 0.2023411371237458 0.019681349578256846 0.03678929765886288
1 0.9006560449859419 0.34615384615384615 0.028116213683224034 0.04682274247491636
