1 0.20262390670553937 0.42105263157894735 0.04956268221574342 0.0950764006791171
1 0.26044703595724006 0.26825127334465193 0.021379980563654033 0.040747028862478774
1 0.2891156462585034 0.24957555178268248 0.018464528668610314 0.03735144312393887
1 0.3168124392614189 0.24957555178268254 0.021379980563654033 0.033955857385398996
1 0.31098153547133134 0.21901528013582344 0.021379980563654033 0.030560271646859066
1 0.33527696793002915 0.21986417657045842 0.021379980563654033 0.039049235993208836
1 0.3275024295432459 0.26825127334465193 0.0194363459669582 0.040747028862478774
1 0.347424684159378 0.27419354838709675 0.024295432458697752 0.04584040747028861
1 0.37706511175898927 0.2707979626485569 0.025267249757045696 0.04244482173174871
1 0.4096209912536443 0.27928692699490665 0.026239067055393583 0.05263157894736842
1 0.43100097181729835 0.24787775891341257 0.020408163265306145 0.033955857385398996
1 0.4251700680272109 0.21986417657045842 0.018464528668610314 0.039049235993208836
1 0.3843537414965986 0.20118845500848898 0.018464528668610314 0.039049235993208836
1 0.4096209912536443 0.1765704584040747 0.016520894071914483 0.03395585738539897
1 0.4251700680272109 0.18166383701188454 0.02040816326530609 0.040747028862478774
1 0.467444120505345 0.2266553480475382 0.023323615160349864 0.05263157894736842
1 0.4543245869776482 0.15619694397283532 0.020408163265306145 0.040747028862478774
1 0.46647230320699706 0.14431239388794567 0.015549076773566595 0.03395585738539897
1 0.4800777453838678 0.15534804753820036 0.017492711370262426 0.039049235993208836
1 0.48299319727891155 0.2037351443123939 0.0194363459669582 0.03395585738539897
1 0.5116618075801749 0.18251273344651953 0.020408163265306034 0.03904923599320881
1 0.5063168124392614 0.12139219015280135 0.011661807580174877 0.025466893039049227
1 0.5126336248785228 0.133276740237691 0.01263362487852282 0.028862478777589143
1 0.5262390670553936 0.15110356536502545 0.016520894071914483 0.030560271646859066
1 0.5456754130223518 0.18930390492359933 0.020408163265306145 0.04244482173174871
1 0.5524781341107872 0.1460101867572156 0.01846452866861026 0.03735144312393887
1 0.5957240038872692 0.15959252971137522 0.01554907677356665 0.030560271646859094
1 0.6112730806608357 0.15449915110356538 0.011661807580174877 0.02716468590831919
1 0.6156462585034013 0.12393887945670629 0.010689990281827044 0.02376910016977929
1 0.6258503401360545 0.13412563667232597 0.01554907677356654 0.02716468590831919
1 0.6010689990281828 0.10186757215619693 0.016520894071914483 0.027164685908319178
1 0.6554907677356657 0.1069609507640068 0.014577259475218707 0.027164685908319178
1 0.6661807580174928 0.12224108658743633 0.016520894071914483 0.02716468590831919
1 0.6496598639455782 0.16893039049235992 0.020408163265306034 0.04244482173174871
1 0.6885325558794947 0.16383701188455008 0.020408163265306145 0.04244482173174871
1 0.6695821185617103 0.2164685908319185 0.023323615160349864 0.04244482173174871
1 0.6345966958211856 0.24872665534804755 0.02137998056365409 0.04923599320882854
1 0.6263362487852284 0.2164685908319185 0.02235179786200192 0.04584040747028864
1 0.5753158406219631 0.2436332767402377 0.02526724975704564 0.04244482173174874
1 0.5602526724975705 0.300509337860781 0.030126336248785246 0.05432937181663833
1 0.5252672497570456 0.2775891341256367 0.02818270165208936 0.04584040747028861
1 0.6754130223517978 0.3225806451612903 0.03692905733722063 0.07130730050933787
1 0.6545189504373178 0.2733446519524618 0.030126336248785135 0.057724957555178286
1 0.7089407191448007 0.2300509337860781 0.024295432458697808 0.04244482173174871
1 0.7152575315840621 0.18675721561969438 0.021379980563653977 0.044142614601018676
1 0.7137998056365403 0.28522920203735147 0.03206997084548102 0.06112054329371813
1 0.750242954324587 0.23938879456706283 0.029154518950437303 0.05432937181663838
1 0.7453838678328475 0.1935483870967742 0.021379980563653977 0.040747028862478774
1 0.7361516034985423 0.15280135823429541 0.014577259475218707 0.030560271646859094
1 0.750242954324587 0.15280135823429541 0.0194363459669582 0.040747028862478774
1 0.7672497570456754 0.17572156196943972 0.01846452866861026 0.039049235993208836
1 0.7905733722060253 0.18251273344651953 0.020408163265306145 0.04244482173174874
1 0.7808551992225461 0.15025466893039047 0.01846452866861037 0.03225806451612903
1 0.7735665694849369 0.11799660441426146 0.013605442176870763 0.03225806451612902
1 0.7959183673469388 0.1434634974533107 0.017492711370262315 0.02886247877758913
1 0.8032069970845481 0.12818336162988114 0.016520894071914483 0.03565365025466892
1 0.838192419825073 0.13752122241086587 0.016520894071914483 0.047538200339558565
1 0.8109815354713314 0.1731748726655348 0.01846452866861037 0.0373514431239389
1 0.8304178814382897 0.17402376910016976 0.012633624878522931 0.03225806451612903
1 0.8551992225461613 0.17911714770797962 0.0194363459669582 0.035653650254668934
1 0.846938775510204 0.20628183361629882 0.016520894071914483 0.035653650254668934
1 0.8284742468415938 0.22580645161290322 0.026239067055393583 0.06112054329371813
1 0.7842565597667639 0.2826825127334465 0.029154518950437303 0.05942275042444822
1 0.7910592808551993 0.3404074702886248 0.04081632653061218 0.0696095076400679
1 0.8610301263362488 0.2860780984719864 0.029154518950437303 0.06621392190152803
1 0.8736637512147716 0.23769100169779286 0.02526724975704575 0.05093378607809845
1 0.8853255587949466 0.21222410865874364 0.017492711370262315 0.04753820033955858
1 0.892128279883382 0.1859083191850594 0.0194363459669582 0.039049235993208836
1 0.8824101068999028 0.1468590831918506 0.017492711370262426 0.03904923599320881
1 0.9212827988338192 0.2691001697792869 0.023323615160349864 0.05602716468590829
