1 0.22 0.425 0.12166666666666665 0.17499999999999993
1 0.2533333333333333 0.309375 0.07 0.10875000000000001
1 0.3120833333333333 0.36375 0.09583333333333333 0.14500000000000002
1 0.39583333333333337 0.32875 0.065 0.125
1 0.45958333333333334 0.3675 0.06916666666666665 0.11499999999999999
1 0.5058333333333334 0.396875 0.12333333333333335 0.19624999999999998
1 0.5449999999999999 0.43937499999999996 0.15666666666666662 0.22625
1 0.6104166666666666 0.358125 0.09249999999999992 0.14375
1 0.6804166666666667 0.33499999999999996 0.07583333333333342 0.14999999999999997
1 0.8033333333333333 0.345 0.1283333333333334 0.19
1 0.8825000000000001 0.435 0.1449999999999999 0.21250000000000002
1 0.9716666666666667 0.128125 0.04499999999999993 0.09124999999999998
1 0.94625 0.15375 0.04083333333333339 0.08750000000000001
1 0.9008333333333334 0.12062500000000001 0.05500000000000005 0.09625000000000002
1 0.7570833333333333 0.143125 0.05916666666666659 0.08875
1 0.6704166666666667 0.08000000000000002 0.08083333333333331 0.11000000000000001
1 0.4275 0.065625 0.053333333333333344 0.09625
1 0.5970833333333334 0.1675 0.03916666666666668 0.06
1 0.3441666666666667 0.144375 0.025000000000000022 0.04375000000000001
1 0.21875 0.131875 0.027500000000000024 0.04375
1 0.10791666666666667 0.085625 0.037500000000000006 0.05625
1 0.05666666666666667 0.08 0.035 0.04499999999999999
1 0.09875 0.350625 0.06916666666666667 0.10875000000000001
1 0.11208333333333334 0.289375 0.0675 0.09125000000000003
1 0.04666666666666666 0.32437499999999997 0.051666666666666666 0.09625
1 0.017916666666666668 0.3075 0.0325 0.09999999999999998
