1 0.6916666666666667 0.3125 0.050000000000000044 0.040000000000000036
1 0.6933333333333334 0.4475 0.07999999999999996 0.07
1 0.6966666666666667 0.40875 0.06666666666666665 0.05249999999999999
1 0.8166666666666667 0.45125 0.09999999999999998 0.07750000000000001
1 0.9433333333333334 0.51125 0.11333333333333329 0.11249999999999999
1 0.9299999999999999 0.40375 0.06666666666666676 0.05249999999999999
1 0.5583333333333333 0.4225 0.07000000000000006 0.065
1 0.1716666666666667 0.46375 0.09 0.08250000000000002
1 0.21166666666666667 0.42625 0.07666666666666666 0.0625
1 0.06999999999999999 0.52875 0.13333333333333333 0.11750000000000005
1 0.036666666666666674 0.43875 0.06666666666666668 0.07749999999999996
1 0.08 0.43374999999999997 0.06 0.05250000000000005
