1 0.054 0.35333333333333333 0.039999999999999994 0.06133333333333335
1 0.131 0.36133333333333334 0.046 0.06666666666666665
1 0.20800000000000002 0.26 0.04000000000000001 0.050666666666666665
1 0.264 0.352 0.055999999999999994 0.08000000000000002
1 0.365 0.3453333333333333 0.045999999999999985 0.08799999999999997
1 0.356 0.2693333333333333 0.043999999999999984 0.053333333333333316
1 0.353 0.196 0.03799999999999998 0.050666666666666665
1 0.483 0.24 0.05399999999999999 0.06933333333333333
1 0.474 0.16666666666666666 0.03999999999999998 0.055999999999999994
1 0.563 0.156 0.041999999999999926 0.06133333333333335
1 0.629 0.252 0.05400000000000005 0.07733333333333334
1 0.778 0.12266666666666667 0.06400000000000006 0.08533333333333333
1 0.935 0.18133333333333335 0.061999999999999944 0.11200000000000002
1 0.8360000000000001 0.41200000000000003 0.09999999999999998 0.14666666666666667
