1 0.328537170263789 0.21349095966620307 0.014388489208633115 0.03198887343532683
1 0.35851318944844124 0.20723226703755215 0.013589128697042374 0.030598052851182195
1 0.38369304556354916 0.30458970792767737 0.023980815347721784 0.04172461752433937
1 0.4760191846522782 0.1571627260083449 0.011990407673860892 0.019471488178025048
1 0.5047961630695443 0.20027816411682892 0.016786570743405282 0.03337969401947147
1 0.5667466027178257 0.11752433936022252 0.011191047162270262 0.02364394993045897
1 0.5711430855315747 0.17454798331015298 0.016786570743405282 0.03477051460361616
1 0.8705035971223022 0.09666203059805285 0.012789768185451633 0.026425591098748258
1 0.9088729016786571 0.1376912378303199 0.011191047162270262 0.027816411682892908
1 0.8141486810551559 0.3956884561891516 0.029576338928856916 0.07371349095966617
