1 0.12758620689655173 0.5613496932515337 0.04827586206896552 0.1165644171779141
1 0.13620689655172413 0.8665644171779141 0.06206896551724138 0.10122699386503076
1 0.36724137931034484 0.6042944785276073 0.05517241379310345 0.1165644171779141
1 0.4724137931034483 0.5414110429447853 0.051724137931034475 0.1012269938650307
1 0.4060344827586207 0.39877300613496935 0.0431034482758621 0.08588957055214724
1 0.35344827586206895 0.28680981595092025 0.03793103448275864 0.07055214723926378
1 0.31551724137931036 0.17484662576687116 0.03448275862068967 0.055214723926380355
1 0.2939655172413793 0.1380368098159509 0.025862068965517238 0.04294478527607362
1 0.27241379310344827 0.04754601226993865 0.02413793103448275 0.046012269938650305
1 0.22327586206896552 0.10736196319018404 0.02931034482758621 0.04907975460122699
1 0.2525862068965517 0.18404907975460122 0.029310344827586182 0.06134969325153375
1 0.2741379310344828 0.26533742331288346 0.031034482758620696 0.06441717791411045
1 0.2956896551724138 0.45858895705521474 0.0431034482758621 0.07668711656441718
1 0.13793103448275862 0.32515337423312884 0.034482758620689655 0.06748466257668712
1 0.15862068965517243 0.2607361963190184 0.027586206896551724 0.05521472392638038
1 0.14568965517241378 0.1763803680981595 0.025862068965517265 0.052147239263803685
1 0.1586206896551724 0.11349693251533742 0.02413793103448278 0.03680981595092023
1 0.3422413793103448 0.05674846625766872 0.022413793103448265 0.033742331288343565
1 0.36982758620689654 0.12423312883435583 0.02931034482758621 0.04601226993865032
1 0.4267241379310345 0.16411042944785276 0.03275862068965518 0.06441717791411045
1 0.4232758620689655 0.07668711656441718 0.018965517241379293 0.049079754601226995
1 0.4698275862068966 0.07208588957055215 0.018965517241379348 0.03987730061349693
1 0.45344827586206893 0.11809815950920245 0.02068965517241378 0.04601226993865029
1 0.4896551724137931 0.18098159509202455 0.027586206896551724 0.055214723926380355
1 0.5129310344827587 0.11809815950920245 0.022413793103448376 0.04601226993865029
1 0.5051724137931035 0.08282208588957055 0.017241379310344862 0.03680981595092024
1 0.55 0.12116564417177914 0.017241379310344862 0.046012269938650305
1 0.5543103448275862 0.17177914110429449 0.022413793103448265 0.04294478527607362
1 0.5974137931034482 0.17791411042944785 0.022413793103448376 0.042944785276073594
1 0.6689655172413793 0.17331288343558282 0.02758620689655178 0.05214723926380366
1 0.6413793103448275 0.28067484662576686 0.03448275862068961 0.05214723926380371
1 0.6405172413793103 0.22699386503067484 0.022413793103448265 0.04907975460122699
1 0.55 0.28680981595092025 0.03103448275862075 0.06441717791411045
1 0.4862068965517241 0.27453987730061347 0.03448275862068967 0.06441717791411045
1 0.5336206896551725 0.36809815950920244 0.03275862068965518 0.07975460122699385
1 0.6258620689655172 0.38650306748466257 0.04137931034482756 0.08588957055214724
1 0.6956896551724139 0.29754601226993865 0.025862068965517238 0.042944785276073594
1 0.7301724137931034 0.24846625766871167 0.018965517241379293 0.04907975460122696
1 0.7681034482758621 0.2714723926380368 0.018965517241379404 0.039877300613496924
1 0.7637931034482759 0.4125766871165644 0.03103448275862064 0.06441717791411039
1 0.8198275862068966 0.3665644171779141 0.02586206896551735 0.05828220858895705
1 0.8646551724137931 0.4263803680981595 0.02931034482758621 0.06134969325153378
1 0.9439655172413792 0.5245398773006135 0.025862068965517238 0.06134969325153378
1 0.8491379310344828 0.4969325153374233 0.022413793103448265 0.06134969325153372
1 0.8094827586206896 0.5214723926380368 0.02931034482758621 0.06134969325153378
1 0.7241379310344828 0.5214723926380368 0.03103448275862064 0.07975460122699385
1 0.6336206896551724 0.5751533742331288 0.036206896551724155 0.08282208588957052
1 0.8939655172413793 0.7223926380368098 0.053448275862068906 0.10736196319018398
