1 0.402875 0.324512012012012 0.029249999999999998 0.05442942942942941
1 0.6351249999999999 0.40934684684684686 0.02575000000000005 0.046921921921921905
1 0.6813750000000001 0.3928303303303303 0.026249999999999996 0.049174174174174134
1 0.69325 0.3397147147147147 0.03049999999999997 0.053303303303303295
1 0.7481249999999999 0.3355855855855856 0.027750000000000052 0.053303303303303295
1 0.8300000000000001 0.3303303303303303 0.033499999999999974 0.053303303303303295
1 0.921625 0.4496996996996997 0.029249999999999998 0.050300300300300305
1 0.95425 0.46734234234234234 0.03199999999999992 0.050300300300300305
1 0.916875 0.5957207207207207 0.052750000000000075 0.09159159159159158
1 0.847 0.545045045045045 0.04249999999999998 0.06981981981981988
1 0.7907500000000001 0.47522522522522526 0.03700000000000003 0.05930930930930933
1 0.706125 0.4876126126126126 0.03125 0.05930930930930928
1 0.740375 0.5168918918918919 0.047250000000000014 0.08258258258258255
1 0.747375 0.5814564564564564 0.05824999999999991 0.09909909909909909
1 0.8325 0.6676051051051051 0.07699999999999996 0.10848348348348347
1 0.879625 0.8307057057057057 0.10224999999999995 0.19069069069069067
1 0.37512500000000004 0.8083708708708709 0.10825000000000001 0.17079579579579574
1 0.12412500000000001 0.7931681681681682 0.08825000000000001 0.16591591591591592
1 0.32475 0.6236861861861862 0.0645 0.10623123123123124
1 0.379625 0.5746996996996997 0.05225000000000002 0.08333333333333326
1 0.39975 0.5242117117117117 0.04800000000000004 0.07995495495495492
1 0.43725 0.49436936936936937 0.044999999999999984 0.06681681681681684
1 0.470625 0.4679054054054054 0.03125 0.05292792792792794
1 0.46925000000000006 0.628003003003003 0.07300000000000001 0.13363363363363356
1 0.520875 0.6034159159159158 0.05275000000000002 0.10097597597597596
1 0.525125 0.5251501501501501 0.04325000000000001 0.06981981981981977
1 0.53775 0.4846096096096096 0.03749999999999998 0.05105105105105101
1 0.536625 0.45232732732732733 0.029749999999999943 0.05105105105105101
1 0.314 0.4485735735735736 0.03749999999999998 0.056306306306306286
1 0.273 0.4605855855855856 0.03899999999999998 0.05930930930930933
1 0.235875 0.509009009009009 0.04374999999999998 0.06456456456456455
1 0.25187499999999996 0.44744744744744747 0.03275 0.05630630630630634
1 0.150125 0.5471096096096095 0.05124999999999999 0.07394894894894899
1 0.18 0.47203453453453453 0.04050000000000001 0.05292792792792789
1 0.118875 0.49831081081081086 0.047249999999999986 0.06569069069069072
1 0.10325000000000001 0.44125375375375375 0.03699999999999999 0.05217717717717718
1 0.05437500000000001 0.5232732732732732 0.052750000000000005 0.08033033033033032
1 0.03275 0.5808933933933933 0.064 0.0897147147147147
1 0.02275 0.4725975975975976 0.0395 0.060810810810810856
1 0.048375 0.4391891891891892 0.03125 0.050300300300300305
