1 0.07333333333333333 0.9099999999999999 0.11199999999999999 0.16400000000000003
1 0.18333333333333335 0.9179999999999999 0.08399999999999999 0.12
1 0.26266666666666666 0.891 0.048000000000000015 0.06600000000000006
1 0.28 0.956 0.05066666666666669 0.07199999999999995
1 0.3753333333333333 0.876 0.11066666666666664 0.1519999999999999
1 0.43866666666666665 0.875 0.03466666666666668 0.06600000000000006
1 0.5700000000000001 0.9119999999999999 0.06533333333333335 0.11199999999999999
1 0.6533333333333333 0.9299999999999999 0.06666666666666665 0.11599999999999999
1 0.75 0.864 0.03600000000000003 0.06000000000000005
1 0.7986666666666666 0.863 0.04266666666666663 0.07000000000000006
1 0.8306666666666667 0.886 0.03200000000000003 0.05600000000000005
1 0.8640000000000001 0.843 0.053333333333333344 0.06999999999999995
1 0.956 0.853 0.07199999999999995 0.13
