1 0.07523148148148148 0.2657200811359026 0.018518518518518517 0.04056795131845842
1 0.39814814814814814 0.18559837728194728 0.02083333333333337 0.03448275862068964
1 0.4224537037037037 0.19776876267748478 0.020833333333333315 0.042596348884381324
1 0.45428240740740744 0.21703853955375252 0.024305555555555525 0.04462474645030426
1 0.5601851851851851 0.15720081135902636 0.01851851851851849 0.03853955375253551
1 0.5706018518518519 0.17545638945233266 0.01620370370370372 0.03853955375253548
1 0.6412037037037037 0.11156186612576066 0.01851851851851849 0.04056795131845843
1 0.625 0.1257606490872211 0.011574074074074181 0.028397565922920906
1 0.6429398148148148 0.3154158215010142 0.03125 0.07099391480730222
1 0.6296296296296297 0.2718052738336714 0.02314814814814814 0.04462474645030426
1 0.6313657407407407 0.21196754563894524 0.02430555555555558 0.046653144016227166
1 0.681712962962963 0.1643002028397566 0.02083333333333337 0.04462474645030426
1 0.6869212962962963 0.20892494929006084 0.02430555555555558 0.04462474645030426
1 0.6828703703703703 0.27586206896551724 0.03009259259259256 0.05273833671399594
1 0.9513888888888888 0.23225152129817445 0.02314814814814814 0.046653144016227194
