1 0.15666666666666668 0.47312499999999996 0.06833333333333333 0.12124999999999997
1 0.13208333333333333 0.371875 0.034166666666666665 0.07874999999999999
1 0.02875 0.39625 0.050833333333333335 0.08000000000000002
1 0.20083333333333334 0.36312500000000003 0.04833333333333334 0.09625
1 0.36583333333333334 0.64125 0.10333333333333333 0.17999999999999994
1 0.365 0.448125 0.053333333333333344 0.11624999999999996
1 0.3825 0.35 0.03500000000000003 0.07
1 0.49624999999999997 0.36624999999999996 0.04249999999999998 0.08000000000000002
1 0.5554166666666667 0.481875 0.07250000000000001 0.16374999999999995
1 0.6058333333333333 0.364375 0.03166666666666673 0.07125000000000004
1 0.6341666666666667 0.37625 0.04833333333333334 0.09500000000000003
1 0.7424999999999999 0.37124999999999997 0.043333333333333335 0.09500000000000003
1 0.95625 0.474375 0.07583333333333331 0.13375000000000004
