1 0.10428571428571429 0.6883116883116882 0.10857142857142855 0.1471861471861472
1 0.11499999999999999 0.8852813852813852 0.16428571428571428 0.20779220779220775
1 0.05 0.6103896103896105 0.08571428571428572 0.1515151515151515
1 0.05714285714285715 0.472943722943723 0.07428571428571429 0.1277056277056277
1 0.03 0.44913419913419916 0.05714285714285714 0.1277056277056277
1 0.07071428571428572 0.32359307359307354 0.05285714285714286 0.07575757575757575
1 0.08142857142857143 0.2792207792207792 0.04857142857142858 0.06926406926406925
1 0.24214285714285713 0.3073593073593074 0.06714285714285712 0.09090909090909088
1 0.32571428571428573 0.5865800865800865 0.09142857142857141 0.17316017316017318
1 0.40428571428571425 0.39502164502164505 0.06 0.132034632034632
1 0.3871428571428571 0.3073593073593074 0.04571428571428571 0.0692640692640693
1 0.5121428571428572 0.48376623376623373 0.07571428571428573 0.12337662337662336
1 0.485 0.6601731601731602 0.11000000000000004 0.17748917748917747
1 0.5507142857142857 0.8354978354978355 0.1528571428571428 0.277056277056277
1 0.5821428571428571 0.3225108225108225 0.05857142857142861 0.10389610389610388
1 0.6185714285714285 0.2554112554112554 0.04571428571428571 0.08658008658008656
1 0.6835714285714285 0.2748917748917749 0.04999999999999993 0.10822510822510825
1 0.71 0.24242424242424243 0.040000000000000036 0.08225108225108224
1 0.7592857142857143 0.26515151515151514 0.04142857142857148 0.08874458874458876
1 0.7942857142857143 0.2067099567099567 0.037142857142857144 0.0800865800865801
1 0.8314285714285714 0.1764069264069264 0.040000000000000036 0.09307359307359309
1 0.7978571428571428 0.33225108225108224 0.05857142857142861 0.11038961038961037
1 0.7235714285714285 0.44372294372294374 0.08714285714285708 0.1558441558441559
1 0.6607142857142857 0.5725108225108225 0.07857142857142851 0.14502164502164505
1 0.755 0.7099567099567099 0.09857142857142853 0.1688311688311689
1 0.8857142857142857 0.5703463203463204 0.09142857142857141 0.17965367965367968
1 0.9328571428571428 0.474025974025974 0.08285714285714285 0.12987012987012986
1 0.8664285714285714 0.3722943722943723 0.0842857142857143 0.1341991341991342
1 0.9607142857142857 0.33333333333333337 0.06714285714285717 0.10389610389610388
1 0.9757142857142858 0.18614718614718614 0.039999999999999925 0.0735930735930736
