1 0.06447124304267161 0.41583333333333333 0.04174397031539889 0.09166666666666667
1 0.099721706864564 0.405 0.04359925788497217 0.09000000000000002
1 0.19573283858998147 0.27 0.024118738404452694 0.04666666666666666
1 0.3181818181818182 0.20750000000000002 0.024118738404452666 0.04500000000000001
1 0.3534322820037106 0.23 0.022263450834879406 0.04666666666666669
1 0.37662337662337664 0.2175 0.027829313543599243 0.05833333333333335
1 0.39424860853432286 0.19416666666666665 0.016697588126159568 0.035
1 0.5171614100185529 0.07166666666666667 0.013914656771799594 0.03333333333333333
1 0.5575139146567718 0.065 0.012987012987012991 0.03
1 0.5547309833024119 0.21 0.029684601113172615 0.06
1 0.6131725417439704 0.2858333333333334 0.0278293135435993 0.065
1 0.577922077922078 0.145 0.024118738404452666 0.05333333333333333
1 0.612708719851577 0.18 0.0287569573283859 0.05666666666666667
1 0.6173469387755102 0.1275 0.023191094619666064 0.04833333333333334
1 0.6512059369202227 0.13666666666666666 0.025974025974025983 0.059999999999999984
1 0.6461038961038961 0.19333333333333333 0.026901669758812585 0.06333333333333335
1 0.6975881261595547 0.18666666666666665 0.024118738404452666 0.03666666666666665
