1 0.0175 0.5549999999999999 0.03166666666666667 0.06500000000000006
1 0.0675 0.5575 0.03833333333333334 0.05499999999999994
1 0.06916666666666667 0.5325 0.021666666666666667 0.050000000000000044
1 0.10833333333333334 0.53125 0.03 0.05249999999999999
1 0.15833333333333333 0.54 0.033333333333333326 0.04500000000000004
1 0.175 0.5237499999999999 0.01999999999999999 0.032500000000000084
1 0.21083333333333332 0.55 0.04166666666666666 0.06500000000000006
1 0.26416666666666666 0.5587500000000001 0.04166666666666663 0.0675
1 0.2633333333333333 0.51 0.026666666666666672 0.040000000000000036
1 0.30166666666666664 0.5349999999999999 0.02999999999999997 0.04500000000000004
1 0.3041666666666667 0.5175000000000001 0.021666666666666667 0.03500000000000003
1 0.3416666666666667 0.55 0.030000000000000027 0.04999999999999993
1 0.3483333333333334 0.52625 0.026666666666666672 0.03750000000000009
1 0.38083333333333336 0.5237499999999999 0.024999999999999967 0.03749999999999998
1 0.4225 0.58375 0.05166666666666664 0.07250000000000001
1 0.3933333333333333 0.55125 0.02999999999999997 0.04749999999999999
1 0.5 0.57625 0.05666666666666664 0.09250000000000003
1 0.46416666666666667 0.5425 0.025000000000000022 0.04499999999999993
1 0.47750000000000004 0.52125 0.024999999999999967 0.03750000000000009
1 0.5416666666666667 0.56125 0.033333333333333326 0.0625
1 0.5308333333333334 0.52125 0.02833333333333332 0.04249999999999998
1 0.6183333333333334 0.5762499999999999 0.039999999999999925 0.057499999999999996
1 0.6125 0.54125 0.03166666666666662 0.05249999999999999
1 0.6491666666666667 0.41500000000000004 0.02499999999999991 0.04999999999999999
1 0.6866666666666666 0.61625 0.050000000000000044 0.09250000000000003
1 0.6975 0.55625 0.02833333333333332 0.05249999999999999
1 0.6716666666666666 0.55125 0.026666666666666727 0.05249999999999999
1 0.7333333333333334 0.5775 0.043333333333333335 0.06499999999999995
1 0.7541666666666667 0.535 0.03166666666666673 0.050000000000000044
1 0.7949999999999999 0.6225 0.05999999999999994 0.09500000000000008
1 0.7933333333333333 0.5487500000000001 0.036666666666666625 0.04749999999999999
1 0.8666666666666667 0.59125 0.046666666666666634 0.0724999999999999
1 0.8441666666666667 0.54875 0.03166666666666662 0.05249999999999999
1 0.9016666666666666 0.5525 0.029999999999999916 0.06000000000000005
1 0.9325 0.55125 0.03166666666666673 0.05249999999999999
1 0.9075 0.44625 0.03500000000000003 0.04749999999999999
