1 0.18435498627630376 0.3244336569579288 0.03751143641354071 0.06957928802588997
1 0.257548032936871 0.3996763754045307 0.04483074107959742 0.0809061488673139
1 0.30100640439158277 0.45550161812297735 0.0475754803293687 0.07928802588996764
1 0.27630375114364136 0.2362459546925566 0.020128087831655983 0.04530744336569578
1 0.3069533394327539 0.2313915857605178 0.017383348581884728 0.035598705501618144
1 0.33623055809698077 0.2289644012944984 0.024702653247941464 0.04368932038834952
1 0.34903934126258007 0.17475728155339804 0.017383348581884728 0.03883495145631069
1 0.36688014638609334 0.1901294498381877 0.014638609332113417 0.0372168284789644
1 0.3778591033851784 0.22572815533980584 0.023787740164684323 0.04045307443365695
1 0.40850869167429094 0.25080906148867316 0.02470265324794141 0.055016181229773475
1 0.38151875571820676 0.1699029126213592 0.016468435498627643 0.035598705501618116
1 0.4162854528819762 0.20550161812297735 0.023787740164684323 0.042071197411003236
1 0.4537968892955169 0.2038834951456311 0.020128087831655983 0.04530744336569578
1 0.43870082342177497 0.1674757281553398 0.013723696248856332 0.030744336569579284
1 0.4240622140896615 0.1593851132686084 0.013723696248856387 0.0372168284789644
1 0.4693504117108875 0.15210355987055016 0.016468435498627643 0.035598705501618144
1 0.4716376944190302 0.11488673139158576 0.015553522415370558 0.029126213592232997
1 0.48810612991765784 0.1423948220064725 0.015553522415370558 0.03236245954692557
1 0.4817017383348582 0.1521035598705502 0.013723696248856387 0.02588996763754045
1 0.48124428179322964 0.18042071197411003 0.018298261665141813 0.03398058252427183
1 0.5009149130832571 0.12378640776699029 0.011893870082342162 0.027508090614886738
1 0.5132662397072278 0.15614886731391586 0.016468435498627643 0.04045307443365695
1 0.5228728270814273 0.12864077669902912 0.015553522415370558 0.04045307443365696
1 0.5361390667886551 0.1318770226537217 0.012808783165599191 0.030744336569579284
1 0.5526075022872827 0.12864077669902912 0.014638609332113472 0.030744336569579298
1 0.5544373284537969 0.06796116504854369 0.010978956999085021 0.02588996763754045
1 0.5974382433668801 0.16262135922330098 0.016468435498627643 0.0372168284789644
1 0.6038426349496797 0.12864077669902912 0.016468435498627643 0.03398058252427183
1 0.6212259835315646 0.12135922330097088 0.012808783165599302 0.02912621359223301
1 0.6317474839890211 0.17718446601941748 0.019213174748398898 0.03398058252427183
1 0.6564501372369624 0.13754045307443363 0.015553522415370558 0.035598705501618116
1 0.6720036596523331 0.12702265372168287 0.011893870082342217 0.02427184466019419
1 0.7108874656907593 0.11407766990291261 0.014638609332113472 0.030744336569579284
1 0.6463860933211345 0.1035598705501618 0.011893870082342106 0.02912621359223301
1 0.6262580054894784 0.061488673139158574 0.017383348581884728 0.02912621359223301
1 0.5530649588289112 0.18446601941747573 0.021043000914913068 0.04854368932038833
1 0.5329368709972553 0.18042071197411003 0.019213174748398898 0.04368932038834952
1 0.5503202195791399 0.23381877022653721 0.02653247941445558 0.056634304207119734
1 0.6171088746569076 0.2516181229773463 0.02470265324794141 0.053398058252427216
1 0.6125343092406221 0.22249190938511326 0.02470265324794152 0.03398058252427183
1 0.6802378774016469 0.22653721682847897 0.019213174748398898 0.04530744336569581
1 0.7063129002744739 0.27103559870550165 0.027447392497712775 0.05339805825242719
1 0.7127172918572735 0.32038834951456313 0.034766697163769344 0.0744336569579288
1 0.7186642268984447 0.22491909385113268 0.02287282708142724 0.03883495145631069
1 0.7232387923147301 0.18689320388349515 0.015553522415370447 0.04045307443365698
1 0.7076852698993596 0.16990291262135923 0.019213174748398898 0.042071197411003236
1 0.7493138151875571 0.18932038834951456 0.020128087831655983 0.04530744336569581
1 0.7301006404391583 0.16666666666666669 0.016468435498627643 0.03883495145631069
1 0.7607502287282708 0.24271844660194175 0.02653247941445569 0.05825242718446602
1 0.7859103385178408 0.3074433656957929 0.031107044830741004 0.06148867313915857
1 0.8270814272644098 0.2702265372168285 0.021957913998170153 0.055016181229773475
1 0.9501372369624885 0.37540453074433655 0.04666056724611167 0.09708737864077671
1 0.9080512351326624 0.3932038834951456 0.02470265324794152 0.058252427184465994
1 0.8838060384263495 0.27346278317152106 0.020128087831655983 0.03883495145631072
1 0.9354986276303752 0.2661812297734628 0.02287282708142724 0.04692556634304207
1 0.9364135407136323 0.20792880258899676 0.021043000914913068 0.04692556634304207
1 0.9460201280878316 0.1755663430420712 0.014638609332113361 0.0372168284789644
1 0.9112534309240623 0.18446601941747573 0.012808783165599302 0.035598705501618144
1 0.9002744739249771 0.18689320388349515 0.018298261665141813 0.03074433656957931
1 0.9030192131747483 0.20631067961165048 0.014638609332113472 0.0372168284789644
1 0.8650503202195792 0.23220064724919093 0.019213174748398898 0.03721682847896443
1 0.8627630375114363 0.18689320388349515 0.016468435498627643 0.0372168284789644
1 0.8316559926806952 0.19336569579288027 0.018298261665141813 0.03398058252427186
1 0.8426349496797805 0.1610032362459547 0.021957913998170153 0.04045307443365698
1 0.8568161024702654 0.15210355987055016 0.015553522415370558 0.03883495145631066
1 0.8243366880146386 0.07524271844660194 0.018298261665141813 0.03398058252427184
1 0.797804208600183 0.13915857605177995 0.014638609332113361 0.02912621359223301
1 0.7955169258920403 0.16828478964401294 0.017383348581884728 0.03883495145631066
1 0.7749313815187557 0.1610032362459547 0.016468435498627643 0.030744336569579284
1 0.7909423604757548 0.23786407766990292 0.02470265324794141 0.04207119741100321
