1 0.293418647166362 0.7911084043848965 0.07861060329067643 0.1425091352009744
1 0.12111517367458866 0.741169305724726 0.07221206581352833 0.11571254567600486
1 0.08912248628884827 0.6930572472594396 0.044789762340036565 0.06577344701583432
1 0.40265082266910424 0.6425091352009744 0.03382084095063981 0.06699147381242387
1 0.46435100548446073 0.6169305724725944 0.0310786106032907 0.047503045066991434
1 0.5063985374771481 0.6254567600487211 0.03473491773308962 0.052375152253349544
1 0.4616087751371115 0.5481120584652862 0.021937842778793404 0.03410475030450666
1 0.5306215722120659 0.5365408038976858 0.013711151736745864 0.030450669914738104
1 0.5744972577696527 0.6199756394640683 0.03564899451553938 0.04872107186358099
1 0.6060329067641681 0.6626065773447016 0.054844606946983565 0.07551766138855054
1 0.6741316270566727 0.646163215590743 0.039305301645338186 0.054811205846528654
1 0.6585923217550274 0.5907429963459196 0.02468007312614262 0.04141291108404388
1 0.6956124314442413 0.5858708891595614 0.02376599634369292 0.03897685749086477
1 0.7184643510054844 0.6071863580998782 0.02376599634369292 0.040194884287454324
1 0.7372029250457038 0.597442143727162 0.02833638025594154 0.037758830694275325
1 0.7568555758683729 0.6278928136419001 0.03290676416819016 0.062119366626065764
1 0.7801645338208409 0.6887941534713764 0.05393053016453386 0.0840438489646772
1 0.876599634369287 0.6534713763702802 0.058500914076782484 0.0767356881851401
1 0.8843692870201096 0.597442143727162 0.046617915904936025 0.062119366626065764
1 0.803473491773309 0.587088915956151 0.03656307129798897 0.0560292326431181
1 0.9401279707495429 0.5992691839220463 0.03747714808043867 0.06090133982947621
1 0.9826325411334552 0.6084043848964678 0.034734917733089565 0.059683313032886764
