1 0.2767857142857143 0.39433962264150946 0.05987394957983194 0.13207547169811323
1 0.3802521008403361 0.5264150943396226 0.07563025210084034 0.1433962264150943
1 0.35136554621848737 0.2169811320754717 0.026260504201680634 0.06037735849056605
1 0.40388655462184875 0.2669811320754717 0.02626050420168069 0.058490566037735836
1 0.42016806722689076 0.21037735849056605 0.021008403361344574 0.03584905660377358
1 0.46691176470588236 0.22830188679245284 0.022058823529411797 0.04150943396226414
1 0.49789915966386555 0.22075471698113208 0.023109243697478965 0.049056603773584895
1 0.5793067226890756 0.2528301886792453 0.024159663865546244 0.05660377358490565
1 0.6397058823529411 0.22830188679245284 0.027310924369747913 0.0641509433962264
1 0.5257352941176471 0.07641509433962264 0.013655462184873901 0.028301886792452824
1 0.5745798319327731 0.11226415094339623 0.01680672268907568 0.028301886792452824
1 0.6024159663865547 0.10943396226415095 0.01575630252100846 0.02264150943396226
1 0.6365546218487395 0.12075471698113208 0.010504201680672343 0.026415094339622636
1 0.6654411764705883 0.10471698113207548 0.01995798319327735 0.02452830188679246
