1 0.07042253521126761 0.3186619718309859 0.07511737089201878 0.10211267605633806
1 0.022300469483568074 0.25880281690140844 0.03990610328638498 0.06690140845070422
1 0.13262910798122066 0.2816901408450704 0.025821596244131453 0.049295774647887314
1 0.24530516431924881 0.2623239436619718 0.030516431924882625 0.05281690140845072
1 0.3626760563380282 0.23943661971830985 0.11502347417840375 0.2112676056338028
1 0.41784037558685444 0.28521126760563376 0.023474178403755874 0.049295774647887314
1 0.45892018779342725 0.2816901408450704 0.02112676056338031 0.04225352112676056
1 0.49295774647887325 0.3063380281690141 0.02347417840375582 0.04225352112676056
1 0.5234741784037559 0.2904929577464789 0.03755868544600949 0.052816901408450745
1 0.5387323943661972 0.26584507042253525 0.021126760563380365 0.031690140845070436
1 0.596244131455399 0.2834507042253521 0.023474178403755874 0.05281690140845069
1 0.6091549295774648 0.2975352112676056 0.021126760563380254 0.03873239436619719
1 0.6561032863849765 0.2834507042253521 0.025821596244131495 0.04577464788732394
1 0.75 0.27112676056338025 0.1338028169014085 0.28169014084507044
1 0.8309859154929577 0.27112676056338025 0.028169014084507005 0.049295774647887314
1 0.8415492957746479 0.3098591549295775 0.039906103286385 0.07042253521126757
1 0.9272300469483568 0.278169014084507 0.032863849765258135 0.056338028169014065
1 0.9894366197183099 0.2975352112676056 0.021126760563380254 0.04577464788732394
