1 0.11374999999999999 0.44833333333333336 0.0725 0.1166666666666667
1 0.03125 0.425 0.052500000000000005 0.07666666666666666
1 0.265 0.41833333333333333 0.06999999999999998 0.08999999999999997
1 0.21875 0.35333333333333333 0.03749999999999998 0.06666666666666665
1 0.26625 0.3566666666666667 0.04249999999999998 0.06
1 0.35625 0.36 0.057499999999999996 0.08000000000000002
1 0.33125 0.315 0.03749999999999998 0.050000000000000044
1 0.1825 0.3616666666666667 0.04000000000000001 0.0633333333333333
1 0.1375 0.36333333333333334 0.045 0.06666666666666665
1 0.08875 0.33166666666666667 0.0325 0.050000000000000044
1 0.06625 0.26666666666666666 0.0325 0.033333333333333326
1 0.08499999999999999 0.21666666666666667 0.02500000000000001 0.033333333333333326
1 0.0325 0.31166666666666665 0.020000000000000004 0.03666666666666668
1 0.06125 0.32999999999999996 0.027499999999999997 0.04666666666666669
1 0.11374999999999999 0.30833333333333335 0.022500000000000006 0.043333333333333335
1 0.10625 0.28 0.027499999999999997 0.03999999999999998
1 0.02375 0.2616666666666667 0.0325 0.03666666666666668
1 0.036250000000000004 0.21500000000000002 0.0225 0.03
1 0.18875 0.29666666666666663 0.027500000000000024 0.03999999999999998
1 0.15375 0.275 0.02250000000000002 0.03666666666666668
1 0.22499999999999998 0.2683333333333333 0.024999999999999994 0.02999999999999997
1 0.245 0.20500000000000002 0.020000000000000018 0.03
1 0.27875 0.21 0.01749999999999996 0.026666666666666672
1 0.27749999999999997 0.28 0.024999999999999967 0.03999999999999998
1 0.27249999999999996 0.31 0.024999999999999967 0.046666666666666634
1 0.3275 0.2733333333333333 0.030000000000000027 0.03999999999999998
1 0.3375 0.195 0.019999999999999962 0.03666666666666668
1 0.32375 0.20666666666666667 0.017500000000000016 0.033333333333333326
1 0.37625 0.20666666666666667 0.02250000000000002 0.033333333333333326
1 0.40625 0.19333333333333336 0.022499999999999964 0.04000000000000001
1 0.4425 0.3466666666666667 0.04500000000000004 0.08000000000000002
1 0.43125 0.30666666666666664 0.027500000000000024 0.04666666666666669
1 0.39875 0.30833333333333335 0.03249999999999997 0.04999999999999999
1 0.395 0.2633333333333333 0.02999999999999997 0.04666666666666669
1 0.4325 0.255 0.030000000000000027 0.043333333333333335
1 0.45125000000000004 0.2633333333333333 0.027500000000000024 0.03999999999999998
1 0.48125 0.2833333333333333 0.02749999999999997 0.046666666666666634
1 0.50875 0.32166666666666666 0.03749999999999998 0.07
1 0.51875 0.27 0.02749999999999997 0.04666666666666666
1 0.48375 0.185 0.02250000000000002 0.03666666666666668
1 0.44 0.2033333333333333 0.025000000000000022 0.04000000000000001
1 0.5387500000000001 0.245 0.02749999999999997 0.043333333333333335
1 0.5525 0.29 0.02499999999999991 0.053333333333333344
1 0.54625 0.17833333333333334 0.02750000000000008 0.043333333333333335
1 0.5800000000000001 0.20333333333333334 0.025000000000000022 0.033333333333333326
1 0.605 0.20666666666666667 0.025000000000000022 0.03999999999999998
1 0.5900000000000001 0.25333333333333335 0.03500000000000003 0.04666666666666666
1 0.5874999999999999 0.30333333333333334 0.03500000000000003 0.053333333333333344
1 0.6325000000000001 0.2833333333333333 0.039999999999999925 0.053333333333333344
1 0.65125 0.2683333333333333 0.03249999999999997 0.0566666666666667
1 0.66625 0.24 0.02750000000000008 0.04000000000000001
1 0.6475 0.175 0.025000000000000022 0.03666666666666665
1 0.6950000000000001 0.255 0.019999999999999907 0.043333333333333335
1 0.7175 0.24 0.025000000000000022 0.04000000000000001
1 0.71625 0.18 0.022500000000000075 0.033333333333333326
1 0.7575000000000001 0.18166666666666664 0.025000000000000022 0.03
1 0.5625 0.5966666666666667 0.10499999999999998 0.16666666666666674
1 0.6925 0.4833333333333334 0.07000000000000006 0.11333333333333334
1 0.74 0.5733333333333333 0.11499999999999999 0.18666666666666665
1 0.80125 0.4683333333333333 0.08750000000000002 0.13
1 0.70375 0.4066666666666666 0.09250000000000003 0.09333333333333332
1 0.7525 0.34833333333333333 0.05500000000000005 0.07666666666666666
1 0.8275 0.34833333333333333 0.04499999999999993 0.08999999999999997
1 0.8674999999999999 0.3733333333333333 0.06999999999999995 0.10000000000000003
1 0.915 0.3666666666666667 0.04500000000000004 0.08000000000000002
1 0.97875 0.5666666666666667 0.04249999999999998 0.16666666666666669
1 0.98 0.45499999999999996 0.040000000000000036 0.11666666666666664
1 0.9199999999999999 0.30833333333333335 0.039999999999999925 0.06333333333333335
1 0.95375 0.31 0.03249999999999997 0.06666666666666665
1 0.9675 0.275 0.03500000000000003 0.05666666666666667
1 0.99 0.245 0.015000000000000013 0.043333333333333335
1 0.97125 0.225 0.022500000000000075 0.043333333333333335
1 0.925 0.26 0.029999999999999916 0.040000000000000036
1 0.89125 0.2816666666666667 0.03249999999999997 0.06333333333333335
1 0.8525 0.275 0.03500000000000003 0.0633333333333333
1 0.82375 0.19 0.03249999999999997 0.04666666666666669
1 0.88125 0.17666666666666667 0.022499999999999964 0.03999999999999998
1 0.9375 0.18166666666666667 0.020000000000000018 0.03666666666666668
