1 0.08857142857142858 0.45238095238095244 0.07142857142857142 0.10095238095238096
1 0.042142857142857135 0.4066666666666667 0.044285714285714275 0.06285714285714283
1 0.020714285714285713 0.3628571428571429 0.03857142857142857 0.06285714285714289
1 0.18285714285714286 0.5314285714285715 0.08857142857142858 0.12571428571428572
1 0.36214285714285716 0.5266666666666667 0.0814285714285714 0.1085714285714286
1 0.24214285714285716 0.44761904761904764 0.061428571428571416 0.09142857142857141
1 0.18642857142857144 0.42095238095238097 0.05000000000000002 0.0761904761904762
1 0.1442857142857143 0.3742857142857143 0.054285714285714284 0.07047619047619047
1 0.28285714285714286 0.38285714285714284 0.040000000000000036 0.053333333333333344
1 0.3135714285714286 0.42000000000000004 0.05857142857142855 0.05904761904761907
1 0.3857142857142857 0.4571428571428572 0.06 0.0761904761904762
1 0.36 0.3933333333333333 0.03999999999999998 0.06285714285714289
1 0.42928571428571427 0.4285714285714286 0.04428571428571426 0.06476190476190474
1 0.5107142857142857 0.5104761904761905 0.07 0.0876190476190476
1 0.6407142857142857 0.5180952380952382 0.06714285714285717 0.0876190476190476
1 0.5228571428571429 0.46 0.042857142857142816 0.06666666666666665
1 0.46571428571428575 0.39809523809523806 0.03142857142857142 0.060952380952380925
1 0.5221428571428572 0.41333333333333333 0.03857142857142859 0.053333333333333344
1 0.5442857142857143 0.43333333333333335 0.03428571428571425 0.047619047619047616
1 0.6078571428571429 0.43714285714285717 0.03857142857142859 0.05523809523809525
1 0.6057142857142856 0.40095238095238095 0.039999999999999925 0.051428571428571435
1 0.6464285714285714 0.4523809523809524 0.055714285714285716 0.07047619047619047
1 0.6799999999999999 0.4314285714285714 0.03142857142857147 0.047619047619047616
1 0.6835714285714285 0.41047619047619044 0.024285714285714355 0.047619047619047616
1 0.7242857142857143 0.4571428571428572 0.037142857142857144 0.060952380952380925
1 0.7678571428571428 0.5066666666666666 0.05857142857142861 0.07999999999999996
1 0.7614285714285713 0.44857142857142857 0.03142857142857147 0.0552380952380952
1 0.7514285714285714 0.4114285714285714 0.03142857142857136 0.053333333333333344
1 0.8164285714285715 0.39904761904761904 0.04142857142857148 0.059047619047619015
1 0.8257142857142856 0.44952380952380955 0.0485714285714286 0.06857142857142856
1 0.875 0.5095238095238095 0.06142857142857139 0.10476190476190478
1 0.9442857142857143 0.5276190476190477 0.04857142857142849 0.0876190476190476
1 0.96 0.4828571428571429 0.037142857142857144 0.07047619047619041
1 0.9192857142857143 0.4523809523809524 0.04714285714285715 0.07428571428571429
1 0.8814285714285715 0.4419047619047619 0.037142857142857144 0.05714285714285716
