1 0.20156555772994128 0.4343257443082312 0.0410958904109589 0.08056042031523647
1 0.2964774951076321 0.2329246935201401 0.023483365949119372 0.03852889667250439
1 0.31066536203522505 0.23117338003502624 0.022504892367906093 0.03502626970227671
1 0.410958904109589 0.24605954465849386 0.019569471624266144 0.043782837127845864
1 0.42563600782778865 0.159369527145359 0.021526418786692758 0.038528896672504365
1 0.47309197651663404 0.15674255691768826 0.016634050880626194 0.040280210157618235
1 0.49951076320939336 0.15148861646234676 0.01663405088062625 0.03677758318739055
1 0.4892367906066536 0.1777583187390543 0.019569471624266144 0.033274956217162865
1 0.6981409001956947 0.06742556917688267 0.014677103718199636 0.029772329246935195
1 0.557729941291585 0.19089316987740806 0.019569471624266144 0.03852889667250439
1 0.6369863013698631 0.26357267950963226 0.0273972602739726 0.05078809106830123
1 0.7353228962818004 0.23292469352014009 0.018590998043052864 0.05253940455341505
1 0.9060665362035225 0.20140105078809106 0.017612524461839474 0.03502626970227671
1 0.9432485322896282 0.20928196147110334 0.017612524461839585 0.03677758318739052
1 0.899706457925636 0.23380035026269702 0.022504892367906093 0.04028021015761821
1 0.9315068493150684 0.2591943957968476 0.019569471624266144 0.045534150612959706
1 0.43052837573385516 0.1584938704028021 0.015655577299412915 0.033274956217162865
