1 0.1127659574468085 0.10155038759689923 0.11914893617021277 0.17209302325581396
1 0.30159574468085104 0.2310077519379845 0.09893617021276596 0.12713178294573646
1 0.20797872340425533 0.23255813953488372 0.022340425531914898 0.04031007751937982
1 0.4303191489361702 0.27209302325581397 0.06489361702127655 0.09767441860465115
1 0.4734042553191489 0.2744186046511628 0.04042553191489362 0.08062015503875966
1 0.5170212765957447 0.29534883720930233 0.042553191489361764 0.07906976744186045
1 0.5579787234042553 0.31550387596899226 0.028723404255319163 0.05736434108527133
1 0.600531914893617 0.3302325581395349 0.030851063829787195 0.06511627906976747
1 0.6670212765957446 0.34031007751937986 0.02765957446808509 0.054263565891472854
1 0.6978723404255319 0.3813953488372093 0.02127659574468077 0.037209302325581395
1 0.7276595744680852 0.3875968992248062 0.019148936170212738 0.031007751937984496
1 0.751595744680851 0.3930232558139535 0.018085106382978666 0.035658914728682156
1 0.7691489361702127 0.39689922480620154 0.017021276595744705 0.027906976744186074
1 0.7882978723404255 0.4 0.017021276595744594 0.02790697674418602
1 0.9308510638297873 0.25426356589147286 0.05319148936170215 0.06821705426356592
