1 0.156 0.4747191011235955 0.08800000000000001 0.14606741573033705
1 0.038000000000000006 0.3918539325842697 0.052000000000000005 0.08707865168539325
1 0.073 0.3946629213483146 0.042 0.0814606741573034
1 0.104 0.4101123595505618 0.027999999999999997 0.0449438202247191
1 0.1 0.3764044943820225 0.024000000000000007 0.039325842696629254
1 0.206 0.5042134831460674 0.06 0.11516853932584276
1 0.25 0.4985955056179775 0.05200000000000002 0.08146067415730335
1 0.306 0.4901685393258427 0.04400000000000004 0.06460674157303375
1 0.403 0.4817415730337079 0.033999999999999975 0.05898876404494385
1 0.257 0.4002808988764045 0.02200000000000002 0.0365168539325843
1 0.195 0.3890449438202247 0.021999999999999992 0.030898876404494346
1 0.172 0.3862359550561798 0.023999999999999994 0.030898876404494346
1 0.267 0.44662921348314605 0.02999999999999997 0.0449438202247191
1 0.344 0.4845505617977528 0.03999999999999998 0.05337078651685395
1 0.359 0.45224719101123595 0.033999999999999975 0.0393258426966292
1 0.34099999999999997 0.4030898876404494 0.02999999999999997 0.04213483146067415
1 0.31 0.41713483146067415 0.02400000000000002 0.030898876404494402
1 0.301 0.3890449438202247 0.02200000000000002 0.03651685393258425
1 0.395 0.425561797752809 0.02200000000000002 0.030898876404494402
1 0.40800000000000003 0.4030898876404494 0.023999999999999966 0.03651685393258425
1 0.451 0.4691011235955056 0.030000000000000027 0.0393258426966292
1 0.428 0.4438202247191011 0.02400000000000002 0.03370786516853935
1 0.46099999999999997 0.4438202247191011 0.021999999999999964 0.02808988764044945
1 0.475 0.42696629213483145 0.021999999999999964 0.0393258426966292
1 0.454 0.4185393258426966 0.016000000000000014 0.02247191011235955
1 0.494 0.4915730337078652 0.04400000000000004 0.05056179775280906
1 0.492 0.5365168539325842 0.06 0.0561797752808989
1 0.516 0.5617977528089888 0.08000000000000007 0.06179775280898869
1 0.546 0.627808988764045 0.10799999999999998 0.1320224719101123
1 0.5740000000000001 0.5463483146067416 0.039999999999999925 0.0589887640449438
1 0.527 0.4592696629213483 0.030000000000000027 0.04213483146067415
1 0.538 0.4311797752808989 0.028000000000000025 0.03651685393258425
1 0.498 0.44241573033707865 0.020000000000000018 0.030898876404494402
1 0.575 0.4648876404494382 0.029999999999999916 0.042134831460674205
1 0.616 0.48174157303370785 0.03200000000000003 0.053370786516853896
1 0.634 0.449438202247191 0.02400000000000002 0.0393258426966292
1 0.606 0.4536516853932584 0.02400000000000002 0.04213483146067415
1 0.648 0.5126404494382022 0.03600000000000003 0.047752808988764106
1 0.685 0.49157303370786515 0.041999999999999926 0.0730337078651685
1 0.733 0.5337078651685393 0.062000000000000055 0.07303370786516855
1 0.6930000000000001 0.4550561797752809 0.03399999999999992 0.050561797752809
1 0.8380000000000001 0.5646067415730337 0.08399999999999996 0.0898876404494382
1 0.919 0.5561797752808989 0.09399999999999997 0.12921348314606745
