1 0.16852367688022285 0.34808013355592654 0.03621169916434541 0.06510851419031716
1 0.15784586815227483 0.37061769616026713 0.029712163416898807 0.06010016694490816
1 0.25951717734447544 0.2871452420701168 0.015784586815227486 0.03672787979966613
1 0.30919220055710306 0.24791318864774625 0.01857010213556176 0.035058430717863104
1 0.29619312906220985 0.27462437395659434 0.01671309192200554 0.035058430717863076
1 0.3361188486536676 0.2871452420701168 0.02228412256267409 0.04006677796327213
1 0.3342618384401114 0.21702838063439064 0.01299907149489321 0.026711185308848084
1 0.34726090993500464 0.21869782971619367 0.014856081708449431 0.026711185308848057
1 0.35376044568245124 0.24791318864774625 0.01671309192200554 0.03171953255425711
1 0.3820798514391829 0.21452420701168615 0.019498607242339816 0.041736227045075125
1 0.40807799442896936 0.17529215358931552 0.01578458681522743 0.026711185308848084
1 0.42339832869080785 0.1894824707846411 0.020427112349117926 0.035058430717863104
1 0.42618384401114207 0.2278797996661102 0.020427112349117926 0.04507512520868112
1 0.4521819870009285 0.23038397328881471 0.01857010213556176 0.0367278797996661
1 0.47168059424326836 0.25792988313856424 0.025998142989786477 0.04507512520868112
1 0.44800371402042716 0.19365609348914858 0.019498607242339816 0.033388981636060105
1 0.45357474466109565 0.17863105175292154 0.01764159702878365 0.03005008347245408
1 0.4651810584958217 0.16110183639398998 0.012999071494893266 0.028380634390651083
1 0.48003714020427113 0.19365609348914858 0.02228412256267409 0.04006677796327213
1 0.5143918291550604 0.21452420701168615 0.02228412256267409 0.03839732888146913
1 0.48328690807799446 0.1335559265442404 0.012070566388115156 0.02671118530884807
1 0.5088207985143918 0.15776293823038395 0.02042711234911787 0.035058430717863104
1 0.5389972144846796 0.1310517529215359 0.013927576601671321 0.028380634390651083
1 0.5566388115134633 0.1327212020033389 0.013927576601671321 0.028380634390651083
1 0.5501392757660166 0.16193656093489148 0.01949860724233987 0.04006677796327213
1 0.5663881151346333 0.1669449081803005 0.02042711234911787 0.03672787979966613
1 0.5701021355617456 0.1327212020033389 0.01671309192200554 0.03171953255425708
1 0.6146703806870938 0.14774624373956596 0.020427112349117982 0.035058430717863104
1 0.5928505106778088 0.12353923205342238 0.01578458681522743 0.030050083472454095
1 0.5923862581244197 0.1010016694490818 0.01485608170844932 0.028380634390651083
1 0.6053853296193129 0.0667779632721202 0.012999071494893322 0.026711185308848077
1 0.6323119777158774 0.07679465776293823 0.01671309192200554 0.0333889816360601
1 0.6634168987929434 0.07095158597662772 0.01578458681522743 0.02838063439065109
1 0.4856081708449396 0.3063439065108514 0.02971216341689875 0.05175292153589317
1 0.5324976787372331 0.3530884808013356 0.02692664809656453 0.04841402337228712
1 0.5654596100278552 0.24874791318864775 0.020427112349117982 0.046744574290484175
1 0.6035283194057568 0.27212020033388984 0.02228412256267409 0.05008347245409012
1 0.6327762302692665 0.20868113522537562 0.02506963788300831 0.04674457429048412
1 0.659702878365831 0.21535893155258765 0.021355617455896092 0.05008347245409017
1 0.6624883936861652 0.18363939899833054 0.01949860724233987 0.0367278797996661
1 0.6866295264623956 0.15442404006677796 0.01764159702878365 0.035058430717863104
1 0.692200557103064 0.1911519198664441 0.01764159702878365 0.0383973288814691
1 0.6857010213556175 0.22036727879799667 0.0232126276694522 0.04006677796327213
1 0.6541318477251625 0.3030050083472454 0.02692664809656453 0.05175292153589317
1 0.5933147632311977 0.3564273789649416 0.03156917363045497 0.06844741235392321
1 0.6629526462395543 0.3639398998330551 0.03156917363045497 0.07011686143572621
1 0.7279480037140205 0.2879799666110184 0.027855153203342642 0.058430717863105164
1 0.7516248839368617 0.2671118530884808 0.0232126276694522 0.050083472454090144
1 0.7428040854224698 0.18447412353923204 0.01857010213556176 0.0383973288814691
1 0.7223769730733518 0.17278797996661102 0.02228412256267409 0.03839732888146913
1 0.7441968430826369 0.14774624373956596 0.01764159702878365 0.03171953255425711
1 0.7363045496750231 0.1293823038397329 0.014856081708449431 0.03171953255425709
1 0.754410399257196 0.171118530884808 0.01764159702878365 0.035058430717863104
1 0.7646239554317549 0.1327212020033389 0.017641597028783762 0.041736227045075125
1 0.7776230269266481 0.12520868113522537 0.013927576601671321 0.04006677796327213
1 0.7906220984215413 0.14858096828046746 0.013927576601671321 0.033388981636060105
1 0.8026926648096564 0.14607679465776294 0.01392757660167121 0.028380634390651083
1 0.786908077994429 0.19616026711185308 0.01949860724233976 0.03839732888146913
1 0.8022284122562675 0.25041736227045075 0.02228412256267409 0.05342237061769617
1 0.7827298050139275 0.31636060100166946 0.024141132776230312 0.05175292153589317
1 0.819870009285051 0.162771285475793 0.014856081708449431 0.035058430717863104
1 0.829619312906221 0.1435726210350584 0.01392757660167121 0.0367278797996661
1 0.8430826369545033 0.14691151919866444 0.01671309192200554 0.03005008347245408
1 0.8579387186629526 0.15275459098497496 0.014856081708449431 0.03505843071786313
1 0.8467966573816156 0.17696160267111855 0.020427112349117982 0.04340567612687815
1 0.8658310120705663 0.24457429048414023 0.01949860724233987 0.041736227045075125
1 0.882079851439183 0.18196994991652754 0.02042711234911787 0.04674457429048415
1 0.8922934076137419 0.13939899833055092 0.012999071494893322 0.028380634390651083
1 0.8556174558960075 0.1327212020033389 0.0120705663881151 0.025041736227045072
1 0.9229340761374187 0.15859766277128548 0.011142061281337101 0.03005008347245408
1 0.9192200557103064 0.2020033388981636 0.01671309192200554 0.04006677796327213
1 0.9094707520891365 0.2871452420701169 0.0232126276694522 0.05342237061769617
1 0.8857938718662952 0.17529215358931552 0.014856081708449431 0.04006677796327213
