1 0.2799263351749539 0.19150641025641024 0.020257826887661146 0.03685897435897437
1 0.30570902394106814 0.19150641025641024 0.018416206261510082 0.03365384615384617
1 0.30248618784530384 0.2203525641025641 0.01933701657458564 0.03685897435897437
1 0.3314917127071823 0.3028846153846154 0.036832412523020275 0.07051282051282054
1 0.520718232044199 0.16666666666666669 0.02117863720073665 0.051282051282051294
1 0.5722836095764272 0.1346153846153846 0.024861878453038666 0.044871794871794865
1 0.5824125230202578 0.2988782051282051 0.03959484346224684 0.08493589743589747
1 0.6597605893186004 0.25240384615384615 0.028545119705340793 0.05929487179487178
1 0.6459484346224678 0.25 0.02117863720073665 0.05769230769230771
1 0.6178637200736647 0.15064102564102563 0.02209944751381221 0.04487179487179488
1 0.6316758747697975 0.12740384615384615 0.016574585635359074 0.03685897435897437
1 0.6961325966850829 0.2171474358974359 0.027624309392265234 0.04967948717948717
1 0.7582872928176796 0.28125 0.023020257826887658 0.049679487179487225
1 0.751841620626151 0.2387820512820513 0.01933701657458564 0.041666666666666685
