1 0.15373831775700936 0.36650082918739635 0.030841121495327112 0.06301824212271978
1 0.16869158878504673 0.3490878938640133 0.03831775700934581 0.07462686567164178
1 0.2588785046728972 0.2893864013266998 0.0205607476635514 0.03150912106135989
1 0.3102803738317757 0.2603648424543947 0.020560747663551426 0.04311774461028192
1 0.29813084112149535 0.2786069651741293 0.01869158878504673 0.03648424543946932
1 0.34392523364485983 0.269485903814262 0.02056074766355137 0.044776119402985065
1 0.33504672897196264 0.21890547263681592 0.017757009345794383 0.03648424543946932
1 0.347196261682243 0.2197346600331675 0.017757009345794383 0.03482587064676618
1 0.358411214953271 0.2404643449419569 0.015887850467289744 0.033167495854063006
1 0.3747663551401869 0.23051409618573798 0.016822429906542036 0.039800995024875635
1 0.38317757009345793 0.2023217247097844 0.016822429906542036 0.03648424543946932
1 0.40841121495327104 0.17578772802653397 0.014953271028037396 0.02985074626865672
1 0.42429906542056073 0.19237147595356552 0.01682242990654209 0.033167495854063006
1 0.4285046728971963 0.23051409618573798 0.019626168224299023 0.039800995024875635
1 0.4546728971962617 0.2330016583747927 0.02149532710280372 0.04809286898839138
1 0.4733644859813084 0.25538971807628524 0.030841121495327084 0.04975124378109452
1 0.4485981308411215 0.19402985074626866 0.01495327102803734 0.02985074626865672
1 0.45186915887850465 0.17827529021558874 0.014018691588785048 0.03150912106135986
1 0.46635514018691593 0.16417910447761191 0.014953271028037396 0.02985074626865672
1 0.4733644859813084 0.1932006633499171 0.015887850467289744 0.03150912106135986
1 0.4873831775700935 0.19402985074626866 0.017757009345794383 0.02985074626865672
1 0.48364485981308414 0.13681592039800994 0.012149532710280353 0.021558872305140947
1 0.5102803738317757 0.15920398009950248 0.01495327102803734 0.02985074626865672
1 0.516822429906542 0.2131011608623549 0.01869158878504673 0.03150912106135989
1 0.538785046728972 0.13266998341625208 0.014018691588784993 0.02653399668325042
1 0.5649532710280374 0.16998341625207297 0.021495327102803774 0.04145936981757878
1 0.5457943925233645 0.16583747927031509 0.01495327102803734 0.03648424543946932
1 0.5817757009345794 0.14013266998341625 0.014018691588784993 0.028192371475953548
1 0.6172897196261682 0.15339966832504148 0.015887850467289688 0.03150912106135986
1 0.5939252336448598 0.12603648424543948 0.012149532710280297 0.02653399668325042
1 0.5939252336448598 0.10033167495854063 0.015887850467289688 0.02487562189054726
1 0.611214953271028 0.06301824212271974 0.01495327102803734 0.026533996683250412
1 0.6504672897196262 0.07711442786069651 0.01495327102803734 0.03150912106135986
1 0.6710280373831776 0.07296849087893864 0.013084112149532756 0.02985074626865672
1 0.6434579439252337 0.10530679933665008 0.014018691588785104 0.024875621890547275
1 0.48411214953271026 0.3043117744610282 0.028037383177570097 0.04477611940298509
1 0.5341121495327104 0.35074626865671643 0.028971962616822444 0.04477611940298509
1 0.5668224299065421 0.25373134328358204 0.01962616822429908 0.03980099502487561
1 0.6046728971962617 0.2728026533996683 0.020560747663551426 0.05140961857379764
1 0.5967289719626168 0.357379767827529 0.028971962616822444 0.06135986733001658
1 0.6668224299065421 0.36650082918739635 0.028971962616822333 0.06965174129353235
1 0.6570093457943925 0.3117744610281924 0.024299065420560817 0.04643449419568818
1 0.6355140186915889 0.21144278606965175 0.024299065420560706 0.04809286898839138
1 0.6621495327102804 0.21724709784411278 0.019626168224298968 0.04311774461028192
1 0.6663551401869159 0.18490878938640132 0.016822429906542036 0.03482587064676618
1 0.6925233644859813 0.19237147595356552 0.016822429906542036 0.03648424543946932
1 0.6883177570093458 0.15754560530679934 0.015887850467289688 0.03648424543946932
1 0.6901869158878504 0.22636815920398012 0.021495327102803663 0.04145936981757878
1 0.7177570093457943 0.2960199004975125 0.02242990654205601 0.058043117744610295
1 0.7887850467289719 0.3150912106135987 0.028037383177570097 0.05970149253731344
1 0.7546728971962617 0.26616915422885573 0.02336448598130836 0.051409618573797694
1 0.8093457943925233 0.26616915422885573 0.02242990654205601 0.051409618573797694
1 0.9149532710280374 0.2935323383084577 0.024299065420560817 0.05306799336650081
1 0.8714953271028038 0.24792703150912104 0.017757009345794383 0.044776119402985065
1 0.7901869158878505 0.19651741293532338 0.01962616822429908 0.04145936981757878
1 0.758411214953271 0.17495854063018243 0.015887850467289688 0.03482587064676618
1 0.7425233644859813 0.18739635157545603 0.017757009345794383 0.02985074626865672
1 0.7252336448598131 0.17081260364842454 0.014953271028037451 0.02985074626865669
1 0.7200934579439253 0.148424543946932 0.012149532710280408 0.02487562189054726
1 0.7378504672897197 0.13349917081260365 0.014018691588785104 0.03482587064676618
1 0.7485981308411215 0.14759535655058043 0.016822429906542036 0.033167495854063034
1 0.766822429906542 0.13681592039800994 0.014018691588784993 0.03482587064676616
1 0.780841121495327 0.1285240464344942 0.012149532710280408 0.03150912106135988
1 0.794392523364486 0.1451077943615257 0.013084112149532645 0.038142620232172464
1 0.8065420560747663 0.14427860696517414 0.01121495327102806 0.026533996683250433
1 0.8200934579439252 0.16500829187396351 0.012149532710280408 0.03150912106135989
1 0.8397196261682243 0.17827529021558874 0.012149532710280408 0.03150912106135986
1 0.8369158878504672 0.148424543946932 0.0158878504672898 0.03150912106135986
1 0.8602803738317757 0.15920398009950248 0.014018691588784993 0.033167495854063034
1 0.8598130841121495 0.13598673300165837 0.013084112149532645 0.02985074626865672
1 0.8799065420560748 0.18739635157545603 0.017757009345794383 0.039800995024875635
1 0.8892523364485981 0.17661691542288557 0.015887850467289688 0.03150912106135989
1 0.8962616822429907 0.14344941956882257 0.01121495327102806 0.028192371475953576
1 0.9252336448598131 0.20812603648424544 0.016822429906542036 0.038142620232172464
1 0.9289719626168225 0.16334991708126034 0.013084112149532756 0.03150912106135986
