1 0.9332 0.15048543689320387 0.015199999999999991 0.031900138696255215
1 0.906 0.12413314840499307 0.01200000000000001 0.029126213592232997
1 0.896 0.1463245492371706 0.014399999999999968 0.031900138696255215
1 0.8916 0.17406380027739252 0.018400000000000083 0.03467406380027738
1 0.9219999999999999 0.20180305131761445 0.013599999999999945 0.034674063800277405
1 0.9404 0.2552011095700416 0.018399999999999972 0.04715672676837723
1 0.9072 0.21636615811373094 0.014399999999999968 0.0360610263522885
1 0.9132 0.3294036061026352 0.020000000000000018 0.059639389736477144
1 0.8844 0.470873786407767 0.02639999999999998 0.06518723994452147
1 0.8815999999999999 0.24410540915395285 0.019199999999999995 0.05270457697642164
1 0.8384 0.3148404993065187 0.02400000000000002 0.06380027739251043
1 0.8172 0.3786407766990291 0.028000000000000025 0.07489597780859913
1 0.8284 0.23439667128987518 0.016800000000000037 0.04438280166435507
1 0.8644000000000001 0.21012482662968102 0.018400000000000083 0.040221914008321785
1 0.8655999999999999 0.13661581137309292 0.011199999999999988 0.023578363384188616
1 0.87 0.12482662968099861 0.010399999999999965 0.0277392510402219
1 0.8484 0.18446601941747573 0.013599999999999945 0.03328710124826628
1 0.8524 0.1581137309292649 0.01200000000000001 0.02773925104022193
1 0.8404 0.11927877947295423 0.010399999999999965 0.024965325936199725
1 0.8316 0.13661581137309292 0.01200000000000001 0.029126213592232997
1 0.8240000000000001 0.15117891816920942 0.01759999999999995 0.03328710124826631
1 0.8056 0.17753120665742025 0.014399999999999968 0.03606102635228847
1 0.7688 0.2884882108183079 0.02400000000000002 0.05270457697642167
1 0.748 0.24826629680998613 0.02079999999999993 0.04438280166435504
1 0.776 0.19902912621359223 0.019199999999999995 0.03744798890429957
1 0.8092 0.11789181692094314 0.01200000000000001 0.027739251040221916
1 0.78 0.10194174757281554 0.014399999999999968 0.0319001386962552
1 0.78 0.1435506241331484 0.014399999999999968 0.029126213592233025
1 0.7644 0.13245492371705964 0.015199999999999991 0.026352288488210807
1 0.7568 0.1685159500693481 0.014399999999999968 0.034674063800277405
1 0.7387999999999999 0.13730929264909847 0.015199999999999991 0.0277392510402219
1 0.732 0.12482662968099861 0.012799999999999923 0.0277392510402219
1 0.7163999999999999 0.13522884882108183 0.013599999999999945 0.029126213592232997
1 0.7272000000000001 0.1796116504854369 0.019199999999999995 0.04022191400832176
1 0.7132000000000001 0.16227461858529818 0.015199999999999991 0.03328710124826631
1 0.6868 0.10610263522884883 0.010399999999999965 0.02357836338418863
1 0.7092 0.21359223300970875 0.018400000000000083 0.04993065187239945
1 0.6812 0.20527045769764218 0.016800000000000037 0.04160887656033288
1 0.688 0.18446601941747573 0.015999999999999903 0.03883495145631066
1 0.644 0.09015256588072122 0.009600000000000053 0.02219140083217752
1 0.2828 0.27461858529819694 0.020000000000000018 0.04160887656033285
1 0.3136 0.22052704576976423 0.014399999999999968 0.03328710124826631
1 0.3372 0.2524271844660194 0.018399999999999972 0.04438280166435504
1 0.3456 0.20873786407766992 0.014400000000000024 0.031900138696255215
1 0.35960000000000003 0.2184466019417476 0.015200000000000047 0.040221914008321785
1 0.3712 0.22330097087378642 0.01599999999999996 0.0360610263522885
1 0.3628 0.26629680998613037 0.018399999999999972 0.03883495145631066
1 0.38639999999999997 0.27739251040221913 0.020799999999999985 0.04438280166435504
1 0.396 0.2170596393897365 0.017600000000000005 0.034674063800277405
1 0.42 0.180998613037448 0.016000000000000014 0.03190013869625519
1 0.43 0.21497919556171985 0.015199999999999991 0.03883495145631069
1 0.4464 0.16088765603328709 0.011199999999999988 0.02496532593619974
1 0.4548 0.18793342579750347 0.015199999999999991 0.03467406380027738
1 0.4656 0.1393897364771151 0.011199999999999988 0.029126213592232997
1 0.4864 0.21636615811373094 0.016000000000000014 0.03883495145631069
1 0.4876 0.1955617198335645 0.015199999999999991 0.03328710124826628
1 0.484 0.1317614424410541 0.009599999999999997 0.02496532593619971
1 0.4888 0.14909847434119278 0.011199999999999988 0.031900138696255215
1 0.5076 0.1262135922330097 0.010400000000000076 0.02496532593619971
1 0.5056 0.15603328710124825 0.009599999999999942 0.031900138696255215
1 0.5176000000000001 0.15117891816920942 0.011199999999999988 0.03051317614424412
1 0.5272 0.13245492371705964 0.012799999999999923 0.03190013869625519
1 0.612 0.0984743411927878 0.012799999999999923 0.027739251040221916
1 0.6612 0.11719833564493759 0.015199999999999991 0.02357836338418863
1 0.6544 0.14008321775312066 0.014399999999999968 0.03328710124826631
1 0.6052 0.24826629680998613 0.020000000000000018 0.04993065187239942
1 0.6084 0.2011095700416089 0.019999999999999907 0.04715672676837726
1 0.6748000000000001 0.26144244105409153 0.0232 0.05131761442441052
1 0.6164000000000001 0.3252427184466019 0.02959999999999996 0.059639389736477144
1 0.5388 0.2829403606102635 0.0232 0.05270457697642161
1 0.5648 0.23855755894590847 0.02400000000000002 0.05270457697642164
1 0.542 0.16296809986130373 0.015199999999999991 0.034674063800277405
1 0.556 0.13800277392510402 0.012800000000000034 0.03190013869625519
1 0.5700000000000001 0.16782246879334256 0.016800000000000037 0.03328710124826631
1 0.5640000000000001 0.10332871012482664 0.012800000000000034 0.01803051317614425
1 0.5652 0.12343966712898752 0.01200000000000001 0.02496532593619971
1 0.5848 0.10887656033287102 0.012799999999999923 0.02357836338418863
1 0.5940000000000001 0.13730929264909847 0.015199999999999991 0.030513176144244092
1 0.6176 0.12066574202496533 0.014399999999999968 0.033287101248266296
1 0.6324 0.13592233009708737 0.01200000000000001 0.0277392510402219
1 0.0476 0.41192787794729546 0.029599999999999994 0.05547850208044386
