1 0.20280082987551867 0.36312849162011174 0.04045643153526973 0.08193668528864062
1 0.2935684647302904 0.21694599627560524 0.01659751037344398 0.03538175046554934
1 0.3314315352697096 0.22253258845437618 0.019709543568464716 0.03538175046554934
1 0.3433609958506224 0.20391061452513964 0.018672199170124526 0.03165735567970204
1 0.3475103734439834 0.18249534450651766 0.01659751037344398 0.0260707635009311
1 0.3573651452282157 0.22718808193668527 0.017634854771784225 0.03351955307262569
1 0.38122406639004147 0.2467411545623836 0.021784232365145206 0.039106145251396635
1 0.3796680497925311 0.22532588454376162 0.01867219917012447 0.03351955307262569
1 0.391597510373444 0.19180633147113596 0.01763485477178428 0.03351955307262569
1 0.4107883817427386 0.2048417132216015 0.01659751037344398 0.03724394785847299
1 0.4159751037344398 0.19180633147113596 0.01659751037344398 0.03724394785847299
1 0.41493775933609955 0.1629422718808194 0.01659751037344398 0.03538175046554934
1 0.4434647302904564 0.16759776536312848 0.017634854771784225 0.03724394785847299
1 0.4387966804979253 0.23184357541899442 0.020746887966805017 0.046554934823091254
1 0.44450207468879666 0.21601489757914338 0.019709543568464716 0.04096834264432031
1 0.48392116182572614 0.21880819366852888 0.021784232365145262 0.039106145251396635
1 0.48288381742738584 0.17318435754189943 0.013485477178423244 0.029795158286778395
1 0.47147302904564314 0.15176908752327745 0.013485477178423244 0.027932960893854747
1 0.45539419087136934 0.1452513966480447 0.01452282157676349 0.029795158286778395
1 0.4683609958506224 0.13221601489757914 0.011410788381742698 0.026070763500931113
1 0.49221991701244816 0.13500931098696461 0.009336099585062263 0.02048417132216017
1 0.4927385892116183 0.15735567970204842 0.01659751037344398 0.03165735567970207
1 0.5217842323651452 0.17411545623836128 0.014522821576763545 0.039106145251396635
1 0.5347510373443983 0.1899441340782123 0.01556016597510368 0.03724394785847299
1 0.5025933609958506 0.1191806331471136 0.013485477178423189 0.029795158286778395
1 0.5243775933609959 0.12756052141527002 0.011410788381742698 0.027932960893854733
1 0.5409751037344399 0.14432029795158285 0.01556016597510379 0.03165735567970204
1 0.5544605809128631 0.1610800744878957 0.01556016597510379 0.03910614525139666
1 0.5466804979253113 0.12849162011173185 0.012448132780083054 0.026070763500931085
1 0.5850622406639003 0.17411545623836128 0.020746887966805017 0.03538175046554934
1 0.5809128630705394 0.1191806331471136 0.012448132780083054 0.029795158286778395
1 0.5928423236514523 0.10986964618249534 0.009336099585062207 0.029795158286778395
1 0.603734439834025 0.12011173184357542 0.012448132780083054 0.027932960893854747
1 0.6146265560165975 0.11080074487895716 0.011410788381742809 0.024208566108007437
1 0.6260373443983402 0.11266294227188083 0.011410788381742698 0.027932960893854747
1 0.616701244813278 0.1499068901303538 0.01556016597510379 0.03165735567970204
1 0.5715767634854771 0.24581005586592178 0.024896265560165998 0.0521415270018622
1 0.5819502074688796 0.2783985102420857 0.026970954356846488 0.05772811918063317
1 0.49221991701244816 0.2867783985102421 0.028008298755186678 0.06331471135940409
1 0.6104771784232366 0.3240223463687151 0.032157676348547715 0.06331471135940409
1 0.6317427385892116 0.22067039106145253 0.020746887966805017 0.046554934823091226
1 0.6447095435684647 0.22811918063314712 0.021784232365145262 0.054003724394785846
1 0.6473029045643153 0.12942271880819367 0.014522821576763545 0.03165735567970206
1 0.6649377593360996 0.10148975791433892 0.012448132780082943 0.027932960893854747
1 0.6659751037344399 0.14059590316573556 0.016597510373444035 0.03165735567970206
1 0.683091286307054 0.12942271880819367 0.01556016597510368 0.027932960893854733
1 0.6908713692946058 0.10148975791433892 0.010373443983402453 0.027932960893854747
1 0.7147302904564315 0.11359404096834265 0.016597510373443924 0.029795158286778395
1 0.6970954356846473 0.15176908752327745 0.016597510373444035 0.03165735567970204
1 0.6732365145228216 0.18156424581005587 0.016597510373444035 0.03910614525139666
1 0.6815352697095436 0.24581005586592178 0.024896265560165998 0.055865921787709494
1 0.6924273858921162 0.3026070763500931 0.030082987551867224 0.06145251396648044
1 0.724585062240664 0.2998137802607076 0.023858921161825752 0.055865921787709494
1 0.7489626556016598 0.3780260707635009 0.03526970954356856 0.07448789571694603
1 0.7391078838174274 0.22998137802607077 0.023858921161825752 0.046554934823091254
1 0.7188796680497925 0.17690875232774675 0.020746887966804906 0.04096834264432031
1 0.7479253112033195 0.16759776536312848 0.020746887966804906 0.03724394785847299
1 0.7567427385892116 0.18063314711359404 0.01970954356846477 0.044692737430167606
1 0.7531120331950207 0.1266294227188082 0.014522821576763434 0.026070763500931085
1 0.7785269709543569 0.14059590316573556 0.01556016597510368 0.03538175046554935
1 0.8008298755186722 0.17225325884543763 0.014522821576763545 0.03538175046554934
1 0.7987551867219918 0.22439478584729983 0.020746887966805017 0.04283054003724393
1 0.7707468879668049 0.24767225325884543 0.020746887966805017 0.0484171322160149
1 0.7982365145228216 0.28957169459962756 0.025933609958506243 0.054003724394785846
1 0.8184647302904564 0.2532588454376164 0.024896265560165998 0.05214152700186217
1 0.8329875518672198 0.313780260707635 0.024896265560165998 0.07635009310986968
1 0.8158713692946058 0.3929236499068901 0.034232365145228205 0.07076350093109868
1 0.8988589211618256 0.4404096834264432 0.04045643153526968 0.08752327746741151
1 0.9185684647302905 0.33798882681564246 0.032157676348547715 0.06517690875232773
1 0.9211618257261411 0.29329608938547486 0.022821576763485507 0.046554934823091254
1 0.9268672199170125 0.22625698324022347 0.01763485477178428 0.04283054003724393
1 0.883298755186722 0.22811918063314712 0.023858921161825752 0.046554934823091254
1 0.8698132780082988 0.2793296089385475 0.021784232365145262 0.0521415270018622
