1 0.09454374412041393 0.4092436974789916 0.036688617121354655 0.07899159663865546
1 0.2558795860771402 0.2865546218487395 0.013170272812793954 0.021848739495798297
1 0.2812793979303857 0.2714285714285714 0.015051740357478804 0.02857142857142858
1 0.29633113828786456 0.2630252100840336 0.016933207902163683 0.031932773109243695
1 0.3179680150517403 0.2226890756302521 0.013170272812793982 0.028571428571428553
1 0.3438381937911571 0.21680672268907564 0.0159924741298213 0.03361344537815125
1 0.3443085606773283 0.27058823529411763 0.018814675446848506 0.03361344537815125
1 0.3711194731890875 0.22436974789915967 0.01411100658513642 0.031932773109243695
1 0.37723424270931327 0.21008403361344535 0.011288805268109159 0.023529411764705882
1 0.3805268109125117 0.20168067226890757 0.014111006585136365 0.023529411764705882
1 0.40874882408278457 0.17058823529411765 0.01411100658513642 0.02521008403361344
1 0.4233301975540922 0.1823529411764706 0.016933207902163683 0.028571428571428553
1 0.4153339604891816 0.22436974789915964 0.017873941674506122 0.03529411764705884
1 0.4444967074317968 0.23025210084033615 0.017873941674506122 0.04033613445378151
1 0.43226716839134527 0.27142857142857146 0.021636876763875823 0.04201680672268909
1 0.44920037629350895 0.1512605042016807 0.012229539040451542 0.023529411764705882
1 0.44967074317968014 0.17478991596638654 0.01881467544684856 0.030252100840336138
1 0.45813734713076204 0.19747899159663868 0.022577610536218262 0.03529411764705884
1 0.47742238946378174 0.16638655462184873 0.01411100658513642 0.030252100840336138
1 0.4703668861712136 0.1546218487394958 0.013170272812793982 0.023529411764705882
1 0.48730009407337727 0.13949579831932774 0.011288805268109103 0.023529411764705882
1 0.5 0.1495798319327731 0.012229539040451598 0.016806722689075626
1 0.526340545625588 0.1403361344537815 0.015992474129821188 0.031932773109243695
1 0.5103480714957667 0.19243697478991595 0.01411100658513642 0.02521008403361344
1 0.49623706491063035 0.23277310924369748 0.019755409219191 0.03529411764705881
1 0.5503292568203199 0.1638655462184874 0.01881467544684856 0.031932773109243695
1 0.5460959548447789 0.1941176470588235 0.017873941674506177 0.03865546218487395
1 0.5540921919096895 0.14369747899159663 0.015051740357478915 0.028571428571428553
1 0.577140169332079 0.11260504201680673 0.010348071495766664 0.023529411764705882
1 0.5827845719661335 0.1512605042016807 0.0159924741298213 0.04033613445378151
1 0.5973659454374411 0.12184873949579832 0.013170272812793926 0.021848739495798325
1 0.6161806208842897 0.10588235294117648 0.011288805268109159 0.020168067226890754
1 0.6147695202257761 0.12773109243697478 0.010348071495766664 0.020168067226890768
1 0.6218250235183443 0.13865546218487396 0.015051740357478804 0.03193277310924371
1 0.6415804327375353 0.10756302521008404 0.013170272812794037 0.02689075630252101
1 0.6302916274694261 0.12773109243697478 0.015051740357478804 0.02689075630252101
1 0.6707431796801505 0.1226890756302521 0.015051740357478804 0.023529411764705882
1 0.6919096895578551 0.1 0.01411100658513642 0.028571428571428567
1 0.6904985888993416 0.14201680672268907 0.013170272812793926 0.02857142857142858
1 0.7074317968015051 0.13529411764705881 0.015051740357478804 0.03193277310924368
1 0.48871119473189084 0.29747899159663865 0.023518344308560646 0.043697478991596594
1 0.5602069614299153 0.2957983193277311 0.0235183443085607 0.050420168067226934
1 0.5503292568203199 0.24789915966386555 0.01881467544684856 0.02857142857142858
1 0.6095954844778928 0.2184873949579832 0.01881467544684856 0.036974789915966366
1 0.6091251175917216 0.25546218487394956 0.021636876763875823 0.04369747899159665
1 0.6505174035747884 0.17983193277310924 0.019755409219190945 0.030252100840336138
1 0.6495766698024459 0.21764705882352942 0.021636876763875823 0.04873949579831932
1 0.6900282220131703 0.18151260504201683 0.015992474129821188 0.036974789915966394
1 0.7017873941674506 0.2092436974789916 0.02069614299153333 0.04873949579831932
1 0.6777986829727187 0.24453781512605044 0.021636876763875823 0.042016806722689065
1 0.5987770460959548 0.34285714285714286 0.027281279397930458 0.05378151260504205
1 0.669802445907808 0.3495798319327731 0.026340545625587963 0.05378151260504199
1 0.7102539981185325 0.2924369747899159 0.024459078080903196 0.05042016806722688
1 0.784101599247413 0.2865546218487395 0.02539981185324547 0.04873949579831932
1 0.7516462841015992 0.23781512605042016 0.02069614299153344 0.04873949579831935
1 0.7464722483537158 0.1865546218487395 0.0159924741298213 0.03361344537815125
1 0.7304797742238947 0.15798319327731092 0.01411100658513642 0.03361344537815125
1 0.7450611476952023 0.14873949579831933 0.015051740357478804 0.031932773109243695
1 0.7610536218250235 0.16134453781512606 0.015051740357478915 0.03361344537815125
1 0.7587017873941675 0.13025210084033614 0.01411100658513642 0.02857142857142858
1 0.751175917215428 0.10588235294117648 0.012229539040451542 0.02689075630252101
1 0.735653809971778 0.11596638655462185 0.015051740357478804 0.030252100840336138
1 0.7812793979303857 0.1226890756302521 0.012229539040451654 0.026890756302520996
1 0.7958607714016933 0.13781512605042018 0.011288805268109048 0.033613445378151266
1 0.799623706491063 0.1773109243697479 0.013170272812793926 0.031932773109243695
1 0.8113828786453434 0.1588235294117647 0.01411100658513631 0.028571428571428553
1 0.8118532455315146 0.13109243697478992 0.011288805268109159 0.026890756302521024
1 0.8301975540921919 0.1403361344537815 0.01411100658513642 0.03529411764705882
1 0.8513640639698965 0.19243697478991595 0.015051740357478804 0.03529411764705884
1 0.8527751646284102 0.15546218487394958 0.01411100658513642 0.031932773109243695
1 0.8664158043273753 0.15042016806722688 0.015051740357478915 0.031932773109243695
1 0.8682972718720603 0.12436974789915967 0.011288805268109159 0.023529411764705868
1 0.896519285042333 0.13109243697478992 0.00940733772342428 0.030252100840336138
1 0.8908748824082784 0.17478991596638654 0.015051740357478915 0.030252100840336138
1 0.8781749764816558 0.2 0.0159924741298213 0.030252100840336138
1 0.8687676387582315 0.22016806722689075 0.017873941674506066 0.036974789915966394
1 0.9313264346190029 0.16554621848739495 0.013170272812793926 0.03529411764705881
1 0.9313264346190029 0.2747899159663866 0.01881467544684845 0.03865546218487398
