1 0.0812274368231047 0.5650406504065041 0.1588447653429603 0.3008130081300813
1 0.19043321299638988 0.35501355013550134 0.04512635379061372 0.07588075880758804
1 0.21299638989169675 0.4579945799457995 0.03971119133574008 0.07046070460704607
1 0.30054151624548736 0.513550135501355 0.045126353790613694 0.08943089430894313
1 0.3348375451263538 0.4715447154471545 0.0415162454873646 0.07046070460704607
1 0.4151624548736462 0.4905149051490515 0.04693140794223827 0.07046070460704607
1 0.44945848375451264 0.47289972899728994 0.03610108303249093 0.06233062330623301
1 0.5324909747292419 0.5176151761517616 0.05054151624548742 0.0758807588075881
1 0.5505415162454874 0.60840108401084 0.06859205776173283 0.11111111111111105
1 0.5947653429602888 0.49593495934959353 0.04873646209386284 0.0758807588075881
1 0.6660649819494584 0.5745257452574526 0.0577617328519856 0.09214092140921415
1 0.7021660649819494 0.518970189701897 0.028880866425992746 0.06233062330623307
1 0.7888086642599278 0.48644986449864497 0.04332129963898912 0.07317073170731703
1 0.8393501805054151 0.486449864498645 0.04332129963898923 0.0677506775067751
1 0.9458483754512635 0.6978319783197832 0.09747292418772568 0.18157181571815717
