1 0.022500000000000003 0.5234082397003745 0.037500000000000006 0.06928838951310867
1 0.076875 0.47097378277153557 0.036250000000000004 0.06179775280898875
1 0.13874999999999998 0.5580524344569289 0.06749999999999999 0.101123595505618
1 0.2825 0.4953183520599251 0.04750000000000004 0.07677902621722843
1 0.253125 0.48970037453183524 0.028750000000000026 0.050561797752809
1 0.351875 0.4606741573033708 0.036250000000000004 0.06741573033707865
1 0.33187500000000003 0.4812734082397004 0.028749999999999998 0.05243445692883897
1 0.38625 0.46161048689138573 0.03250000000000003 0.058052434456928814
1 0.40249999999999997 0.5374531835205992 0.065 0.10486891385767788
1 0.4525 0.4550561797752809 0.034999999999999976 0.0449438202247191
1 0.76 0.31928838951310856 0.040000000000000036 0.06928838951310862
