1 0.08684985279685967 0.2793103448275862 0.02453385672227673 0.0482758620689655
1 0.27968596663395484 0.23017241379310344 0.019627085377821374 0.025862068965517238
1 0.29784102060843964 0.22931034482758622 0.016683022571148176 0.03448275862068964
1 0.33218842001962706 0.1896551724137931 0.014720314033366044 0.027586206896551724
1 0.3547595682041217 0.1939655172413793 0.016683022571148176 0.02931034482758621
1 0.35819430814524045 0.22931034482758622 0.019627085377821374 0.03793103448275861
1 0.3802747791952895 0.23620689655172414 0.014720314033366044 0.031034482758620696
1 0.41216879293424924 0.2413793103448276 0.019627085377821374 0.03448275862068967
1 0.37684003925417076 0.2017241379310345 0.011776251226692791 0.020689655172413807
1 0.3846908734052993 0.17155172413793104 0.013738959764474978 0.025862068965517238
1 0.4052993130520118 0.17155172413793104 0.017664376840039298 0.025862068965517238
1 0.42198233562316 0.17586206896551723 0.013738959764474978 0.02413793103448275
1 0.42492639842983315 0.20689655172413793 0.01570166830225711 0.027586206896551724
1 0.4607458292443572 0.2163793103448276 0.018645731108930308 0.032758620689655155
1 0.4474975466143278 0.253448275862069 0.023552502453385693 0.03103448275862067
1 0.44357212953876346 0.16379310344827586 0.017664376840039242 0.02413793103448275
1 0.3940137389597645 0.2103448275862069 0.018645731108930308 0.02413793103448275
1 0.5039254170755643 0.18362068965517242 0.014720314033366044 0.02931034482758621
1 0.5269872423945043 0.18017241379310345 0.015701668302257166 0.036206896551724155
1 0.49950932286555444 0.15517241379310345 0.013738959764474923 0.02068965517241378
1 0.4867517173699706 0.15344827586206897 0.011776251226692847 0.02413793103448275
1 0.5029440628066733 0.13017241379310346 0.008832188420019649 0.02241379310344828
1 0.5210991167811581 0.13879310344827586 0.013738959764474923 0.022413793103448265
1 0.5485770363101079 0.12586206896551724 0.00981354268891066 0.027586206896551724
1 0.5407262021589794 0.16120689655172413 0.011776251226692791 0.02931034482758621
1 0.5608439646712463 0.1879310344827586 0.01079489695780178 0.03103448275862067
1 0.570657507360157 0.16034482758620688 0.01079489695780167 0.02413793103448278
1 0.576054955839058 0.1370689655172414 0.00981354268891066 0.015517241379310348
1 0.5961727183513248 0.23017241379310344 0.02060843964671244 0.032758620689655155
1 0.6398429833169774 0.2482758620689655 0.01962708537782132 0.03448275862068964
1 0.6251226692836114 0.21120689655172414 0.023552502453385582 0.03620689655172413
1 0.6074582924435721 0.1646551724137931 0.011776251226692902 0.02931034482758621
1 0.6442590775269872 0.15775862068965518 0.012757605495583912 0.022413793103448293
1 0.6712463199214916 0.18275862068965518 0.013738959764475034 0.031034482758620696
1 0.6256133464180569 0.1413793103448276 0.01079489695780178 0.027586206896551724
1 0.6418056918547596 0.12241379310344827 0.015701668302257055 0.02413793103448275
1 0.6643768400392542 0.12413793103448276 0.011776251226692902 0.02068965517241378
1 0.6810598626104023 0.13620689655172413 0.011776251226692902 0.02413793103448275
1 0.7090284592737979 0.11982758620689656 0.01079489695780178 0.022413793103448293
1 0.6884200196270853 0.11206896551724138 0.008832188420019649 0.013793103448275862
1 0.6820412168792934 0.2206896551724138 0.015701668302257055 0.02413793103448275
1 0.6908734052993131 0.25775862068965516 0.017664376840039298 0.0396551724137931
1 0.696270853778214 0.3129310344827586 0.026496565260058835 0.056896551724137934
1 0.7482826300294406 0.38275862068965516 0.024533856722276814 0.05862068965517242
1 0.7939156035328754 0.29482758620689653 0.015701668302257055 0.04827586206896556
1 0.7698724239450441 0.24655172413793103 0.016683022571148176 0.0482758620689655
1 0.7350343473994112 0.23793103448275862 0.01962708537782132 0.04137931034482761
1 0.718351324828263 0.18879310344827588 0.015701668302257055 0.032758620689655155
1 0.7379784102060845 0.17586206896551723 0.011776251226692902 0.031034482758620696
1 0.7566241413150148 0.19913793103448274 0.015701668302257166 0.03620689655172413
1 0.7365063788027477 0.14913793103448275 0.012757605495583912 0.022413793103448265
1 0.7031403336604515 0.18275862068965518 0.014720314033366044 0.02068965517241378
1 0.76153091265947 0.13879310344827586 0.011776251226692791 0.02931034482758621
1 0.6153091265947006 0.12931034482758622 0.00981354268891066 0.024137931034482765
1 0.7796859666339548 0.13362068965517243 0.008832188420019649 0.022413793103448293
1 0.7885181550539745 0.15 0.008832188420019538 0.02413793103448275
1 0.8047105004906772 0.14224137931034483 0.011776251226692791 0.02931034482758621
1 0.7953876349362119 0.1724137931034483 0.012757605495583912 0.02413793103448278
1 0.8341511285574092 0.1413793103448276 0.011776251226692791 0.02413793103448275
1 0.8557409224730128 0.1586206896551724 0.011776251226692902 0.02413793103448278
1 0.8753680078508341 0.16896551724137931 0.013738959764475034 0.027586206896551724
1 0.8326790971540726 0.18017241379310345 0.012757605495583801 0.022413793103448265
1 0.8189401373895977 0.20689655172413793 0.012757605495583912 0.02068965517241378
1 0.7894995093228656 0.2353448275862069 0.01864573110893042 0.03275862068965518
1 0.823846908734053 0.2681034482758621 0.016683022571148176 0.03965517241379313
1 0.8434739941118743 0.22758620689655173 0.012757605495583912 0.041379310344827586
1 0.8900883218842002 0.2353448275862069 0.017664376840039298 0.036206896551724155
1 0.9013738959764475 0.1879310344827586 0.014720314033366044 0.027586206896551724
1 0.9376840039254171 0.21465517241379312 0.012757605495583912 0.025862068965517265
1 0.9543670264965654 0.2 0.012757605495583912 0.027586206896551724
1 0.922963689892051 0.26120689655172413 0.018645731108930308 0.03275862068965518
1 0.9160942100098135 0.3310344827586207 0.024533856722276703 0.0482758620689655
1 0.8675171736997056 0.19224137931034482 0.013738959764475034 0.02931034482758621
1 0.8572129538763493 0.225 0.01079489695780178 0.03275862068965518
1 0.9141315014720314 0.15517241379310345 0.01079489695780178 0.031034482758620696
