1 0.16651376146788993 0.46571906354515047 0.05963302752293578 0.11538461538461536
1 0.34082568807339453 0.21488294314381273 0.01926605504587159 0.0451505016722408
1 0.34908256880733946 0.18979933110367891 0.017431192660550487 0.03177257525083613
1 0.34311926605504584 0.17809364548494983 0.01651376146788991 0.035117056856187295
1 0.41467889908256883 0.19732441471571904 0.02018348623853211 0.043478260869565216
1 0.44770642201834865 0.21070234113712377 0.022018348623853212 0.043478260869565216
1 0.48486238532110093 0.21321070234113715 0.019266055045871533 0.0451505016722408
1 0.48073394495412847 0.16555183946488294 0.02018348623853211 0.04013377926421405
1 0.4518348623853211 0.1714046822742475 0.017431192660550487 0.035117056856187295
1 0.4522935779816514 0.14046822742474918 0.01651376146788991 0.03678929765886288
1 0.4279816513761468 0.14214046822742477 0.015596330275229331 0.030100334448160543
1 0.42293577981651376 0.1714046822742475 0.01834862385321101 0.038461538461538464
1 0.4802752293577982 0.137123745819398 0.015596330275229386 0.026755852842809374
1 0.5073394495412844 0.1387959866220736 0.014678899082568808 0.030100334448160543
1 0.5412844036697247 0.1797658862876254 0.020183486238532167 0.038461538461538464
1 0.5344036697247707 0.15133779264214048 0.017431192660550487 0.038461538461538464
1 0.5169724770642201 0.1245819397993311 0.013761467889908174 0.025083612040133776
1 0.49954128440366974 0.11120401337792643 0.015596330275229331 0.021739130434782608
1 0.5298165137614679 0.11204013377926422 0.013761467889908285 0.0334448160535117
1 0.5440366972477064 0.12040133779264214 0.012844036697247763 0.023411371237458192
1 0.5637614678899083 0.1488294314381271 0.017431192660550487 0.03678929765886288
1 0.5880733944954128 0.1588628762541806 0.01834862385321101 0.03678929765886288
1 0.6018348623853211 0.13628762541806022 0.014678899082568808 0.035117056856187295
1 0.5899082568807339 0.1011705685618729 0.011009174311926606 0.025083612040133776
1 0.6064220183486239 0.10785953177257525 0.012844036697247763 0.02842809364548496
1 0.6055045871559632 0.0903010033444816 0.012844036697247652 0.023411371237458192
1 0.6174311926605505 0.10451505016722408 0.014678899082568808 0.02842809364548496
1 0.6238532110091743 0.14046822742474918 0.01834862385321101 0.03678929765886288
1 0.6371559633027523 0.0903010033444816 0.013761467889908285 0.03010033444816053
1 0.6600917431192661 0.09615384615384615 0.015596330275229442 0.03511705685618728
1 0.6555045871559633 0.12792642140468227 0.015596330275229331 0.03511705685618728
1 0.6793577981651375 0.1137123745819398 0.010091743119266083 0.023411371237458192
1 0.6894495412844037 0.1137123745819398 0.015596330275229442 0.036789297658862866
1 0.7087155963302751 0.11538461538461539 0.011926605504587129 0.03010033444816053
1 0.6224770642201835 0.18896321070234112 0.02110091743119269 0.05016722408026755
1 0.5770642201834862 0.2408026755852843 0.022018348623853212 0.05016722408026755
1 0.5545871559633028 0.2834448160535117 0.03027522935779814 0.068561872909699
1 0.523394495412844 0.2658862876254181 0.032110091743119296 0.060200668896321086
1 0.6068807339449541 0.29849498327759194 0.0357798165137615 0.07859531772575251
1 0.6288990825688073 0.2391304347826087 0.02477064220183478 0.05351170568561872
1 0.6720183486238531 0.24414715719063546 0.026605504587155937 0.046822742474916385
1 0.6697247706422018 0.20484949832775917 0.020183486238532167 0.0451505016722408
1 0.6688073394495413 0.17474916387959866 0.01834862385321101 0.04180602006688963
1 0.6821100917431193 0.3235785953177257 0.041284403669724745 0.08528428093645485
1 0.7614678899082569 0.33361204013377926 0.03669724770642202 0.07859531772575246
1 0.7009174311926606 0.19565217391304346 0.022018348623853212 0.043478260869565216
1 0.7206422018348624 0.22240802675585286 0.026605504587156048 0.05016722408026755
1 0.7100917431192661 0.15384615384615385 0.01834862385321101 0.03344481605351171
1 0.7252293577981652 0.1245819397993311 0.017431192660550487 0.03511705685618728
1 0.7472477064220183 0.16304347826086957 0.015596330275229331 0.038461538461538464
1 0.7573394495412844 0.13545150501672243 0.019266055045871644 0.03678929765886288
1 0.7573394495412844 0.10953177257525085 0.015596330275229331 0.028428093645484945
1 0.7706422018348624 0.10953177257525083 0.011009174311926606 0.03177257525083613
1 0.7788990825688074 0.12876254180602006 0.014678899082568808 0.0334448160535117
1 0.7756880733944954 0.17474916387959866 0.017431192660550376 0.04180602006688963
1 0.7908256880733945 0.2023411371237458 0.022018348623853212 0.043478260869565216
1 0.7738532110091743 0.2759197324414716 0.028440366972476983 0.06688963210702342
1 0.8366972477064221 0.35033444816053516 0.034862385321100864 0.07859531772575251
1 0.8110091743119265 0.26505016722408026 0.025688073394495414 0.0585284280936455
1 0.813302752293578 0.15802675585284282 0.015596330275229331 0.03177257525083613
1 0.8160550458715596 0.1923076923076923 0.017431192660550376 0.043478260869565216
1 0.8408256880733944 0.23160535117056857 0.02477064220183489 0.05183946488294314
1 0.8555045871559633 0.2934782608695652 0.022935779816513735 0.0585284280936455
1 0.8642201834862386 0.27508361204013376 0.01834862385321101 0.051839464882943165
1 0.8522935779816514 0.17725752508361203 0.016513761467889854 0.043478260869565216
1 0.8339449541284404 0.16638795986622074 0.016513761467889854 0.04515050167224083
1 0.841743119266055 0.14548494983277593 0.015596330275229331 0.03344481605351171
1 0.8706422018348624 0.1705685618729097 0.014678899082568808 0.03678929765886288
1 0.8770642201834863 0.14464882943143814 0.014678899082568808 0.035117056856187295
1 0.8899082568807339 0.14632107023411373 0.012844036697247763 0.035117056856187295
1 0.8922018348623852 0.1906354515050167 0.017431192660550487 0.043478260869565216
1 0.8848623853211008 0.22157190635451507 0.017431192660550487 0.055183946488294305
1 0.903211009174312 0.17725752508361203 0.013761467889908285 0.03678929765886288
1 0.9110091743119266 0.16304347826086957 0.014678899082568808 0.038461538461538464
1 0.9169724770642202 0.3311036789297659 0.02477064220183489 0.0735785953177257
1 0.9302752293577983 0.2993311036789298 0.025688073394495414 0.05351170568561875
1 0.9307339449541285 0.24163879598662208 0.019266055045871533 0.05183946488294314
1 0.9495412844036697 0.201505016722408 0.014678899082568808 0.038461538461538464
1 0.9444954128440367 0.16220735785953178 0.019266055045871644 0.04013377926421405
