1 0.35266604303087 0.3099173553719008 0.01870907390084192 0.0347107438016529
1 0.39195509822263797 0.2900826446280992 0.02619270346117869 0.04793388429752066
1 0.48971000935453696 0.3024793388429752 0.025257249766136636 0.049586776859504134
1 0.3405051449953227 0.21570247933884298 0.0168381665107577 0.031404958677685946
1 0.3662301216089804 0.19008264462809918 0.012160898035547263 0.019834710743801665
1 0.3690364826941066 0.21735537190082643 0.01590271281571559 0.02809917355371902
1 0.39756782039289057 0.22644628099173553 0.013096351730589317 0.029752066115702497
1 0.4541627689429373 0.22892561983471074 0.01777362020579981 0.03801652892561985
1 0.40271281571562206 0.19586776859504135 0.014031805425631427 0.024793388429752067
1 0.4714686623012161 0.228099173553719 0.018709073900841866 0.036363636363636376
1 0.4597754911131899 0.19586776859504132 0.015902712815715647 0.03801652892561985
1 0.48971000935453696 0.20082644628099172 0.012160898035547207 0.031404958677685973
1 0.5453695042095417 0.13305785123966943 0.020579981290926086 0.041322314049586764
1 0.5753040224508887 0.13553719008264464 0.011225444340505208 0.026446280991735543
1 0.6314312441534145 0.25619834710743805 0.022450888681010306 0.04628099173553718
1 0.7114125350795135 0.19008264462809918 0.017773620205799756 0.036363636363636376
1 0.755378858746492 0.24214876033057853 0.021515434985968196 0.047933884297520685
1 0.7652011225444341 0.16611570247933885 0.016838166510757757 0.0347107438016529
1 0.9377923292797006 0.24545454545454548 0.019644527595883976 0.04132231404958678
1 0.4756782039289055 0.18181818181818182 0.01777362020579981 0.036363636363636376
1 0.40177736202058 0.18016528925619835 0.014031805425631483 0.036363636363636376
1 0.44667913938260057 0.1925619834710744 0.015902712815715647 0.04132231404958678
