1 0.10684161199625117 0.5676126878130217 0.05435801312089972 0.11352253756260433
1 0.2521087160262418 0.2662771285475793 0.018744142455482643 0.04173622704507515
1 0.2727272727272727 0.27128547579298834 0.01686972820993443 0.031719532554257135
1 0.3003748828491096 0.2587646076794658 0.01780693533270855 0.0367278797996661
1 0.3078725398313027 0.2328881469115192 0.015932521087160256 0.03171953255425711
1 0.331302717900656 0.2287145242070117 0.01780693533270855 0.04006677796327213
1 0.35145267104029987 0.22537562604340566 0.01686972820993443 0.0367278797996661
1 0.3298969072164949 0.28213689482470783 0.01874414245548267 0.03338898163606013
1 0.36785379568884724 0.27629382303839733 0.01968134957825679 0.03839732888146907
1 0.35332708528584816 0.26711185308848084 0.016869728209934376 0.03672787979966613
1 0.39550140581068416 0.28046744574290483 0.020618556701030966 0.04674457429048412
1 0.380506091846298 0.22954924874791321 0.02061855670103091 0.035058430717863104
1 0.380506091846298 0.17946577629382304 0.013120899718837897 0.035058430717863104
1 0.38847235238987815 0.18781302170283806 0.014058106841612017 0.03171953255425708
1 0.4184629803186504 0.19616026711185308 0.015932521087160256 0.041736227045075125
1 0.436269915651359 0.2404006677796327 0.02155576382380503 0.04340567612687815
1 0.4732895970009372 0.2295492487479132 0.020618556701030966 0.04507512520868112
1 0.4470477975632615 0.19699499165275458 0.01686972820993443 0.033388981636060105
1 0.44095595126522963 0.171118530884808 0.015932521087160256 0.02504173622704506
1 0.450796626054358 0.16026711185308848 0.013120899718837842 0.023372287145242088
1 0.4775070290534208 0.164440734557596 0.014058106841612017 0.028380634390651083
1 0.4845360824742268 0.2003338898163606 0.018744142455482615 0.04006677796327213
1 0.47938144329896903 0.14106844741235391 0.014058106841611961 0.028380634390651083
1 0.5238987816307403 0.21285475792988312 0.022492970946579205 0.04507512520868115
1 0.5332708528584817 0.17445742904841402 0.018744142455482615 0.03839732888146913
1 0.556232427366448 0.2404006677796327 0.025304592314901564 0.05676126878130214
1 0.49859418931583876 0.3105175292153589 0.029990627928772218 0.07011686143572621
1 0.5571696344892221 0.12771285475792987 0.014058106841612017 0.035058430717863104
1 0.5609184629803186 0.14774624373956594 0.014058106841612017 0.028380634390651083
1 0.5740393626991565 0.1702838063439065 0.015932521087160256 0.033388981636060105
1 0.5955951265229615 0.14691151919866446 0.014058106841612017 0.033388981636060105
1 0.5937207122774133 0.11936560934891485 0.014058106841611906 0.03171953255425708
1 0.6176194939081537 0.14273789649415694 0.014995313964386137 0.028380634390651083
1 0.6199625117150891 0.12103505843071785 0.012183692596063778 0.02838063439065107
1 0.634020618556701 0.13689482470784642 0.014058106841612017 0.03338898163606009
1 0.6743205248359887 0.12020033388981637 0.015932521087160256 0.033388981636060105
1 0.6208997188378631 0.20534223706176963 0.019681349578256735 0.0400667779632721
1 0.5801312089971884 0.2896494156928214 0.028116213683224034 0.058430717863105164
1 0.6199625117150891 0.3005008347245409 0.027179006560449914 0.06010016694490822
1 0.612933458294283 0.25876460767946574 0.020618556701030855 0.04674457429048412
1 0.6729147141518275 0.27295492487479134 0.026241799437675684 0.05843071786310519
1 0.7164948453608248 0.27963272120200333 0.025304592314901564 0.058430717863105164
1 0.6705716963448922 0.21953255425709517 0.025304592314901564 0.048414023372287146
1 0.7019681349578257 0.22120200333889817 0.018744142455482726 0.04507512520868112
1 0.6841611996251171 0.16110183639399 0.016869728209934376 0.035058430717863104
1 0.7061855670103092 0.18280467445742904 0.017806935332708496 0.035058430717863104
1 0.7296157450796626 0.20701168614357263 0.021555763823805085 0.050083472454090144
1 0.7225866916588566 0.1719532554257095 0.018744142455482615 0.033388981636060105
1 0.7197750702905342 0.13606010016694492 0.016869728209934376 0.04173622704507514
1 0.753514526710403 0.12353923205342238 0.016869728209934376 0.030050083472454095
1 0.768041237113402 0.1310517529215359 0.014058106841612017 0.03171953255425709
1 0.7713214620431115 0.15776293823038395 0.014995313964386026 0.035058430717863104
1 0.7563261480787254 0.14691151919866444 0.014995313964386137 0.026711185308848084
1 0.7755388940955952 0.20617696160267113 0.019681349578256735 0.048414023372287146
1 0.7582005623242736 0.2370617696160267 0.020618556701030966 0.05342237061769617
1 0.7769447047797563 0.27212020033388984 0.028116213683224034 0.06010016694490819
1 0.8505154639175257 0.2946577629382304 0.025304592314901564 0.06510851419031721
1 0.8350515463917526 0.22370617696160267 0.018744142455482615 0.04674457429048415
1 0.7999062792877225 0.1636060100166945 0.015932521087160256 0.0400667779632721
1 0.7877225866916588 0.14774624373956596 0.014058106841612017 0.035058430717863104
1 0.830834114339269 0.15525876460767946 0.017806935332708496 0.0367278797996661
1 0.8556701030927835 0.15943238731218695 0.014995313964386137 0.035058430717863104
1 0.8936269915651359 0.1686143572621035 0.019681349578256846 0.04006677796327213
1 0.8462980318650422 0.19782971619365608 0.016869728209934376 0.0383973288814691
1 0.8851921274601686 0.2011686143572621 0.017806935332708496 0.041736227045075125
1 0.9095595126522962 0.2404006677796327 0.017806935332708496 0.04674457429048415
1 0.9339268978444236 0.25876460767946574 0.023430178069353325 0.04674457429048412
