1 0.13240131578947367 0.7721125730994152 0.06469298245614034 0.07419590643274854
1 0.26315789473684215 0.8494152046783626 0.08826754385964913 0.13304093567251463
1 0.3090734649122807 0.737390350877193 0.061677631578947345 0.08735380116959068
1 0.2265625 0.7235014619883041 0.03810307017543857 0.06396198830409361
1 0.514391447368421 0.8241959064327485 0.08525219298245612 0.12280701754385959
1 0.5409813596491229 0.7677266081871346 0.06387061403508765 0.07931286549707595
1 0.504797149122807 0.6980994152046784 0.054002192982456176 0.059941520467836296
1 0.4805372807017544 0.6611842105263157 0.03289473684210531 0.04897660818713445
1 0.3784265350877193 0.6058114035087719 0.0463267543859649 0.05007309941520477
1 0.3370339912280702 0.6577119883040936 0.038103070175438625 0.045687134502924054
1 0.28933662280701755 0.6383406432748537 0.04029605263157898 0.05592105263157887
1 0.24177631578947367 0.6726973684210527 0.0394736842105263 0.04568713450292394
1 0.6700932017543859 0.7819809941520468 0.08141447368421051 0.10343567251461994
1 0.7702850877192983 0.8048245614035088 0.08388157894736836 0.12280701754385959
1 0.7541118421052632 0.7231359649122806 0.0668859649122806 0.08954678362573099
1 0.6244517543859649 0.6803728070175439 0.05427631578947367 0.07492690058479534
1 0.5845668859649122 0.6337719298245614 0.030427631578947345 0.03874269005847952
1 0.9553179824561404 0.6774488304093567 0.05043859649122806 0.06907894736842113
