1 0.20813204508856684 0.49029126213592233 0.03784219001610306 0.07350901525658804
1 0.3417874396135266 0.22468793342579751 0.0249597423510467 0.04160887656033288
1 0.3538647342995169 0.25589459084604715 0.0249597423510467 0.05131761442441052
1 0.3969404186795491 0.2669902912621359 0.02254428341384862 0.04299583911234395
1 0.3715780998389694 0.23717059639389737 0.021739130434782594 0.03328710124826628
1 0.39814814814814814 0.23439667128987518 0.020128824476650542 0.03883495145631069
1 0.41223832528180354 0.20319001386962554 0.017713365539452464 0.037447988904299595
1 0.44122383252818037 0.22191400832177532 0.020933977455716568 0.03883495145631069
1 0.47101449275362317 0.23578363384188628 0.027375201288244777 0.04993065187239945
1 0.5132850241545894 0.18515950069348128 0.021739130434782594 0.04576976421636614
1 0.45410628019323673 0.17475728155339806 0.016103059581320467 0.030513176144244092
1 0.44162640901771333 0.1712898751733703 0.013687600644122389 0.031900138696255215
1 0.4593397745571659 0.1539528432732316 0.016908212560386493 0.03328710124826631
1 0.47061191626409016 0.14563106796116504 0.016908212560386493 0.02496532593619974
1 0.5120772946859904 0.12690707350901526 0.012882447665056307 0.023578363384188616
1 0.5257648953301127 0.14771151178918168 0.012882447665056418 0.029126213592233025
1 0.5350241545893719 0.13522884882108183 0.01207729468599028 0.023578363384188616
1 0.5499194847020934 0.16158113730929263 0.017713365539452575 0.040221914008321785
1 0.5599838969404187 0.14008321775312066 0.015297906602254385 0.0277392510402219
1 0.570450885668277 0.12829403606102635 0.013687600644122444 0.029126213592232997
1 0.5845410628019323 0.16227461858529818 0.017713365539452464 0.0360610263522885
1 0.5901771336553945 0.1289875173370319 0.01610305958132041 0.02496532593619971
1 0.5982286634460547 0.11373092926490985 0.01449275362318847 0.024965325936199725
1 0.6159420289855073 0.14771151178918168 0.019323671497584516 0.040221914008321785
1 0.6167471819645733 0.11858529819694869 0.01610305958132041 0.02635228848821082
1 0.6364734299516908 0.11165048543689321 0.016908212560386437 0.02912621359223301
1 0.6457326892109501 0.09639389736477116 0.01449275362318847 0.0319001386962552
1 0.6545893719806763 0.11165048543689321 0.01449275362318847 0.02912621359223301
1 0.6533816425120773 0.13800277392510402 0.013687600644122444 0.029126213592232997
1 0.6719001610305958 0.12135922330097088 0.015297906602254496 0.02912621359223301
1 0.7000805152979066 0.10748959778085992 0.01690821256038655 0.0319001386962552
1 0.5499194847020934 0.3058252427184466 0.025764895330112614 0.062413314840499334
1 0.5660225442834139 0.2524271844660194 0.025764895330112725 0.04160887656033285
1 0.6115136876006442 0.2170596393897365 0.02657004830917875 0.045769764216366166
1 0.6131239935587762 0.2579750346740638 0.029790660225442855 0.058252427184465994
1 0.6368760064412238 0.3120665742024965 0.032206119162640934 0.06657420249653262
1 0.6533816425120773 0.26907073509015256 0.028180354267310803 0.05270457697642161
1 0.6634460547504026 0.2260748959778086 0.027375201288244777 0.05270457697642164
1 0.6855877616747181 0.1927877947295423 0.0249597423510467 0.04438280166435504
1 0.7157809983896941 0.22052704576976423 0.024154589371980673 0.04993065187239945
1 0.7230273752012882 0.1726768377253814 0.02093397745571668 0.042995839112343975
1 0.7407407407407407 0.18793342579750347 0.025764895330112725 0.04854368932038833
1 0.7592592592592593 0.17337031900138694 0.020933977455716568 0.04438280166435507
1 0.7600644122383253 0.1393897364771151 0.017713365539452464 0.03190013869625519
1 0.7814009661835748 0.10471567267683773 0.015297906602254385 0.03467406380027739
1 0.7954911433172303 0.15187239944521497 0.017713365539452464 0.037447988904299595
1 0.7910628019323671 0.19764216366158113 0.015297906602254385 0.03467406380027738
1 0.7805958132045088 0.231622746185853 0.02657004830917875 0.04160887656033288
1 0.7773752012882447 0.2857142857142857 0.028180354267310803 0.05547850208044386
1 0.8083735909822867 0.3959778085991678 0.03864734299516914 0.08183079056865461
1 0.8965378421900161 0.4195561719833565 0.03623188405797095 0.0735090152565881
1 0.8752012882447665 0.31830790568654643 0.03220611916264082 0.0707350901525659
1 0.9150563607085347 0.34535367545076284 0.036231884057971064 0.06380027739251037
1 0.9134460547504026 0.2766990291262136 0.02657004830917875 0.05409153952843271
1 0.9335748792270531 0.24757281553398058 0.021739130434782594 0.0568654646324549
1 0.8772141706924315 0.25450762829403606 0.0249597423510467 0.04299583911234395
1 0.8252818035426731 0.23717059639389737 0.02093397745571668 0.04715672676837726
1 0.8337359098228663 0.21775312066574204 0.023349436392914646 0.04438280166435507
1 0.822061191626409 0.16435506241331482 0.016103059581320522 0.037447988904299595
1 0.8071658615136876 0.18932038834951456 0.01851851851851849 0.04022191400832176
1 0.820048309178744 0.12135922330097088 0.01851851851851849 0.03744798890429958
1 0.8526570048309179 0.1289875173370319 0.016103059581320522 0.030513176144244092
1 0.8739935587761675 0.14147018030513175 0.013687600644122444 0.0277392510402219
1 0.8639291465378423 0.17198335644937587 0.01610305958132041 0.030513176144244092
1 0.8514492753623188 0.1927877947295423 0.0185185185185186 0.04160887656033285
1 0.8800322061191626 0.22052704576976423 0.01610305958132041 0.03051317614424412
1 0.9021739130434783 0.18030513176144244 0.015297906602254496 0.04160887656033285
1 0.9090177133655395 0.1421636615811373 0.020933977455716568 0.037447988904299595
