1 0.22741116751269036 0.40467625899280574 0.07106598984771573 0.12589928057553956
1 0.3862944162436548 0.4748201438848921 0.07411167512690359 0.13669064748201432
1 0.3614213197969543 0.15557553956834533 0.030456852791878153 0.044964028776978415
1 0.41065989847715734 0.1960431654676259 0.025380710659898498 0.04676258992805754
1 0.44111675126903555 0.20953237410071943 0.02131979695431474 0.044964028776978415
1 0.4467005076142132 0.25629496402877694 0.028426395939086302 0.044964028776978415
1 0.4883248730964467 0.2185251798561151 0.026395939086294395 0.044964028776978415
1 0.6010152284263959 0.2068345323741007 0.02030456852791873 0.04316546762589929
1 0.6532994923857868 0.23381294964028776 0.035532994923857864 0.04676258992805757
1 0.5959390862944163 0.1052158273381295 0.018274111675126936 0.02697841726618705
1 0.615736040609137 0.1079136690647482 0.013197969543147114 0.02517985611510791
1 0.6487309644670051 0.11061151079136691 0.012182741116751217 0.02697841726618705
1 0.6807106598984771 0.09892086330935251 0.015228426395939132 0.02877697841726619
