1 0.2715686274509804 0.30597014925373134 0.023529411764705854 0.05804311774461024
1 0.20490196078431372 0.5033167495854063 0.04117647058823529 0.06467661691542287
1 0.4343137254901961 0.2694859038142621 0.019607843137254888 0.03482587064676618
1 0.4294117647058824 0.21227197346600332 0.017647058823529405 0.033167495854063034
1 0.4607843137254902 0.2330016583747927 0.02156862745098037 0.03150912106135986
1 0.4931372549019608 0.30597014925373134 0.023529411764705854 0.038142620232172464
1 0.5529411764705883 0.35572139303482586 0.019607843137254943 0.04809286898839138
1 0.7343137254901961 0.13266998341625208 0.01764705882352946 0.03648424543946932
1 0.7676470588235293 0.14179104477611942 0.015686274509803977 0.03150912106135986
1 0.9044117647058824 0.2139303482587065 0.022549019607843057 0.04311774461028192
