1 0.18342644320297952 0.48247078464106846 0.037243947858473014 0.07345575959933226
1 0.27886405959031657 0.24040066777963273 0.013966480446927387 0.03672787979966613
1 0.30679702048417135 0.22454090150250416 0.01210428305400374 0.03171953255425711
1 0.3356610800744879 0.22287145242070117 0.017690875232774683 0.03171953255425708
1 0.3817504655493482 0.1894824707846411 0.013035381750465536 0.03171953255425711
1 0.35661080074487894 0.2312186978297162 0.01862197392923648 0.035058430717863104
1 0.35009310986964615 0.27295492487479134 0.020484171322160127 0.03171953255425708
1 0.38035381750465547 0.2629382303839733 0.021415270018621924 0.0417362270450751
1 0.3929236499068901 0.22287145242070117 0.014897579143389239 0.028380634390651083
1 0.4050279329608939 0.19949916527545908 0.01675977653631283 0.03171953255425711
1 0.44320297951582865 0.17946577629382304 0.01675977653631283 0.028380634390651083
1 0.4557728119180633 0.15609348914858096 0.013966480446927332 0.02838063439065111
1 0.47718808193668527 0.1427378964941569 0.010242085661080091 0.02504173622704506
1 0.4106145251396648 0.25709515859766274 0.02234636871508383 0.04674457429048412
1 0.45437616387337054 0.22537562604340566 0.020484171322160127 0.0367278797996661
1 0.5567970204841713 0.12353923205342238 0.013035381750465591 0.030050083472454095
1 0.4757914338919925 0.2437395659432387 0.020484171322160127 0.050083472454090144
1 0.49487895716945995 0.20283806343906513 0.019553072625698276 0.035058430717863104
1 0.5200186219739293 0.21702838063439064 0.02141527001862198 0.04340567612687812
1 0.5321229050279329 0.18196994991652754 0.017690875232774683 0.04006677796327213
1 0.5093109869646182 0.1702838063439065 0.016759776536312887 0.04340567612687815
1 0.5814711359404097 0.1686143572621035 0.01582867783985109 0.04006677796327213
1 0.5763500931098697 0.1302170283806344 0.011173184357541888 0.026711185308848084
1 0.611266294227188 0.1293823038397329 0.013966480446927387 0.028380634390651097
1 0.6163873370577282 0.14858096828046743 0.011173184357541888 0.026711185308848084
1 0.6396648044692738 0.1293823038397329 0.013035381750465591 0.028380634390651097
1 0.664804469273743 0.12520868113522537 0.013035381750465591 0.03005008347245408
1 0.5679702048417132 0.2328881469115192 0.022346368715083775 0.048414023372287174
1 0.5190875232774674 0.2996661101836394 0.02141527001862198 0.04507512520868112
1 0.5772811918063314 0.2896494156928214 0.02607076350093107 0.058430717863105164
1 0.6177839851024209 0.25208681135225375 0.02327746741154557 0.04674457429048415
1 0.6354748603351956 0.20951585976627712 0.02141527001862198 0.03839732888146913
1 0.6531657355679702 0.18280467445742904 0.019553072625698276 0.035058430717863104
1 0.6401303538175047 0.32220367278797996 0.02886405959031657 0.05342237061769617
1 0.6550279329608939 0.2579298831385643 0.02141527001862198 0.055091819699499195
1 0.6792364990689013 0.20617696160267113 0.019553072625698387 0.048414023372287146
1 0.6922718808193669 0.15191986644407346 0.01582867783985109 0.03005008347245408
1 0.728584729981378 0.1310517529215359 0.013966480446927276 0.028380634390651083
1 0.7309124767225326 0.18030050083472454 0.022346368715083775 0.026711185308848084
1 0.7453445065176909 0.14607679465776294 0.013966480446927387 0.02170283806343909
1 0.7132216014897579 0.21869782971619367 0.027932960893854775 0.05342237061769614
1 0.7681564245810055 0.27545909849749584 0.02420856610800748 0.05008347245409017
1 0.7523277467411545 0.2412353923205342 0.022346368715083775 0.05509181969949914
1 0.7723463687150838 0.20784641068447413 0.017690875232774683 0.03839732888146913
1 0.7644320297951583 0.1652754590984975 0.014897579143389295 0.03005008347245408
1 0.7625698324022346 0.13856427378964942 0.014897579143389184 0.03005008347245408
1 0.8319366852886405 0.15442404006677796 0.01582867783985098 0.03171953255425711
1 0.791899441340782 0.1669449081803005 0.013966480446927387 0.03005008347245408
1 0.8584729981378026 0.15525876460767946 0.014897579143389184 0.03005008347245411
1 0.8891992551210428 0.1619365609348915 0.013035381750465591 0.0367278797996661
1 0.8431098696461825 0.2011686143572621 0.019553072625698276 0.03839732888146913
1 0.8184357541899441 0.2303839732888147 0.020484171322160072 0.04340567612687812
1 0.8361266294227188 0.32136894824707846 0.022346368715083886 0.06510851419031716
1 0.8561452513966481 0.25041736227045075 0.017690875232774572 0.04340567612687815
1 0.8733705772811917 0.19699499165275458 0.01862197392923648 0.033388981636060105
1 0.9189944134078212 0.25459098497495825 0.020484171322160072 0.058430717863105164
1 0.9134078212290503 0.2412353923205342 0.020484171322160183 0.04507512520868115
1 0.7281191806331471 0.21035058430717862 0.020484171322160072 0.04340567612687812
1 0.5512104283054005 0.15943238731218695 0.016759776536312887 0.035058430717863104
1 0.6294227188081937 0.12604340567612687 0.013035381750465591 0.028380634390651083
1 0.30353817504655495 0.2646076794657763 0.014897579143389184 0.0383973288814691
1 0.2704841713221601 0.27128547579298834 0.017690875232774683 0.028380634390651083
1 0.5935754189944134 0.15191986644407346 0.012104283054003795 0.03672787979966613
1 0.712756052141527 0.27879799666110183 0.025139664804469275 0.056761268781302165
