1 0.14795918367346939 0.5545454545454546 0.05102040816326531 0.08181818181818179
1 0.2857142857142857 0.575 0.03401360544217685 0.04999999999999993
1 0.4302721088435374 0.5431818181818182 0.030612244897959162 0.040909090909090895
1 0.36904761904761907 0.5227272727272727 0.030612244897959162 0.036363636363636376
1 0.37244897959183676 0.4840909090909091 0.0170068027210884 0.0318181818181818
1 0.2976190476190476 0.5045454545454545 0.017006802721088454 0.027272727272727282
1 0.3129251700680272 0.5295454545454545 0.02721088435374147 0.031818181818181746
1 0.4319727891156463 0.47045454545454546 0.02040816326530609 0.022727272727272707
1 0.4710884353741497 0.4568181818181818 0.0170068027210884 0.0318181818181818
1 0.49829931972789115 0.49090909090909085 0.023809523809523836 0.03636363636363632
1 0.5408163265306123 0.5204545454545455 0.027210884353741416 0.03181818181818186
1 0.5493197278911565 0.44545454545454544 0.017006802721088343 0.027272727272727282
1 0.5935374149659864 0.4340909090909091 0.017006802721088454 0.03181818181818186
1 0.6377551020408163 0.4181818181818182 0.030612244897959107 0.03636363636363632
1 0.685374149659864 0.45227272727272727 0.030612244897959218 0.040909090909090895
1 0.6904761904761905 0.5181818181818182 0.03401360544217691 0.05454545454545451
1 0.9489795918367347 0.44772727272727275 0.061224489795918324 0.08636363636363636
1 0.9183673469387755 0.4022727272727273 0.03401360544217691 0.05909090909090908
1 0.903061224489796 0.35909090909090907 0.023809523809523836 0.036363636363636376
1 0.9472789115646258 0.35 0.023809523809523725 0.03636363636363632
1 0.9761904761904762 0.34090909090909094 0.027210884353741527 0.03636363636363632
1 0.8690476190476191 0.3772727272727273 0.030612244897959218 0.04545454545454547
1 0.8520408163265306 0.4159090909090909 0.023809523809523725 0.040909090909090895
1 0.8299319727891157 0.4181818181818182 0.027210884353741527 0.04545454545454547
1 0.8010204081632653 0.42272727272727273 0.023809523809523836 0.045454545454545414
1 0.8163265306122449 0.3840909090909091 0.027210884353741527 0.040909090909090895
1 0.7193877551020409 0.40454545454545454 0.023809523809523836 0.036363636363636376
1 0.7380952380952381 0.38636363636363635 0.020408163265306145 0.036363636363636376
1 0.6836734693877551 0.40454545454545454 0.020408163265306145 0.036363636363636376
