1 0.34106280193236715 0.20862068965517241 0.019323671497584516 0.03448275862068967
1 0.408695652173913 0.23017241379310344 0.02125603864734299 0.0396551724137931
1 0.42028985507246375 0.21810344827586206 0.015458937198067624 0.03275862068965518
1 0.43816425120772945 0.2189655172413793 0.018357487922705307 0.04482758620689656
1 0.4869565217391304 0.21206896551724136 0.02125603864734299 0.04827586206896553
1 0.4990338164251208 0.1870689655172414 0.02028985507246378 0.0396551724137931
1 0.5024154589371981 0.13448275862068965 0.01352657004830915 0.034482758620689655
1 0.5323671497584541 0.19482758620689655 0.023188405797101463 0.04482758620689653
1 0.5821256038647343 0.1724137931034483 0.018357487922705307 0.041379310344827586
1 0.6198067632850242 0.13448275862068965 0.018357487922705307 0.03793103448275863
1 0.6376811594202898 0.2543103448275862 0.025120772946859993 0.056896551724137934
1 0.6613526570048309 0.19224137931034482 0.020289855072463725 0.046551724137931016
1 0.6990338164251207 0.30689655172413793 0.02801932367149762 0.06206896551724139
1 0.7198067632850241 0.18448275862068964 0.021256038647343045 0.03793103448275861
1 0.7608695652173914 0.25689655172413794 0.022222222222222254 0.04482758620689656
1 0.8439613526570049 0.3353448275862069 0.024154589371980673 0.060344827586206906
1 0.8657004830917874 0.2887931034482759 0.025120772946859993 0.060344827586206906
1 0.8304347826086957 0.22844827586206895 0.022222222222222254 0.05000000000000002
1 0.840096618357488 0.19913793103448274 0.018357487922705307 0.04310344827586207
1 0.8884057971014493 0.22413793103448276 0.018357487922705307 0.041379310344827586
1 0.9241545893719807 0.20862068965517241 0.01642512077294689 0.04482758620689653
1 0.9289855072463769 0.2879310344827586 0.022222222222222254 0.044827586206896586
