1 0.03463541666666667 0.546484375 0.06822916666666667 0.13984375000000004
1 0.12734375 0.525 0.05572916666666668 0.08749999999999997
1 0.21250000000000002 0.3875 0.037500000000000006 0.05625000000000002
1 0.3578125 0.503125 0.033333333333333326 0.07031250000000006
1 0.3783854166666667 0.49492187499999996 0.022395833333333337 0.058593749999999944
1 0.4341145833333333 0.47187500000000004 0.06822916666666662 0.11718750000000006
1 0.58203125 0.344140625 0.07552083333333326 0.12578125
1 0.5013020833333333 0.521484375 0.03385416666666663 0.06015624999999997
1 0.7270833333333333 0.46953124999999996 0.029166666666666674 0.04999999999999999
1 0.7921875 0.474609375 0.03541666666666665 0.046093750000000044
1 0.7796875 0.45625000000000004 0.023958333333333304 0.04218749999999999
1 0.8921874999999999 0.47265625 0.029166666666666674 0.0625
1 0.9856770833333333 0.48320312499999996 0.02864583333333337 0.050781249999999944
