1 0.06171548117154811 0.706989247311828 0.07740585774058577 0.10752688172043012
1 0.07426778242677824 0.6303763440860215 0.027196652719665267 0.045698924731182755
1 0.11087866108786612 0.6223118279569892 0.04184100418410043 0.056451612903225756
1 0.13807531380753138 0.6330645161290323 0.0292887029288703 0.051075268817204256
1 0.02092050209205021 0.635752688172043 0.03765690376569038 0.06182795698924726
1 0.02092050209205021 0.685483870967742 0.03765690376569038 0.08064516129032262
1 0.1317991631799163 0.706989247311828 0.06694560669456065 0.10215053763440862
1 0.18828451882845187 0.7956989247311828 0.1506276150627615 0.19892473118279563
1 0.1799163179916318 0.6693548387096775 0.04184100418410042 0.06989247311827962
1 0.20397489539748953 0.6424731182795699 0.03974895397489539 0.05913978494623651
1 0.2102510460251046 0.6102150537634409 0.035564853556485365 0.053763440860215006
1 0.2803347280334728 0.721774193548387 0.08368200836820083 0.12634408602150538
1 0.2918410041841004 0.6424731182795699 0.043933054393305415 0.06451612903225801
1 0.2719665271966527 0.6155913978494624 0.029288702928870314 0.048387096774193505
1 0.305439330543933 0.6048387096774194 0.02928870292887026 0.048387096774193505
1 0.2719665271966527 0.5900537634408602 0.02510460251046026 0.034946236559139754
1 0.3043933054393305 0.581989247311828 0.02719665271966526 0.045698924731182866
1 0.37133891213389125 0.5188172043010753 0.02719665271966526 0.037634408602150504
1 0.3608786610878661 0.7043010752688172 0.05230125523012552 0.09139784946236562
1 0.3702928870292887 0.6559139784946236 0.03347280334728031 0.05913978494623651
1 0.41841004184100417 0.6922043010752688 0.054393305439330575 0.09408602150537637
1 0.39539748953974896 0.6397849462365591 0.02092050209205021 0.043010752688172005
1 0.41527196652719667 0.6209677419354839 0.02719665271966526 0.048387096774193505
1 0.42677824267782427 0.6478494623655914 0.029288702928870314 0.043010752688172005
1 0.45083682008368203 0.635752688172043 0.03138075313807531 0.051075268817204256
1 0.4497907949790795 0.6021505376344086 0.02510460251046026 0.048387096774193505
1 0.47384937238493724 0.6115591397849462 0.023012552301255207 0.040322580645161255
1 0.5083682008368201 0.6048387096774194 0.02510460251046026 0.048387096774193505
1 0.5010460251046025 0.6559139784946236 0.03138075313807537 0.048387096774193505
1 0.48117154811715485 0.706989247311828 0.11297071129707115 0.11290322580645162
1 0.5387029288702929 0.8266129032258065 0.16527196652719667 0.2553763440860215
1 0.5826359832635983 0.689516129032258 0.060669456066945626 0.07795698924731187
1 0.5418410041841004 0.6129032258064516 0.03347280334728042 0.048387096774193505
1 0.5721757322175732 0.614247311827957 0.027196652719665204 0.051075268817204256
1 0.608786610878661 0.6223118279569892 0.029288702928870314 0.045698924731182755
1 0.6244769874476988 0.6653225806451613 0.03974895397489542 0.06182795698924737
1 0.6548117154811716 0.711021505376344 0.06276150627615062 0.11559139784946237
1 0.7280334728033473 0.7526881720430108 0.12133891213389125 0.15591397849462374
1 0.7228033472803348 0.6505376344086021 0.04811715481171552 0.06989247311827951
1 0.6652719665271967 0.6491935483870968 0.025104602510460206 0.045698924731182755
1 0.6841004184100419 0.6330645161290323 0.029288702928870314 0.045698924731182755
1 0.6893305439330544 0.668010752688172 0.03556485355648542 0.05645161290322587
1 0.6359832635983264 0.603494623655914 0.029288702928870203 0.045698924731182755
1 0.7269874476987448 0.6061827956989247 0.03138075313807531 0.051075268817204256
1 0.7615062761506277 0.6276881720430108 0.029288702928870314 0.051075268817204256
1 0.7897489539748954 0.6008064516129032 0.03138075313807531 0.034946236559139754
1 0.8410041841004183 0.700268817204301 0.07112970711297073 0.10483870967741937
1 0.8169456066945606 0.6559139784946236 0.03556485355648531 0.053763440860215006
1 0.8420502092050208 0.6330645161290323 0.03138075313807531 0.051075268817204256
1 0.8692468619246863 0.6075268817204301 0.03556485355648531 0.048387096774193505
1 0.9267782426778243 0.7688172043010753 0.10460251046025104 0.15591397849462363
1 0.9236401673640168 0.7016129032258065 0.06485355648535562 0.08602150537634412
1 0.9257322175732218 0.6612903225806452 0.03974895397489542 0.05376344086021512
1 0.9257322175732218 0.6276881720430108 0.03556485355648542 0.051075268817204256
1 0.946652719665272 0.6129032258064516 0.03556485355648542 0.06451612903225801
