1 0.14750000000000002 0.5433070866141733 0.15166666666666667 0.2939632545931759
1 0.4766666666666667 0.568241469816273 0.2 0.3648293963254593
1 0.9291666666666667 0.5354330708661417 0.14166666666666672 0.34120734908136485
1 0.8216666666666668 0.5196850393700787 0.10999999999999999 0.23097112860892388
1 0.55 0.4343832020997376 0.13333333333333336 0.24409448818897644
1 0.6883333333333334 0.28346456692913385 0.07666666666666666 0.1889763779527559
1 0.5408333333333334 0.29265091863517056 0.09500000000000003 0.1443569553805774
1 0.8083333333333333 0.20078740157480315 0.07333333333333336 0.12860892388451445
1 0.8875 0.26246719160104987 0.08833333333333326 0.1732283464566929
1 0.9733333333333334 0.31496062992125984 0.053333333333333344 0.1627296587926509
1 0.25 0.3162729658792651 0.08333333333333334 0.13385826771653545
1 0.23083333333333333 0.4881889763779528 0.10833333333333331 0.21522309711286086
1 0.13333333333333333 0.35958005249343833 0.08333333333333333 0.12598425196850394
