1 0.037500000000000006 0.637218045112782 0.060000000000000005 0.10150375939849632
1 0.035 0.5695488721804511 0.04 0.0563909774436091
1 0.027499999999999997 0.5225563909774436 0.034999999999999996 0.052631578947368474
1 0.05 0.5244360902255639 0.025 0.048872180451127845
1 0.12375 0.731203007518797 0.0775 0.14661654135338342
1 0.11125 0.5545112781954887 0.0325 0.0563909774436091
1 0.09875 0.518796992481203 0.022500000000000006 0.03759398496240607
1 0.11875 0.5150375939849624 0.02750000000000001 0.04511278195488727
1 0.15125 0.5469924812030076 0.037500000000000006 0.06390977443609025
1 0.17375000000000002 0.5056390977443609 0.027499999999999997 0.048872180451127845
1 0.20375 0.4906015037593985 0.022499999999999992 0.033834586466165495
1 0.23125 0.5263157894736843 0.0325 0.045112781954887216
1 0.28125 0.6578947368421053 0.07250000000000001 0.12030075187969924
1 0.26 0.5808270676691729 0.040000000000000036 0.048872180451127845
1 0.27125 0.5319548872180451 0.02749999999999997 0.0413533834586467
1 0.2425 0.4849624060150376 0.015000000000000013 0.03007518796992481
1 0.26875000000000004 0.49248120300751874 0.02250000000000002 0.03759398496240601
1 0.28125 0.4699248120300752 0.022499999999999964 0.03007518796992481
1 0.29374999999999996 0.4830827067669173 0.02250000000000002 0.03383458646616544
1 0.32 0.5357142857142858 0.040000000000000036 0.05639097744360899
1 0.32625000000000004 0.4906015037593985 0.027500000000000024 0.041353383458646586
1 0.34875 0.5112781954887218 0.02749999999999997 0.04511278195488727
1 0.375 0.5206766917293233 0.025000000000000022 0.041353383458646586
1 0.35875 0.4849624060150376 0.02250000000000002 0.03007518796992481
1 0.38875 0.5657894736842106 0.05249999999999999 0.06390977443609025
1 0.42874999999999996 0.5131578947368421 0.027500000000000024 0.04135338345864664
1 0.4175 0.4906015037593985 0.024999999999999967 0.033834586466165495
1 0.3875 0.4793233082706767 0.025000000000000022 0.04135338345864664
1 0.4475 0.4830827067669173 0.020000000000000018 0.03383458646616544
1 0.47 0.4793233082706767 0.019999999999999962 0.033834586466165384
1 0.495 0.4887218045112782 0.020000000000000018 0.03759398496240607
1 0.47375 0.5451127819548872 0.03249999999999997 0.06766917293233088
1 0.5075000000000001 0.5338345864661653 0.03500000000000003 0.045112781954887216
1 0.5275 0.4887218045112782 0.020000000000000018 0.03759398496240607
1 0.55375 0.49812030075187974 0.02749999999999997 0.0488721804511279
1 0.6125 0.4924812030075188 0.025000000000000022 0.045112781954887216
1 0.63625 0.47180451127819545 0.02749999999999997 0.04135338345864664
1 0.8574999999999999 0.3176691729323308 0.06500000000000006 0.09398496240601506
