1 0.045682102628285357 0.46810506566604126 0.0463078848560701 0.0656660412757974
1 0.13642052565707136 0.4774859287054409 0.04005006257822277 0.05816135084427765
1 0.15331664580725907 0.39305816135084426 0.03128911138923654 0.039399624765478425
1 0.21276595744680848 0.4343339587242026 0.030037546933667086 0.046904315196998114
1 0.24405506883604505 0.4643527204502814 0.040050062578222745 0.05816135084427765
1 0.304755944931164 0.4399624765478424 0.021276595744680826 0.03939962476547837
1 0.32978723404255317 0.4474671669793621 0.026282853566958697 0.039399624765478425
1 0.3529411764705882 0.4606003752345216 0.02753441802252815 0.039399624765478425
1 0.3898623279098874 0.46810506566604126 0.033792240300375476 0.04315196998123827
1 0.37734668335419275 0.44183864915572235 0.021276595744680882 0.035647279549718525
1 0.35544430538172717 0.42964352720450283 0.02252816020025028 0.030018761726078813
1 0.40112640801001254 0.4371482176360225 0.021276595744680826 0.0337711069418386
1 0.4668335419274092 0.4446529080675422 0.025031289111389243 0.04127579737335835
1 0.49874843554443055 0.43433395872420266 0.021276595744680882 0.028142589118198835
1 0.5275344180225281 0.48405253283302063 0.038798498122653347 0.08255159474671675
1 0.5531914893617021 0.44183864915572235 0.017521902377972465 0.028142589118198835
1 0.6170212765957447 0.4455909943714822 0.0250312891113893 0.04315196998123827
1 0.6351689612015019 0.40712945590994376 0.018773466833541974 0.03377110694183866
1 0.6251564455569463 0.5159474671669794 0.04380475594493116 0.08630393996247654
1 0.6564455569461827 0.4709193245778611 0.02377972465581968 0.0375234521575985
1 0.6764705882352942 0.4540337711069419 0.018773466833541863 0.03377110694183866
1 0.7152690863579474 0.46341463414634143 0.02377972465581979 0.0375234521575985
1 0.7872340425531914 0.5084427767354597 0.04505632040050067 0.07129455909943716
1 0.7928660826032541 0.46810506566604126 0.02377972465581979 0.039399624765478425
1 0.8973717146433041 0.5056285178236398 0.042553191489361764 0.06191369606003755
1 0.9524405506883604 0.4971857410881801 0.052565707133917394 0.09756097560975607
1 0.856070087609512 0.47560975609756095 0.025031289111389188 0.039399624765478425
1 0.8247809762202754 0.4465290806754222 0.020025031289111483 0.03377110694183866
