0 0.685 0.63125 0.07333333333333336 0.10250000000000004
0 0.71 0.40875 0.040000000000000036 0.07750000000000001
0 0.42833333333333334 0.565 0.04999999999999999 0.08500000000000008
0 0.45916666666666667 0.44625 0.04166666666666663 0.0625
0 0.4816666666666667 0.43375 0.02999999999999997 0.0625
0 0.545 0.42500000000000004 0.030000000000000027 0.06
0 0.8025 0.4075 0.03499999999999992 0.065
0 0.8425 0.4 0.03833333333333333 0.065
0 0.9633333333333334 0.4075 0.033333333333333326 0.07
0 0.3125 0.39375000000000004 0.06166666666666665 0.10749999999999998
0 0.6016666666666667 0.34625 0.05666666666666664 0.11250000000000004
0 0.35583333333333333 0.46499999999999997 0.03166666666666662 0.065
0 0.39416666666666667 0.435 0.03500000000000003 0.06999999999999995
0 0.22333333333333333 0.31 0.07333333333333333 0.125
0 0.12083333333333332 0.385 0.048333333333333325 0.07500000000000001
0 0.015 0.4675 0.026666666666666665 0.06
0 0.011666666666666667 0.37 0.02 0.07499999999999996
