1 0.17929759704251386 0.47944078947368424 0.042513863216266184 0.08388157894736847
1 0.27171903881700554 0.2886513157894737 0.014787430683918634 0.024671052631578927
1 0.27171903881700554 0.2606907894736842 0.01848428835489835 0.027960526315789463
1 0.2874306839186691 0.26973684210526316 0.018484288354898293 0.032894736842105254
1 0.3313308687615527 0.28207236842105265 0.02125693160813308 0.034539473684210564
1 0.37292051756007394 0.2886513157894737 0.021256931608133134 0.03453947368421051
1 0.3946395563770795 0.1998355263157895 0.014787430683918634 0.027960526315789463
1 0.371996303142329 0.18832236842105263 0.015711645101663563 0.02796052631578949
1 0.40388170055452866 0.1768092105263158 0.014787430683918634 0.02796052631578949
1 0.416358595194085 0.171875 0.015711645101663563 0.02796052631578949
1 0.4168207024029575 0.1118421052631579 0.014787430683918634 0.02631578947368421
1 0.44131238447319776 0.18585526315789475 0.013863216266173761 0.032894736842105254
1 0.4390018484288355 0.23848684210526316 0.01663585951940849 0.03947368421052633
1 0.46950092421441775 0.22779605263157893 0.020332717190388205 0.037828947368421045
1 0.48290203327171904 0.19654605263157893 0.01756007393715342 0.027960526315789463
1 0.4722735674676525 0.1842105263157895 0.01663585951940849 0.029605263157894718
1 0.4768946395563771 0.15131578947368424 0.01478743068391869 0.02631578947368421
1 0.49630314232902034 0.13980263157894735 0.009242144177449174 0.016447368421052627
1 0.5092421441774492 0.1455592105263158 0.01109057301293892 0.021381578947368418
1 0.521256931608133 0.140625 0.011090573012939031 0.021381578947368418
1 0.5180221811460259 0.17105263157894737 0.015711645101663563 0.029605263157894746
1 0.5531423290203328 0.12253289473684212 0.013863216266173706 0.021381578947368432
1 0.5771719038817005 0.14144736842105263 0.015711645101663563 0.029605263157894746
1 0.5864140480591498 0.1225328947368421 0.015711645101663563 0.024671052631578955
1 0.6090573012939002 0.10773026315789475 0.012939001848428888 0.02467105263157894
1 0.6261552680221811 0.10855263157894737 0.010166358595194103 0.023026315789473686
1 0.6076709796672828 0.1430921052631579 0.013863216266173706 0.02631578947368421
1 0.5679297597042514 0.18009868421052633 0.013863216266173706 0.03125
1 0.544362292051756 0.1875 0.01848428835489835 0.03618421052631576
1 0.48844731977818856 0.34621710526315785 0.026802218114602594 0.04111842105263158
1 0.5281885397412199 0.3560855263157895 0.026802218114602594 0.04440789473684209
1 0.6705175600739371 0.3305921052631579 0.024953789279112737 0.046052631578947345
1 0.5780961182994455 0.23601973684210525 0.019408502772643277 0.04111842105263161
1 0.6113678373382625 0.2467105263157895 0.019408502772643277 0.03947368421052633
1 0.6256931608133087 0.21052631578947367 0.014787430683918634 0.03618421052631579
1 0.6511090573012939 0.22039473684210525 0.015711645101663563 0.0394736842105263
1 0.682532347504621 0.24095394736842107 0.01756007393715342 0.03453947368421054
1 0.7273567467652495 0.25082236842105265 0.020332717190388205 0.0542763157894737
1 0.7458410351201479 0.2294407894736842 0.020332717190388205 0.04440789473684209
1 0.7744916820702403 0.26973684210526316 0.02402957486136781 0.04934210526315788
1 0.728743068391867 0.34210526315789475 0.02865064695009234 0.06578947368421051
1 0.7610905730129389 0.35690789473684215 0.032347504621072054 0.06907894736842107
1 0.711645101663586 0.19736842105263158 0.022181146025878062 0.03947368421052633
1 0.6880776340110906 0.19243421052631576 0.015711645101663674 0.03618421052631579
1 0.6538817005545287 0.17351973684210525 0.019408502772643166 0.03453947368421054
1 0.6580406654343808 0.11513157894736842 0.01109057301293892 0.023026315789473673
1 0.6423290203327172 0.1381578947368421 0.012939001848428777 0.0230263157894737
1 0.6913123844731979 0.10608552631578948 0.011090573012939031 0.021381578947368418
1 0.7453789279112755 0.11842105263157895 0.013863216266173706 0.029605263157894746
1 0.7721811460258781 0.1299342105263158 0.012014787430683849 0.023026315789473686
1 0.755083179297597 0.1595394736842105 0.01663585951940849 0.02631578947368421
1 0.777264325323475 0.1981907894736842 0.01848428835489835 0.03782894736842107
1 0.8294824399260629 0.12171052631578946 0.010166358595194103 0.01973684210526315
1 0.8271719038817005 0.1430921052631579 0.012939001848428888 0.02631578947368421
1 0.8285582255083179 0.19490131578947367 0.01756007393715342 0.037828947368421045
1 0.8012939001848429 0.2532894736842105 0.020332717190388094 0.0394736842105263
1 0.8553604436229205 0.2598684210526316 0.015711645101663674 0.042763157894736836
1 0.8752310536044362 0.2154605263157895 0.014787430683918634 0.03289473684210528
1 0.9085027726432533 0.24259868421052633 0.014787430683918745 0.03125
1 0.9154343807763401 0.20723684210526316 0.015711645101663563 0.03618421052631579
1 0.8535120147874307 0.16118421052631576 0.013863216266173817 0.02631578947368421
1 0.8743068391866913 0.1875 0.014787430683918634 0.019736842105263164
1 0.9223659889094269 0.1587171052631579 0.011090573012939031 0.027960526315789463
1 0.8622920517560073 0.12335526315789473 0.011090573012939031 0.02631578947368421
1 0.8729205175600739 0.3462171052631579 0.026802218114602594 0.047697368421052655
1 0.9117375231053604 0.37664473684210525 0.030499075785582197 0.03947368421052633
1 0.8914048059149722 0.2845394736842105 0.01756007393715342 0.03618421052631576
