1 0.11953931691818905 0.5353697749196142 0.04209690230341542 0.09646302250803862
1 0.2136616362192216 0.2797427652733119 0.019062748212867353 0.04180064308681669
1 0.23788721207307387 0.2733118971061093 0.0214455917394758 0.045016077170418
1 0.27005559968228754 0.2387459807073955 0.017474185861795055 0.03697749196141478
1 0.30023828435266087 0.24839228295819937 0.015885623510722813 0.043408360128617374
1 0.3379666401906275 0.2355305466237942 0.018268467037331204 0.043408360128617346
1 0.3165210484511517 0.21463022508038584 0.019857029388403502 0.043408360128617374
1 0.35544082605242255 0.21543408360128619 0.016679904686258906 0.03858520900321544
1 0.37410643367752183 0.2620578778135048 0.015885623510722813 0.038585209003215465
1 0.39912629070691025 0.23472668810289388 0.015091342335186608 0.02893890675241159
1 0.4455917394757744 0.297427652733119 0.017474185861795055 0.045016077170418056
1 0.3713264495631453 0.18810289389067525 0.013502779984114366 0.032154340836012874
1 0.41342335186656076 0.18488745980707394 0.016679904686258906 0.035369774919614155
1 0.44241461477362987 0.18890675241157556 0.012708498808578272 0.03054662379421222
1 0.4364575059571088 0.16559485530546625 0.010325655281969826 0.02893890675241159
1 0.45313741064336777 0.16881028938906753 0.013502779984114366 0.03858520900321544
1 0.4722001588562351 0.14228295819935693 0.010325655281969826 0.03054662379421222
1 0.48411437648927724 0.17041800643086819 0.015091342335186664 0.04180064308681672
1 0.5027799841143765 0.2057877813504823 0.014297061159650515 0.03536977491961413
1 0.47577442414614773 0.24115755627009647 0.017474185861795055 0.04823151125401931
1 0.4960285941223193 0.15032154340836013 0.011914217633042123 0.03054662379421222
1 0.5270055599682288 0.16318327974276528 0.010325655281969826 0.0337620578778135
1 0.5587768069896744 0.16237942122186494 0.01350277998411431 0.025723472668810282
1 0.5595710881652105 0.1382636655948553 0.015091342335186608 0.03536977491961414
1 0.5786338363780779 0.13987138263665594 0.01350277998411431 0.03215434083601286
1 0.5869737887212073 0.1567524115755627 0.01429706115965046 0.03054662379421222
1 0.5826052422557586 0.2017684887459807 0.01509134233518672 0.03697749196141478
1 0.5536139793486894 0.2242765273311897 0.01429706115965057 0.03697749196141478
1 0.6048451151707704 0.20016077170418006 0.015091342335186608 0.040192926045016064
1 0.6131850675138999 0.18086816720257234 0.01429706115965046 0.03697749196141481
1 0.6088165210484511 0.15514469453376206 0.013502779984114421 0.03054662379421222
1 0.601667990468626 0.1302250803858521 0.01509134233518672 0.028938906752411578
1 0.6223193010325656 0.1342443729903537 0.013502779984114421 0.036977491961414796
1 0.6556791104050834 0.182475884244373 0.01350277998411431 0.03054662379421222
1 0.6616362192216045 0.16237942122186494 0.012708498808578272 0.02893890675241159
1 0.6556791104050834 0.13504823151125403 0.01350277998411431 0.03536977491961414
1 0.6890389197776012 0.16318327974276528 0.01509134233518672 0.040192926045016064
1 0.693010325655282 0.137459807073955 0.01350277998411431 0.03054662379421222
1 0.7136616362192216 0.15032154340836013 0.015091342335186608 0.0337620578778135
1 0.6890389197776012 0.21784565916398713 0.016679904686258906 0.043408360128617346
1 0.6671961874503575 0.23070739549839228 0.019062748212867353 0.05305466237942119
1 0.6048451151707704 0.29983922829581994 0.023034154090548098 0.0562700964630225
1 0.5750595710881652 0.32556270096463025 0.02223987291501195 0.05305466237942119
1 0.6131850675138999 0.3737942122186495 0.023828435266084247 0.05305466237942119
1 0.6560762509928515 0.40514469453376206 0.025416997617156434 0.06430868167202575
1 0.7267672756155679 0.3963022508038585 0.02700555996822873 0.06591639871382637
1 0.7108816521048451 0.2757234726688103 0.02223987291501195 0.05627009646302253
1 0.7422557585385227 0.2419614147909968 0.01350277998411431 0.03376205787781353
1 0.7676727561556791 0.2837620578778135 0.018268467037331204 0.043408360128617374
1 0.7351072279586974 0.22266881028938906 0.016679904686259017 0.040192926045016064
1 0.7581413820492454 0.19855305466237944 0.015091342335186608 0.03697749196141478
1 0.7756155679110406 0.18086816720257234 0.013502779984114421 0.03697749196141481
1 0.7891183478951549 0.22025723472668812 0.016679904686258906 0.04180064308681672
1 0.8061953931691819 0.2491961414790997 0.017474185861795055 0.03858520900321541
1 0.8189038919777601 0.30064308681672025 0.019062748212867353 0.05144694533762062
1 0.8022239872915011 0.454983922829582 0.030182684670373328 0.08038585209003213
1 0.8137410643367753 0.19212218649517684 0.01509134233518672 0.040192926045016064
1 0.8339952343129469 0.21221864951768488 0.012708498808578272 0.032154340836012846
1 0.8752978554408261 0.23472668810289388 0.015885623510722757 0.04180064308681672
1 0.8895949166004766 0.2861736334405145 0.01429706115965057 0.04180064308681669
1 0.8653693407466243 0.3384244372990354 0.016679904686258906 0.04662379421221863
1 0.9249404289118348 0.3247588424437299 0.018268467037331204 0.04180064308681669
1 0.9281175536139794 0.2620578778135048 0.013502779984114421 0.038585209003215465
1 0.9046862589356632 0.2572347266881029 0.01429706115965046 0.03536977491961413
1 0.9007148530579825 0.22990353697749194 0.01429706115965057 0.035369774919614155
1 0.9499602859412233 0.24517684887459806 0.012708498808578272 0.0337620578778135
1 0.9861000794281176 0.2636655948553055 0.013502779984114421 0.035369774919614155
1 0.9765687053216838 0.2990353697749196 0.011914217633042123 0.028938906752411564
1 0.9761715647339158 0.3327974276527331 0.012708498808578272 0.032154340836012874
1 0.9757744241461477 0.362540192926045 0.016679904686259017 0.040192926045016064
1 0.9571088165210484 0.36897106109324757 0.019062748212867353 0.0562700964630225
1 0.9571088165210484 0.434887459807074 0.023828435266084136 0.06913183279742768
1 0.8756949960285941 0.4220257234726688 0.0214455917394758 0.059485530546623755
1 0.8721207307386816 0.4959807073954984 0.031771247021445626 0.06591639871382643
