1 0.05270655270655271 0.37083333333333335 0.027540360873694214 0.04833333333333334
1 0.25925925925925924 0.2791666666666667 0.015194681861348536 0.031666666666666676
1 0.2825261158594492 0.27166666666666667 0.019943019943019946 0.040000000000000036
1 0.30721747388414056 0.25416666666666665 0.01614434947768284 0.041666666666666685
1 0.3547008547008547 0.2683333333333333 0.019943019943019946 0.04999999999999999
1 0.4078822412155746 0.28833333333333333 0.0218423551756885 0.050000000000000044
1 0.34520417853751184 0.2175 0.014245014245014287 0.025000000000000022
1 0.3205128205128205 0.21583333333333332 0.014245014245014287 0.03166666666666665
1 0.38224121557454893 0.21583333333333332 0.018043684710351393 0.035
1 0.3950617283950617 0.19416666666666665 0.01709401709401709 0.02833333333333335
1 0.41832858499525166 0.22666666666666668 0.014245014245014231 0.03
1 0.44207027540360877 0.22 0.018043684710351393 0.03666666666666668
1 0.46438746438746437 0.23249999999999998 0.022792022792022804 0.035
1 0.4173789173789174 0.1691666666666667 0.012345679012345678 0.024999999999999994
1 0.43542260208926875 0.1875 0.012345679012345678 0.02833333333333332
1 0.45014245014245013 0.18583333333333335 0.015194681861348536 0.03166666666666665
1 0.46818613485280147 0.19166666666666665 0.01709401709401709 0.04000000000000001
1 0.5009496676163343 0.18916666666666665 0.016144349477682784 0.035
1 0.5512820512820513 0.19166666666666665 0.01804368471035145 0.033333333333333354
1 0.5427350427350428 0.1575 0.014245014245014231 0.031666666666666676
1 0.5384615384615385 0.13083333333333333 0.015194681861348536 0.03166666666666666
1 0.5085470085470085 0.16166666666666668 0.01614434947768284 0.03
1 0.4829059829059829 0.16416666666666668 0.01614434947768284 0.024999999999999994
1 0.47863247863247865 0.1408333333333333 0.009496676163342821 0.024999999999999994
1 0.49002849002849 0.13416666666666666 0.01139601139601143 0.024999999999999994
1 0.4577397910731244 0.13916666666666666 0.015194681861348536 0.024999999999999994
1 0.570275403608737 0.10250000000000001 0.012345679012345734 0.02500000000000001
1 0.5584045584045585 0.13833333333333334 0.013295346628679927 0.023333333333333317
1 0.5811965811965811 0.15416666666666667 0.015194681861348536 0.035
1 0.6253561253561253 0.13166666666666665 0.012345679012345623 0.03
1 0.5925925925925926 0.1275 0.013295346628679927 0.02500000000000001
1 0.6101614434947769 0.09166666666666667 0.010446343779677125 0.02333333333333333
1 0.6367521367521367 0.09416666666666666 0.010446343779677125 0.021666666666666667
1 0.6500474833808167 0.10166666666666666 0.010446343779677125 0.02333333333333333
1 0.6661918328584995 0.11666666666666667 0.008547008547008628 0.02333333333333333
1 0.6818613485280152 0.11166666666666666 0.013295346628679927 0.02333333333333333
1 0.7003798670465338 0.09916666666666667 0.012345679012345623 0.02833333333333332
1 0.48195631528964866 0.30000000000000004 0.0218423551756885 0.04999999999999999
1 0.567426400759734 0.28833333333333333 0.021842355175688444 0.050000000000000044
1 0.6111111111111112 0.33499999999999996 0.031339031339031265 0.0566666666666667
1 0.6828110161443495 0.32833333333333337 0.03038936372269707 0.05333333333333329
1 0.570275403608737 0.2341666666666667 0.018043684710351338 0.03833333333333336
1 0.6125356125356125 0.25666666666666665 0.02089268755935425 0.043333333333333335
1 0.6130104463437797 0.20416666666666666 0.019943019943019946 0.035
1 0.6733143399810066 0.25416666666666665 0.02279202279202286 0.041666666666666685
1 0.7421652421652422 0.30916666666666665 0.02754036087369416 0.04833333333333334
1 0.7886989553656221 0.28583333333333333 0.02564102564102566 0.05166666666666664
1 0.7127255460588794 0.2225 0.019943019943019946 0.041666666666666685
1 0.6775878442545109 0.19666666666666666 0.018043684710351338 0.04000000000000001
1 0.6595441595441596 0.1775 0.01614434947768284 0.035
1 0.6851851851851851 0.1475 0.01614434947768284 0.031666666666666676
1 0.7008547008547008 0.17666666666666667 0.017094017094017144 0.033333333333333326
1 0.7393162393162394 0.19416666666666665 0.01804368471035145 0.03833333333333336
1 0.7673314339981007 0.21083333333333332 0.024691358024691468 0.04500000000000001
1 0.7507122507122508 0.15083333333333332 0.014245014245014231 0.03166666666666665
1 0.7184235517568851 0.1375 0.014245014245014231 0.03166666666666665
1 0.7426400759734093 0.11833333333333333 0.015194681861348425 0.03
1 0.7602089268755936 0.10416666666666666 0.014245014245014231 0.03166666666666666
1 0.7763532763532763 0.12583333333333335 0.012345679012345734 0.02833333333333335
1 0.7882241215574549 0.15083333333333332 0.017094017094017033 0.035
1 0.7910731244064577 0.1125 0.01139601139601143 0.024999999999999994
1 0.8124406457739791 0.12416666666666666 0.010446343779677125 0.024999999999999994
1 0.8105413105413106 0.17166666666666666 0.014245014245014231 0.033333333333333326
1 0.828584995251662 0.16416666666666668 0.012345679012345623 0.02833333333333335
1 0.8409306742640076 0.13666666666666666 0.012345679012345734 0.03
1 0.8238366571699904 0.12333333333333334 0.008547008547008628 0.023333333333333345
1 0.8561253561253561 0.17916666666666667 0.012345679012345734 0.03833333333333333
1 0.8247863247863247 0.2375 0.021842355175688444 0.04500000000000001
1 0.8827160493827161 0.21166666666666667 0.018043684710351338 0.043333333333333335
1 0.9036087369420702 0.195 0.012345679012345623 0.03
1 0.9387464387464388 0.18916666666666665 0.012345679012345623 0.03166666666666665
1 0.9453941120607787 0.27249999999999996 0.018043684710351338 0.044999999999999984
1 0.9401709401709402 0.15250000000000002 0.01139601139601143 0.024999999999999994
1 0.9036087369420702 0.1625 0.01614434947768284 0.02833333333333332
1 0.9097815764482431 0.12916666666666665 0.013295346628679927 0.03166666666666666
1 0.8755935422602089 0.15583333333333332 0.013295346628680038 0.021666666666666667
1 0.8736942070275404 0.12 0.013295346628679927 0.030000000000000013
