1 0.03333333333333333 0.16666666666666669 0.06333333333333334 0.13930348258706468
1 0.1275 0.3756218905472637 0.105 0.1990049751243781
1 0.17583333333333334 0.2263681592039801 0.04500000000000001 0.06467661691542287
1 0.22166666666666668 0.19651741293532338 0.033333333333333354 0.0646766169154229
1 0.44333333333333336 0.11940298507462686 0.06 0.13432835820895522
1 0.4975 0.3743781094527363 0.09166666666666667 0.16666666666666669
1 0.42000000000000004 0.5335820895522387 0.13666666666666666 0.18159203980099503
1 0.4016666666666666 0.18656716417910446 0.07 0.11442786069651742
1 0.5475000000000001 0.15049751243781095 0.08166666666666667 0.11194029850746269
1 0.6433333333333333 0.20024875621890548 0.06333333333333335 0.10696517412935325
1 0.6666666666666667 0.16044776119402987 0.04999999999999993 0.09203980099502487
1 0.7433333333333334 0.16417910447761194 0.053333333333333344 0.10945273631840796
1 0.8441666666666667 0.1417910447761194 0.20499999999999996 0.27860696517412936
1 0.9525 0.10572139303482588 0.06833333333333336 0.12686567164179105
