1 0.08366935483870969 0.65809811827957 0.08014112903225806 0.11122311827956988
1 0.08177923387096775 0.5179771505376344 0.03503024193548386 0.04267473118279569
1 0.15435987903225806 0.502856182795699 0.030493951612903247 0.03864247311827962
1 0.17578125 0.4783266129032258 0.022933467741935498 0.0366263440860215
1 0.25856854838709675 0.502856182795699 0.025201612903225812 0.03864247311827962
1 0.29485887096774194 0.4889112903225807 0.022681451612903247 0.03158602150537637
1 0.2329889112903226 0.5893817204301075 0.059727822580645185 0.07728494623655913
1 0.3879788306451613 0.49311155913978494 0.022933467741935498 0.037970430107526876
1 0.4197328629032258 0.48286290322580644 0.02847782258064513 0.029569892473118253
1 0.4029737903225806 0.542002688172043 0.03729838709677419 0.05779569892473124
1 0.44682459677419356 0.5277217741935485 0.027721774193548376 0.04603494623655913
1 0.5212953629032258 0.48286290322580644 0.021925403225806384 0.03158602150537637
1 0.506804435483871 0.5003360215053764 0.03276209677419356 0.03965053763440857
1 0.8382056451612903 0.4223790322580645 0.07409274193548387 0.09341397849462368
