1 0.26861111111111113 0.5114814814814815 0.08722222222222223 0.142962962962963
1 0.15944444444444444 0.4862962962962963 0.08 0.0955555555555555
1 0.04361111111111111 0.3944444444444445 0.057222222222222216 0.09111111111111109
1 0.09083333333333332 0.3011111111111111 0.04055555555555555 0.058518518518518525
1 0.15777777777777777 0.31222222222222223 0.034444444444444444 0.06148148148148147
1 0.21805555555555556 0.33851851851851855 0.042777777777777776 0.06962962962962965
1 0.2913888888888889 0.2974074074074074 0.031666666666666676 0.05407407407407405
1 0.3222222222222222 0.37111111111111106 0.03666666666666668 0.0725925925925926
1 0.3586111111111111 0.3396296296296296 0.031666666666666676 0.05407407407407405
1 0.34805555555555556 0.2885185185185185 0.026111111111111085 0.049629629629629635
1 0.4261111111111111 0.302962962962963 0.02777777777777779 0.0474074074074074
1 0.43416666666666665 0.4103703703703704 0.07166666666666666 0.10814814814814816
1 0.45333333333333337 0.33925925925925926 0.034444444444444444 0.054814814814814816
1 0.45111111111111113 0.2877777777777778 0.0222222222222222 0.03185185185185185
1 0.5241666666666667 0.3251851851851852 0.029444444444444384 0.04888888888888887
1 0.5258333333333334 0.2992592592592592 0.025000000000000022 0.031111111111111145
1 0.5869444444444445 0.34518518518518515 0.0527777777777777 0.0725925925925926
1 0.6183333333333334 0.45185185185185184 0.0788888888888889 0.114074074074074
1 0.6313888888888889 0.32185185185185183 0.04499999999999993 0.06
1 0.6130555555555556 0.2892592592592592 0.03388888888888886 0.04666666666666669
1 0.7591666666666667 0.3455555555555555 0.047222222222222276 0.07777777777777778
1 0.7891666666666667 0.4185185185185185 0.05944444444444441 0.09185185185185185
1 0.8586111111111112 0.3196296296296296 0.04055555555555557 0.07037037037037036
1 0.9338888888888889 0.37962962962962965 0.05666666666666664 0.08814814814814814
