1 0.084375 0.52125 0.04625 0.10749999999999993
1 0.083125 0.34625 0.041249999999999995 0.09250000000000003
1 0.160625 0.25125 0.03875000000000001 0.09749999999999998
1 0.181875 0.5325 0.05124999999999999 0.10499999999999998
1 0.275625 0.52625 0.048750000000000016 0.08749999999999997
1 0.36375 0.5487500000000001 0.04749999999999999 0.09750000000000003
1 0.451875 0.54125 0.04124999999999995 0.10749999999999998
1 0.540625 0.5325 0.03875000000000006 0.09499999999999997
1 0.64125 0.505 0.040000000000000036 0.10499999999999998
1 0.7324999999999999 0.51625 0.04999999999999993 0.09749999999999992
1 0.8187500000000001 0.5387500000000001 0.04749999999999999 0.11750000000000005
1 0.9137500000000001 0.5425 0.04250000000000009 0.10499999999999998
1 0.8825000000000001 0.3725 0.03749999999999998 0.09999999999999998
1 0.8 0.33625 0.03749999999999998 0.08750000000000002
1 0.728125 0.35625 0.04125000000000001 0.08250000000000002
1 0.6443749999999999 0.38875000000000004 0.04625000000000001 0.11249999999999999
1 0.5475 0.37124999999999997 0.03249999999999997 0.08749999999999997
1 0.478125 0.4125 0.04125000000000001 0.11000000000000004
1 0.40249999999999997 0.37875000000000003 0.044999999999999984 0.08749999999999997
1 0.311875 0.3875 0.05375000000000002 0.10499999999999998
1 0.215625 0.39125 0.03874999999999998 0.10249999999999998
1 0.229375 0.25 0.04125000000000001 0.09999999999999998
1 0.3175 0.24375 0.03749999999999998 0.08749999999999997
1 0.36624999999999996 0.23875 0.03750000000000003 0.09749999999999998
1 0.424375 0.2175 0.04125000000000001 0.08500000000000002
1 0.49 0.2275 0.03750000000000003 0.07500000000000001
1 0.55625 0.21625 0.04249999999999998 0.08250000000000002
1 0.62625 0.23125 0.040000000000000036 0.09250000000000003
1 0.6956249999999999 0.23875 0.03874999999999995 0.09249999999999997
1 0.729375 0.15625 0.04125000000000001 0.07750000000000001
1 0.798125 0.10875 0.043749999999999956 0.0875
1 0.583125 0.1075 0.03875000000000006 0.08499999999999999
1 0.5118750000000001 0.14125 0.036250000000000004 0.10250000000000001
1 0.428125 0.1275 0.036250000000000004 0.085
1 0.326875 0.10875 0.04124999999999995 0.0875
1 0.263125 0.1125 0.04125000000000001 0.08499999999999999
1 0.21000000000000002 0.11125 0.035 0.08249999999999999
