1 0.14133858267716537 0.5409722222222222 0.03700787401574804 0.07361111111111107
1 0.2251968503937008 0.33819444444444446 0.014173228346456707 0.03472222222222221
1 0.25354330708661416 0.3590277777777778 0.017322834645669277 0.043055555555555514
1 0.28031496062992123 0.3138888888888889 0.01574803149606302 0.030555555555555558
1 0.28503937007874014 0.36041666666666666 0.01889763779527559 0.043055555555555514
1 0.31417322834645667 0.38611111111111107 0.023622047244094502 0.03888888888888892
1 0.3421259842519685 0.29791666666666666 0.016535433070866135 0.02083333333333337
1 0.3413385826771653 0.3284722222222222 0.01496062992125985 0.03194444444444444
1 0.3791338582677165 0.26319444444444445 0.013385826771653508 0.026388888888888906
1 0.371259842519685 0.34930555555555554 0.01496062992125985 0.03750000000000003
1 0.4011811023622047 0.3326388888888889 0.016535433070866135 0.03749999999999998
1 0.39370078740157477 0.29791666666666666 0.011023622047244108 0.026388888888888906
1 0.4125984251968504 0.2798611111111111 0.01889763779527559 0.03194444444444444
1 0.4145669291338583 0.2597222222222222 0.011811023622047279 0.0222222222222222
1 0.4496062992125984 0.24583333333333335 0.01889763779527559 0.025000000000000022
1 0.45393700787401575 0.2409722222222222 0.008661417322834652 0.02638888888888888
1 0.4496062992125984 0.31180555555555556 0.015748031496062964 0.029166666666666674
1 0.43622047244094486 0.35277777777777775 0.01889763779527559 0.03611111111111115
1 0.4893700787401575 0.27361111111111114 0.014960629921259794 0.03333333333333338
1 0.5055118110236221 0.27361111111111114 0.01574803149606302 0.03333333333333338
1 0.5334645669291338 0.24444444444444446 0.013385826771653453 0.02777777777777779
1 0.5503937007874016 0.21875 0.011023622047244164 0.026388888888888906
1 0.536220472440945 0.28541666666666665 0.011023622047244053 0.03749999999999998
1 0.489763779527559 0.33055555555555555 0.01889763779527559 0.030555555555555558
1 0.5641732283464567 0.2611111111111111 0.014960629921259794 0.033333333333333354
1 0.5921259842519685 0.20763888888888887 0.011023622047244164 0.02361111111111111
1 0.587007874015748 0.23194444444444445 0.016535433070866135 0.033333333333333326
1 0.5826771653543308 0.25416666666666665 0.012598425196850394 0.027777777777777762
1 0.6074803149606299 0.21736111111111112 0.013385826771653564 0.029166666666666674
1 0.6192913385826772 0.22777777777777777 0.013385826771653564 0.02777777777777779
1 0.6413385826771654 0.21944444444444444 0.013385826771653564 0.033333333333333326
1 0.6559055118110236 0.22291666666666665 0.014173228346456623 0.04027777777777777
1 0.6736220472440945 0.22430555555555554 0.011811023622047223 0.02638888888888888
1 0.6850393700787402 0.2534722222222222 0.014173228346456623 0.03472222222222221
1 0.6492125984251969 0.28055555555555556 0.019685039370078705 0.030555555555555558
1 0.6141732283464567 0.30625 0.020472440944881876 0.034722222222222265
1 0.5803149606299213 0.3368055555555556 0.023622047244094446 0.03750000000000003
1 0.5153543307086614 0.37916666666666665 0.019685039370078705 0.03888888888888892
1 0.45433070866141734 0.40902777777777777 0.02204724409448816 0.04305555555555557
1 0.5153543307086614 0.43472222222222223 0.022834645669291387 0.04999999999999999
1 0.6220472440944882 0.35416666666666663 0.018897637795275646 0.041666666666666685
1 0.5720472440944881 0.4472222222222222 0.0275590551181103 0.06666666666666671
1 0.6165354330708661 0.47291666666666665 0.03307086614173227 0.0625
1 0.6429133858267717 0.3631944444444445 0.025984251968503957 0.0402777777777778
1 0.662992125984252 0.3194444444444444 0.023622047244094446 0.04722222222222222
1 0.6893700787401575 0.29930555555555555 0.016535433070866135 0.03749999999999998
1 0.7098425196850393 0.25 0.013385826771653453 0.033333333333333326
1 0.7267716535433071 0.2326388888888889 0.015748031496062964 0.02361111111111111
1 0.7251968503937007 0.25763888888888886 0.018897637795275535 0.0402777777777778
1 0.6633858267716535 0.36875 0.025984251968503957 0.04305555555555557
1 0.6968503937007874 0.40208333333333335 0.03149606299212593 0.05416666666666664
1 0.6783464566929134 0.5326388888888889 0.03385826771653544 0.06805555555555554
1 0.758267716535433 0.24444444444444446 0.018897637795275535 0.033333333333333354
1 0.7374015748031496 0.2965277777777778 0.021259842519685046 0.03472222222222221
1 0.7519685039370079 0.27847222222222223 0.022047244094488105 0.040277777777777746
1 0.7830708661417323 0.24444444444444446 0.013385826771653564 0.02777777777777779
1 0.7889763779527559 0.2729166666666667 0.023622047244094446 0.03750000000000003
1 0.8196850393700787 0.25625 0.011023622047244164 0.029166666666666646
1 0.7948818897637795 0.3020833333333333 0.018110236220472475 0.03194444444444444
1 0.7866141732283465 0.3555555555555555 0.018897637795275646 0.04999999999999999
1 0.8271653543307087 0.3590277777777778 0.021259842519685046 0.04861111111111116
1 0.8476377952755906 0.26319444444444445 0.013385826771653564 0.03194444444444444
1 0.8287401574803149 0.2798611111111111 0.019685039370078705 0.043055555555555514
1 0.8641732283464567 0.28055555555555556 0.013385826771653564 0.036111111111111094
1 0.9023622047244095 0.3076388888888889 0.022047244094488216 0.04583333333333334
1 0.9051181102362205 0.28125 0.013385826771653564 0.023611111111111138
1 0.8688976377952755 0.3472222222222222 0.016535433070866135 0.036111111111111094
1 0.8795275590551181 0.34652777777777777 0.018897637795275535 0.04305555555555557
1 0.8830708661417324 0.4770833333333333 0.0275590551181103 0.05972222222222218
1 0.7488188976377952 0.43333333333333335 0.020472440944881876 0.04999999999999999
1 0.786220472440945 0.5097222222222222 0.03385826771653544 0.06666666666666665
1 0.8188976377952756 0.4625 0.025196850393700787 0.04999999999999999
1 0.8535433070866142 0.3256944444444444 0.023622047244094446 0.048611111111111105
1 0.8385826771653544 0.3354166666666667 0.015748031496063075 0.04583333333333334
1 0.8188976377952757 0.32916666666666666 0.020472440944881876 0.050000000000000044
1 0.4452755905511811 0.27361111111111114 0.014960629921259794 0.027777777777777735
1 0.8996062992125984 0.36388888888888893 0.024409448818897617 0.041666666666666685
1 0.5700787401574803 0.40902777777777777 0.028346456692913358 0.04583333333333334
1 0.5566929133858267 0.21597222222222223 0.011023622047244053 0.018055555555555575
1 0.7937007874015748 0.34097222222222223 0.018897637795275646 0.04305555555555557
