1 0.04181338028169014 0.7769953051643192 0.0801056338028169 0.22535211267605626
1 0.24735915492957744 0.8996478873239437 0.14084507042253522 0.20070422535211263
1 0.21170774647887325 0.6602112676056338 0.08714788732394366 0.13028169014084512
1 0.09419014084507042 0.5041079812206573 0.049295774647887314 0.08333333333333337
1 0.0721830985915493 0.4583333333333333 0.0369718309859155 0.050469483568075124
1 0.018926056338028168 0.488849765258216 0.03609154929577465 0.08333333333333331
1 0.02288732394366197 0.45129107981220656 0.02992957746478873 0.055164319248826255
1 0.15933098591549297 0.482981220657277 0.040492957746478875 0.059859154929577496
1 0.1386443661971831 0.4336854460093897 0.03433098591549294 0.050469483568075124
1 0.21522887323943662 0.45011737089201875 0.03257042253521125 0.04812206572769956
1 0.29665492957746475 0.4671361502347418 0.031690140845070436 0.0539906103286385
1 0.23899647887323944 0.46713615023474175 0.03785211267605634 0.061032863849765306
1 0.3798415492957746 0.5598591549295775 0.06778169014084506 0.107981220657277
1 0.41725352112676056 0.5410798122065728 0.05457746478873238 0.09154929577464793
1 0.45290492957746475 0.676056338028169 0.08890845070422532 0.1502347417840375
1 0.5492957746478873 0.613262910798122 0.058098591549295864 0.09976525821596238
1 0.5669014084507042 0.5651408450704225 0.05457746478873238 0.073943661971831
1 0.516725352112676 0.4724178403755869 0.044014084507042195 0.06220657276995306
1 0.585387323943662 0.45363849765258213 0.035211267605633756 0.06220657276995306
1 0.6148767605633803 0.49237089201877937 0.039612676056338 0.05516431924882631
1 0.6919014084507042 0.494718309859155 0.033450704225352124 0.05516431924882631
1 0.755281690140845 0.7095070422535211 0.11267605633802813 0.17018779342723
1 0.756161971830986 0.6238262910798122 0.07218309859154937 0.12089201877934275
1 0.761443661971831 0.5305164319248826 0.06161971830985924 0.08685446009389675
1 0.8525528169014085 0.5064553990610329 0.039612676056338114 0.06220657276995306
1 0.8860035211267605 0.5264084507042254 0.04841549295774639 0.07629107981220656
1 0.917693661971831 0.5657276995305165 0.06426056338028174 0.09859154929577463
1 0.9669894366197183 0.6355633802816901 0.058978873239436624 0.130281690140845
1 0.7913732394366197 0.9061032863849765 0.15845070422535212 0.187793427230047
