1 0.10333333333333333 0.38 0.030666666666666675 0.052000000000000046
1 0.06266666666666666 0.752 0.06933333333333333 0.1399999999999999
1 0.12000000000000001 0.6970000000000001 0.05866666666666667 0.10999999999999999
1 0.11733333333333333 0.5660000000000001 0.032 0.06399999999999995
1 0.15 0.608 0.04133333333333333 0.07200000000000006
1 0.2546666666666667 0.536 0.03466666666666668 0.05599999999999994
1 0.2773333333333333 0.772 0.06666666666666665 0.10399999999999998
1 0.152 0.8400000000000001 0.07733333333333335 0.14400000000000002
1 0.27266666666666667 0.905 0.08399999999999999 0.16600000000000004
1 0.42066666666666663 0.907 0.06 0.118
1 0.43466666666666665 0.808 0.05066666666666669 0.08799999999999997
1 0.5386666666666666 0.8819999999999999 0.06399999999999995 0.11199999999999999
1 0.4093333333333333 0.6859999999999999 0.040000000000000036 0.06399999999999995
1 0.30866666666666664 0.636 0.033333333333333326 0.06000000000000005
1 0.2573333333333333 0.6990000000000001 0.053333333333333316 0.06599999999999995
1 0.33199999999999996 0.5589999999999999 0.03466666666666668 0.05399999999999994
1 0.362 0.53 0.028000000000000025 0.040000000000000036
1 0.44733333333333336 0.606 0.043999999999999984 0.052000000000000046
1 0.45333333333333337 0.542 0.03199999999999997 0.04799999999999993
1 0.456 0.51 0.021333333333333315 0.03600000000000003
1 0.5093333333333333 0.622 0.03999999999999998 0.06400000000000006
1 0.5546666666666666 0.5920000000000001 0.03733333333333333 0.05999999999999994
1 0.59 0.733 0.04400000000000004 0.08200000000000007
1 0.5353333333333333 0.52 0.03866666666666663 0.06400000000000006
1 0.5486666666666666 0.489 0.033333333333333326 0.05399999999999999
1 0.5666666666666667 0.42000000000000004 0.02400000000000002 0.035999999999999976
1 0.6393333333333333 0.381 0.02533333333333332 0.04600000000000004
1 0.6266666666666667 0.513 0.026666666666666727 0.04600000000000004
1 0.646 0.597 0.03866666666666663 0.062000000000000055
1 0.6586666666666667 0.556 0.026666666666666727 0.05599999999999994
1 0.7213333333333334 0.6930000000000001 0.04266666666666674 0.08199999999999996
1 0.7146666666666667 0.78 0.058666666666666645 0.11199999999999999
1 0.7426666666666666 0.558 0.03733333333333333 0.05599999999999994
1 0.7466666666666666 0.517 0.034666666666666734 0.05400000000000005
1 0.8300000000000001 0.5429999999999999 0.03866666666666674 0.061999999999999944
1 0.8320000000000001 0.659 0.04799999999999993 0.08199999999999996
1 0.8460000000000001 0.748 0.05733333333333335 0.08400000000000007
1 0.9786666666666667 0.7070000000000001 0.04266666666666663 0.07799999999999996
