1 0.26779026217228463 0.36309523809523814 0.050561797752808973 0.09353741496598639
1 0.28323970037453183 0.22534013605442177 0.017790262172284632 0.0357142857142857
1 0.30992509363295884 0.2227891156462585 0.01685393258426965 0.03401360544217685
1 0.3174157303370787 0.2491496598639456 0.02247191011235955 0.0459183673469388
1 0.33754681647940077 0.18112244897959184 0.017790262172284632 0.035714285714285726
1 0.35720973782771537 0.24744897959183676 0.021535580524344566 0.0459183673469388
1 0.37125468164794007 0.18622448979591838 0.0196629213483146 0.035714285714285726
1 0.37827715355805247 0.21003401360544216 0.018726591760299616 0.03911564625850342
1 0.3932584269662921 0.19982993197278912 0.018726591760299616 0.03911564625850339
1 0.37874531835205993 0.17346938775510207 0.015917602996254665 0.0272108843537415
1 0.40308988764044945 0.16156462585034015 0.01217228464419473 0.03401360544217688
1 0.42041198501872656 0.19982993197278912 0.020599250936329583 0.0357142857142857
1 0.40636704119850187 0.2346938775510204 0.018726591760299616 0.04081632653061226
1 0.4208801498127341 0.24319727891156462 0.021535580524344566 0.04421768707482995
1 0.45692883895131087 0.20238095238095238 0.020599250936329583 0.044217687074829926
1 0.44475655430711614 0.18877551020408162 0.013108614232209714 0.03061224489795919
1 0.42228464419475653 0.1488095238095238 0.00936329588014978 0.02210884353741499
1 0.44288389513108617 0.15901360544217685 0.013108614232209714 0.032312925170068035
1 0.426498127340824 0.17091836734693877 0.0196629213483146 0.032312925170068035
1 0.46863295880149813 0.15476190476190477 0.014044943820224698 0.03401360544217688
1 0.47940074906367036 0.18367346938775508 0.018726591760299616 0.04081632653061226
1 0.47518726591760296 0.13010204081632654 0.014044943820224753 0.02551020408163264
1 0.4957865168539326 0.1522108843537415 0.017790262172284577 0.0357142857142857
1 0.49906367041198496 0.11734693877551021 0.011235955056179747 0.0272108843537415
1 0.5112359550561798 0.1326530612244898 0.014981273408239737 0.03401360544217687
1 0.5182584269662921 0.11904761904761905 0.01217228464419473 0.0272108843537415
1 0.5196629213483146 0.17261904761904762 0.020599250936329527 0.04251700680272108
1 0.5369850187265918 0.13945578231292516 0.014044943820224809 0.03401360544217688
1 0.5482209737827716 0.12755102040816327 0.015917602996254665 0.03401360544217687
1 0.5285580524344569 0.15136054421768708 0.014044943820224698 0.03401360544217685
1 0.5510299625468165 0.17517006802721088 0.017790262172284632 0.037414965986394544
1 0.5608614232209738 0.17857142857142858 0.022471910112359605 0.047619047619047616
1 0.5819288389513109 0.17261904761904762 0.0196629213483146 0.04591836734693877
1 0.5650749063670412 0.14285714285714285 0.015917602996254665 0.03401360544217688
1 0.5791198501872659 0.10629251700680273 0.014044943820224698 0.02891156462585033
1 0.5922284644194756 0.125 0.01217228464419473 0.02891156462585033
1 0.5987827715355805 0.14710884353741496 0.012172284644194842 0.0357142857142857
1 0.6067415730337078 0.09608843537414966 0.01310861423220977 0.028911564625850344
1 0.601123595505618 0.10629251700680273 0.01310861423220977 0.02551020408163264
1 0.625 0.12329931972789115 0.014044943820224809 0.02891156462585033
1 0.6306179775280899 0.10374149659863946 0.010299625468164875 0.0272108843537415
1 0.6413857677902621 0.14710884353741496 0.016853932584269704 0.04251700680272108
1 0.6465355805243446 0.13605442176870747 0.014044943820224809 0.0272108843537415
1 0.6413857677902621 0.11734693877551021 0.011235955056179692 0.023809523809523808
1 0.6432584269662922 0.10289115646258504 0.01310861423220977 0.028911564625850344
1 0.6732209737827716 0.10884353741496598 0.011235955056179803 0.023809523809523808
1 0.6797752808988764 0.11989795918367346 0.014981273408239737 0.0357142857142857
1 0.6891385767790261 0.10714285714285715 0.01310861423220977 0.027210884353741485
1 0.5627340823970037 0.24319727891156462 0.022471910112359605 0.051020408163265335
1 0.6137640449438202 0.2593537414965986 0.023408239700374533 0.056122448979591816
1 0.6086142322097379 0.22448979591836735 0.022471910112359494 0.040816326530612235
1 0.6601123595505618 0.27465986394557823 0.029962546816479474 0.059523809523809534
1 0.6568352059925093 0.2372448979591837 0.023408239700374533 0.035714285714285726
1 0.6647940074906367 0.18027210884353742 0.02059925093632964 0.044217687074829926
1 0.6680711610486891 0.3443877551020408 0.03277153558052426 0.07653061224489793
1 0.7415730337078652 0.38860544217687076 0.029962546816479363 0.07312925170068024
1 0.7827715355805244 0.30272108843537415 0.028089887640449396 0.07482993197278909
1 0.7602996254681649 0.24489795918367346 0.024344569288389573 0.06122448979591835
1 0.7401685393258427 0.2261904761904762 0.023408239700374533 0.047619047619047616
1 0.7186329588014981 0.24234693877551022 0.023408239700374533 0.05272108843537418
1 0.7059925093632959 0.19047619047619047 0.01872659176029956 0.044217687074829926
1 0.6980337078651685 0.17261904761904762 0.015917602996254665 0.0357142857142857
1 0.7336142322097379 0.16241496598639454 0.017790262172284632 0.03911564625850342
1 0.7308052434456929 0.13945578231292516 0.014044943820224698 0.0272108843537415
1 0.7429775280898876 0.12755102040816327 0.014044943820224698 0.03401360544217687
1 0.7780898876404494 0.1377551020408163 0.01310861423220977 0.03401360544217688
1 0.776685393258427 0.11649659863945579 0.01217228464419473 0.022108843537414963
1 0.7879213483146067 0.1717687074829932 0.015917602996254665 0.03401360544217685
1 0.7972846441947565 0.20408163265306123 0.017790262172284632 0.040816326530612235
1 0.8127340823970037 0.19472789115646258 0.016853932584269593 0.03911564625850339
1 0.825374531835206 0.17006802721088435 0.015917602996254665 0.037414965986394544
1 0.8375468164794007 0.1607142857142857 0.014044943820224698 0.03911564625850342
1 0.8220973782771536 0.1377551020408163 0.014981273408239737 0.03401360544217688
1 0.8057116104868913 0.1377551020408163 0.010299625468164764 0.03061224489795919
1 0.8436329588014981 0.2185374149659864 0.01872659176029967 0.04591836734693877
1 0.8370786516853932 0.26360544217687076 0.024344569288389573 0.047619047619047616
1 0.9087078651685394 0.36734693877551017 0.029026217228464435 0.06122448979591838
1 0.8909176029962547 0.22448979591836735 0.023408239700374533 0.047619047619047616
1 0.9288389513108615 0.2576530612244898 0.022471910112359494 0.052721088435374125
1 0.9372659176029963 0.2066326530612245 0.016853932584269593 0.03911564625850339
1 0.9508426966292134 0.18622448979591838 0.014044943820224698 0.035714285714285726
1 0.9030898876404494 0.19302721088435373 0.014044943820224698 0.03911564625850339
1 0.9068352059925093 0.16156462585034015 0.015917602996254665 0.04081632653061226
1 0.8661048689138577 0.18197278911564627 0.02059925093632964 0.040816326530612235
1 0.8726591760299625 0.1564625850340136 0.016853932584269704 0.03741496598639457
