1 0.08333333333333333 0.8333333333333334 0.12777777777777777 0.24583333333333335
1 0.024999999999999998 0.46770833333333334 0.04722222222222222 0.11875000000000002
1 0.06388888888888888 0.48333333333333334 0.05555555555555555 0.10416666666666663
1 0.15069444444444446 0.6135416666666667 0.10138888888888889 0.17708333333333326
1 0.16458333333333333 0.4666666666666667 0.056944444444444464 0.08749999999999997
1 0.19305555555555556 0.4447916666666667 0.04722222222222222 0.08541666666666664
1 0.22847222222222224 0.5416666666666666 0.05972222222222226 0.11666666666666664
1 0.17222222222222222 0.5479166666666667 0.07222222222222224 0.1291666666666667
1 0.3076388888888889 0.46458333333333335 0.05416666666666664 0.09999999999999992
1 0.4256944444444445 0.5364583333333333 0.07083333333333336 0.12708333333333333
1 0.4548611111111111 0.48124999999999996 0.056944444444444464 0.10833333333333334
1 0.41180555555555554 0.4770833333333333 0.04583333333333334 0.0708333333333333
1 0.40625 0.43125 0.043055555555555514 0.06666666666666671
1 0.4701388888888889 0.871875 0.21527777777777773 0.25625
1 0.5069444444444444 0.759375 0.11666666666666664 0.1479166666666667
1 0.5923611111111111 0.5010416666666667 0.0625 0.09791666666666671
1 0.5868055555555556 0.45833333333333337 0.05138888888888893 0.08333333333333331
1 0.5770833333333334 0.4291666666666667 0.043055555555555514 0.06666666666666671
1 0.7381944444444444 0.4541666666666667 0.04583333333333328 0.07916666666666666
1 0.7388888888888889 0.5177083333333333 0.0527777777777777 0.0854166666666667
1 0.7736111111111111 0.5395833333333333 0.06388888888888888 0.10000000000000003
1 0.6819444444444445 0.646875 0.07777777777777772 0.15625
1 0.8833333333333333 0.88125 0.15000000000000002 0.2333333333333334
1 0.9611111111111111 0.7072916666666667 0.07777777777777772 0.16041666666666665
1 0.8756944444444444 0.5125 0.054166666666666696 0.09999999999999998
1 0.9333333333333333 0.5229166666666667 0.05277777777777781 0.09999999999999998
