1 0.05615384615384615 0.6004618937644342 0.10923076923076923 0.24018475750577373
1 0.07461538461538461 0.48267898383371827 0.05384615384615384 0.08314087759815247
1 0.018461538461538463 0.3279445727482679 0.027692307692307693 0.04618937644341803
1 0.043076923076923075 0.3233256351039261 0.030769230769230767 0.04618937644341803
1 0.13153846153846155 0.44688221709006926 0.04769230769230767 0.06235565819861427
1 0.1176923076923077 0.4006928406466513 0.038461538461538464 0.053117782909930744
1 0.1553846153846154 0.3002309468822171 0.021538461538461534 0.03695150115473439
1 0.21076923076923076 0.289838337182448 0.024615384615384622 0.03464203233256352
1 0.26 0.27713625866050806 0.021538461538461534 0.03695150115473439
1 0.2907692307692308 0.31524249422632794 0.018461538461538474 0.025404157043879882
1 0.32153846153846155 0.31524249422632794 0.018461538461538474 0.034642032332563466
1 0.3076923076923077 0.2725173210161663 0.015384615384615385 0.027713625866050806
1 0.34923076923076923 0.25404157043879905 0.015384615384615385 0.027713625866050806
1 0.35615384615384615 0.2909930715935335 0.023076923076923106 0.027713625866050806
1 0.36153846153846153 0.34526558891454967 0.021538461538461506 0.03926096997690531
1 0.3853846153846154 0.33371824480369516 0.023076923076923106 0.03926096997690531
1 0.4076923076923077 0.302540415704388 0.015384615384615385 0.036951501154734445
1 0.43692307692307697 0.29330254041570436 0.015384615384615385 0.027713625866050806
1 0.46769230769230774 0.28290993071593534 0.015384615384615385 0.03002309468822173
1 0.32153846153846155 0.4607390300230947 0.03384615384615386 0.053117782909930744
1 0.2276923076923077 0.48845265588914544 0.06153846153846154 0.08545034642032329
1 0.24307692307692308 0.6293302540415704 0.07999999999999999 0.13163972286374126
1 0.36615384615384616 0.6443418013856813 0.08000000000000002 0.1293302540415704
1 0.36 0.5184757505773672 0.04307692307692307 0.07621247113163976
1 0.37153846153846154 0.4457274826789838 0.029230769230769282 0.04618937644341803
1 0.41538461538461535 0.45496535796766746 0.03692307692307689 0.04618937644341797
1 0.41384615384615386 0.40646651270207856 0.02461538461538465 0.03695150115473439
1 0.45999999999999996 0.4607390300230947 0.02461538461538465 0.03926096997690531
1 0.4784615384615385 0.5023094688221709 0.03692307692307689 0.05773672055427248
1 0.5176923076923077 0.48152424942263283 0.03538461538461535 0.057736720554272536
1 0.5023076923076923 0.36605080831408776 0.020000000000000018 0.034642032332563466
1 0.46384615384615385 0.32678983833718245 0.020000000000000018 0.034642032332563466
1 0.5061538461538462 0.3117782909930716 0.015384615384615385 0.0323325635103926
1 0.5153846153846153 0.3510392609699769 0.018461538461538418 0.023094688221709014
1 0.5423076923076924 0.40300230946882215 0.023076923076923106 0.03926096997690531
1 0.5623076923076924 0.5138568129330254 0.04461538461538461 0.09930715935334877
1 0.6069230769230769 0.42263279445727486 0.03230769230769226 0.03695150115473439
1 0.5676923076923077 0.289838337182448 0.01538461538461533 0.025404157043879938
1 0.5353846153846153 0.30254041570438794 0.018461538461538418 0.027713625866050806
1 0.5884615384615384 0.2909930715935335 0.01692307692307693 0.027713625866050806
1 0.6023076923076923 0.2956120092378753 0.013846153846153841 0.023094688221709014
1 0.6092307692307692 0.3290993071593533 0.01846153846153853 0.030023094688221674
1 0.64 0.34411085450346424 0.01846153846153853 0.027713625866050806
1 0.6730769230769231 0.4353348729792148 0.026153846153846083 0.03464203233256352
1 0.6553846153846155 0.5254041570438799 0.039999999999999925 0.07621247113163976
1 0.696923076923077 0.34295612009237875 0.018461538461538418 0.03002309468822173
1 0.6946153846153846 0.3048498845265589 0.020000000000000018 0.03233256351039265
1 0.6630769230769231 0.3210161662817552 0.012307692307692242 0.018475750577367223
1 0.7261538461538461 0.3244803695150116 0.01538461538461533 0.025404157043879938
1 0.75 0.32678983833718245 0.013846153846153841 0.025404157043879882
1 0.7953846153846154 0.30946882217090066 0.024615384615384595 0.03695150115473439
1 0.8923076923076922 0.4503464203233256 0.039999999999999925 0.05542725173210161
1 0.8992307692307693 0.4122401847575058 0.03230769230769226 0.0484988452655889
1 0.966923076923077 0.3868360277136259 0.03230769230769226 0.057736720554272536
1 0.96 0.5011547344110855 0.05230769230769228 0.06466512702078525
