1 0.5375 0.5698324022346368 0.07499999999999996 0.1564245810055866
1 0.2520833333333333 0.25325884543761634 0.02291666666666667 0.05959031657355679
1 0.3255208333333333 0.19925512104283055 0.015625 0.029795158286778395
1 0.3796875 0.16480446927374304 0.015625 0.02420856610800745
1 0.3927083333333333 0.21973929236499068 0.025000000000000022 0.04096834264432028
1 0.4208333333333333 0.21973929236499068 0.014583333333333337 0.03724394785847299
1 0.4453125 0.2346368715083799 0.015625 0.03351955307262572
1 0.4671875 0.15735567970204842 0.015625 0.03165735567970207
1 0.4744791666666667 0.17132216014897578 0.015625 0.0260707635009311
1 0.5182291666666667 0.19646182495344505 0.021874999999999978 0.039106145251396635
1 0.5541666666666667 0.20297951582867785 0.022916666666666696 0.03351955307262569
1 0.6776041666666667 0.12942271880819367 0.019791666666666652 0.054003724394785846
1 0.6328125 0.16387337057728119 0.02604166666666674 0.03724394785847299
1 0.6317708333333334 0.2597765363128492 0.023958333333333415 0.061452513966480465
1 0.7067708333333333 0.1564245810055866 0.019791666666666652 0.0484171322160149
1 0.7432291666666666 0.1787709497206704 0.019791666666666763 0.044692737430167606
1 0.7802083333333334 0.1945996275605214 0.018749999999999933 0.039106145251396635
1 0.834375 0.2579143389199255 0.022916666666666696 0.039106145251396635
1 0.9265625 0.27281191806331473 0.021874999999999978 0.04283054003724396
1 0.95 0.20391061452513964 0.012500000000000067 0.039106145251396635
1 0.578125 0.12756052141527002 0.012499999999999956 0.024208566108007437
