1 0.08306188925081434 0.37136929460580914 0.02768729641693811 0.06224066390041494
1 0.08428338762214985 0.4170124481327801 0.03013029315960912 0.06500691562932226
1 0.15757328990228014 0.3450899031811895 0.02198697068403907 0.0567081604426003
1 0.16327361563517917 0.37828492392807744 0.030130293159609106 0.06777316735822958
1 0.19340390879478828 0.38520055325034575 0.03827361563517917 0.08160442600276624
1 0.19543973941368079 0.31742738589211617 0.02442996742671011 0.05394190871369292
1 0.24633550488599348 0.2946058091286307 0.02687296416938112 0.052558782849239316
1 0.3082247557003257 0.25795297372060855 0.021986970684039042 0.05394190871369292
1 0.30456026058631924 0.3188105117565698 0.030944625407166082 0.06777316735822964
1 0.3326547231270358 0.25311203319502074 0.028501628664495127 0.06639004149377592
1 0.3330618892508143 0.3630705394190872 0.03420195439739415 0.07883817427385892
1 0.377442996742671 0.3934993084370678 0.03990228013029318 0.07883817427385892
1 0.38436482084690554 0.4633471645919779 0.0456026058631922 0.09128630705394186
