1 0.28536184210526316 0.6071428571428572 0.12664473684210523 0.20967741935483863
1 0.22450657894736842 0.39746543778801846 0.07730263157894735 0.12211981566820279
1 0.3338815789473684 0.31451612903225806 0.0625 0.09907834101382484
1 0.4720394736842105 0.42626728110599077 0.0789473684210526 0.1152073732718894
1 0.5814144736842105 0.380184331797235 0.06414473684210531 0.1152073732718894
1 0.5682565789473684 0.5587557603686636 0.11019736842105254 0.1543778801843318
1 0.8108552631578947 0.554147465437788 0.0953947368421052 0.16359447004608296
1 0.944078947368421 0.4504608294930875 0.08881578947368418 0.14976958525345618
1 0.8799342105263158 0.07373271889400922 0.09539473684210531 0.11981566820276499
1 0.7787828947368421 0.347926267281106 0.07072368421052633 0.09216589861751151
1 0.8223684210526316 0.33064516129032256 0.046052631578947456 0.06682027649769584
1 0.5830592105263157 0.2465437788018433 0.05756578947368418 0.0737327188940092
1 0.5238486842105263 0.24769585253456222 0.044407894736842035 0.07603686635944698
1 0.553453947368421 0.2430875576036866 0.03453947368421051 0.0576036866359447
1 0.43832236842105265 0.22350230414746544 0.03782894736842107 0.06451612903225806
1 0.40460526315789475 0.24884792626728108 0.046052631578947345 0.06912442396313365
1 0.3495065789473684 0.19700460829493088 0.03453947368421051 0.0576036866359447
1 0.3050986842105263 0.2108294930875576 0.03453947368421051 0.0576036866359447
1 0.13898026315789475 0.2672811059907834 0.04769736842105263 0.08294930875576037
1 0.16858552631578946 0.21313364055299538 0.04111842105263158 0.07142857142857142
1 0.08634868421052631 0.18433179723502302 0.04111842105263158 0.06912442396313365
1 0.038651315789473686 0.22235023041474655 0.050986842105263164 0.07142857142857142
1 0.04523026315789474 0.31451612903225806 0.06743421052631579 0.09907834101382484
