1 0.0916 0.4978038067349927 0.05199999999999999 0.10834553440702788
1 0.2592 0.22913616398243045 0.017600000000000005 0.04831625183016103
1 0.3016 0.21595900439238652 0.019199999999999995 0.03953147877013177
1 0.3212 0.1903367496339678 0.020000000000000018 0.040995607613469986
1 0.3388 0.21010248901903367 0.02479999999999999 0.04538799414348463
1 0.35960000000000003 0.19472913616398244 0.021600000000000008 0.043923865300146414
1 0.3724 0.2430453879941435 0.0232 0.043923865300146386
1 0.4056 0.21010248901903367 0.019199999999999995 0.03367496339677892
1 0.3712 0.17642752562225478 0.01920000000000005 0.03074670571010249
1 0.41559999999999997 0.1595900439238653 0.01679999999999998 0.032210834553440704
1 0.4376 0.16910688140556368 0.017600000000000005 0.036603221083455345
1 0.4404 0.2679355783308931 0.021600000000000008 0.04978038067349927
1 0.48160000000000003 0.21376281112737922 0.02560000000000001 0.04685212298682284
1 0.4972 0.18887262079062958 0.018399999999999972 0.040995607613469986
1 0.5327999999999999 0.19472913616398244 0.02080000000000004 0.040995607613469986
1 0.4808 0.15446559297218154 0.019199999999999995 0.036603221083455345
1 0.46040000000000003 0.1493411420204978 0.015200000000000047 0.03513909224011713
1 0.4764 0.13469985358711567 0.015199999999999991 0.02635431918008785
1 0.5024 0.13616398243045388 0.012800000000000034 0.029282576866764276
1 0.536 0.1478770131771596 0.019199999999999995 0.03513909224011713
1 0.5616 0.14568081991215226 0.016000000000000014 0.036603221083455345
1 0.5608 0.11859443631039532 0.014399999999999968 0.02635431918008785
1 0.5811999999999999 0.1281112737920937 0.018400000000000083 0.03074670571010249
1 0.6008 0.10907759882869693 0.016000000000000014 0.03074670571010249
1 0.6100000000000001 0.1581259150805271 0.015199999999999991 0.032210834553440704
1 0.6235999999999999 0.1683748169838946 0.016800000000000037 0.03806734992679356
1 0.6192 0.1376281112737921 0.01759999999999995 0.032210834553440704
1 0.6396 0.116398243045388 0.016800000000000037 0.03367496339677892
1 0.6492 0.1266471449487555 0.016799999999999926 0.036603221083455345
1 0.6568 0.16617862371888725 0.015999999999999903 0.027818448023426062
1 0.6864 0.14568081991215226 0.016000000000000014 0.03367496339677892
1 0.6908000000000001 0.11932650073206442 0.015199999999999991 0.03074670571010249
1 0.7203999999999999 0.1390922401171303 0.015199999999999991 0.032210834553440704
1 0.5656000000000001 0.31332357247437775 0.027200000000000002 0.05856515373352855
1 0.6124 0.3367496339677891 0.031200000000000006 0.055636896046852125
1 0.618 0.25988286969253294 0.02639999999999998 0.05710102489019031
1 0.6628000000000001 0.23060029282576866 0.024800000000000044 0.051244509516837455
1 0.7212000000000001 0.18887262079062958 0.019999999999999907 0.03806734992679356
1 0.7216 0.23792093704245973 0.02079999999999993 0.05417276720351388
1 0.7516 0.2042459736456808 0.020000000000000018 0.03953147877013177
1 0.7428 0.1808199121522694 0.016799999999999926 0.03367496339677892
1 0.76 0.1720351390922401 0.014399999999999968 0.03367496339677892
1 0.788 0.15373352855051245 0.019199999999999995 0.040995607613469986
1 0.8116000000000001 0.17569546120058566 0.015199999999999991 0.040995607613469986
1 0.832 0.19912152269399708 0.016000000000000014 0.03513909224011713
1 0.802 0.22547584187408493 0.018400000000000083 0.040995607613469986
1 0.7764 0.19838945827232796 0.015199999999999991 0.036603221083455345
1 0.7692 0.24963396778916544 0.020000000000000018 0.04245973645680817
1 0.6628000000000001 0.35651537335285505 0.02959999999999996 0.06295754026354317
1 0.7384 0.37920937042459735 0.028800000000000048 0.06442166910688141
1 0.788 0.40263543191800877 0.03200000000000003 0.07906295754026355
1 0.8635999999999999 0.4538799414348462 0.03280000000000005 0.07320644216691069
1 0.8908 0.3784773060029283 0.02639999999999998 0.06881405563689608
1 0.862 0.3089311859443631 0.021600000000000064 0.04685212298682284
1 0.8192 0.2664714494875549 0.022399999999999975 0.0556368960468521
1 0.8715999999999999 0.20717423133235724 0.015199999999999991 0.03953147877013177
1 0.8824 0.20790629575402636 0.016000000000000014 0.032210834553440704
1 0.8964000000000001 0.2452415812591508 0.016800000000000037 0.0453879941434846
1 0.9072 0.2240117130307467 0.014399999999999968 0.03806734992679356
1 0.9136 0.20790629575402636 0.016000000000000014 0.03806734992679356
1 0.9264 0.30527086383601754 0.019200000000000106 0.05417276720351388
1 0.946 0.33382137628111275 0.0232 0.055636896046852125
1 0.9543999999999999 0.40556368960468525 0.027200000000000002 0.07320644216691069
1 0.9816 0.3279648609077599 0.019199999999999995 0.043923865300146414
1 0.9843999999999999 0.28550512445095166 0.015199999999999991 0.040995607613469986
1 0.9796 0.26061493411420206 0.015199999999999991 0.03806734992679353
1 0.9832 0.22693997071742314 0.014399999999999968 0.029282576866764276
1 0.9476 0.2108345534407028 0.020000000000000018 0.04685212298682284
1 0.9428000000000001 0.24231332357247437 0.015199999999999991 0.039531478770131745
