1 0.13256606990622335 0.5097902097902097 0.04859335038363172 0.08531468531468528
1 0.22549019607843138 0.3321678321678322 0.021312872975277064 0.03776223776223775
1 0.2566069906223359 0.33496503496503494 0.022165387894288124 0.04055944055944055
1 0.2830349531116795 0.35454545454545455 0.02216538789428818 0.03776223776223775
1 0.28431372549019607 0.30069930069930073 0.019607843137254888 0.03636363636363632
1 0.33034953111679455 0.36363636363636365 0.02301790281329924 0.05034965034965033
1 0.3512361466325661 0.3195804195804196 0.018755328218243827 0.0321678321678322
1 0.3542199488491049 0.2846153846153846 0.019607843137254888 0.03496503496503495
1 0.38917306052855927 0.32447552447552447 0.019607843137254888 0.036363636363636376
1 0.4100596760443308 0.32237762237762235 0.0238704177323103 0.037762237762237805
1 0.40835464620630857 0.2923076923076923 0.018755328218243827 0.03076923076923077
1 0.3976982097186701 0.25314685314685315 0.017902813299232767 0.03076923076923077
1 0.427536231884058 0.25244755244755246 0.01619778346121059 0.026573426573426567
1 0.44629156010230175 0.25524475524475526 0.014492753623188415 0.026573426573426567
1 0.4356351236146633 0.3 0.020460358056265948 0.03776223776223775
1 0.4595055413469736 0.33076923076923076 0.022165387894288124 0.043356643356643354
1 0.4769820971867008 0.3020979020979021 0.019607843137254888 0.036363636363636376
1 0.46248934356351235 0.23986013986013985 0.01619778346121059 0.03496503496503495
1 0.4757033248081841 0.2545454545454545 0.013640238704177354 0.030769230769230743
1 0.47357203751065646 0.22307692307692306 0.014492753623188415 0.026573426573426567
1 0.49872122762148335 0.25524475524475526 0.013640238704177299 0.026573426573426567
1 0.5106564364876385 0.2517482517482518 0.011935208866155178 0.025174825174825194
1 0.5213128729752771 0.23566433566433564 0.01449275362318847 0.026573426573426567
1 0.526001705029838 0.27062937062937065 0.01705029838022165 0.03496503496503495
1 0.5473145780051151 0.24965034965034966 0.01705029838022165 0.034965034965035
1 0.5639386189258312 0.2678321678321678 0.01790281329923271 0.04055944055944055
1 0.5076726342710998 0.3132867132867133 0.02131287297527701 0.04475524475524478
1 0.5831202046035806 0.24965034965034966 0.013640238704177299 0.03216783216783217
1 0.5733162830349532 0.213986013986014 0.012787723785166238 0.02797202797202797
1 0.5942028985507246 0.22657342657342658 0.013640238704177299 0.025174825174825166
1 0.6104006820119352 0.23916083916083913 0.01534526854219953 0.03636363636363635
1 0.6142369991474851 0.21328671328671328 0.011082693947144007 0.023776223776223765
1 0.618073316283035 0.1986013986013986 0.011935208866155178 0.02797202797202797
1 0.6436487638533674 0.24195804195804196 0.01534526854219953 0.03356643356643357
1 0.6427962489343564 0.2125874125874126 0.01534526854219953 0.02797202797202797
1 0.6777493606138107 0.2020979020979021 0.01534526854219953 0.026573426573426595
1 0.685848252344416 0.22237762237762237 0.011082693947144007 0.02797202797202797
1 0.6990622335890878 0.2153846153846154 0.01705029838022165 0.03636363636363635
1 0.6794543904518329 0.2699300699300699 0.020460358056266004 0.04195804195804195
1 0.6398124467178176 0.29440559440559444 0.021312872975277175 0.04055944055944055
1 0.6057118499573743 0.320979020979021 0.023017902813299296 0.043356643356643354
1 0.6023017902813299 0.36013986013986016 0.028132992327365658 0.054545454545454564
1 0.5541346973572037 0.3965034965034965 0.03069053708439895 0.05174825174825176
1 0.5434782608695652 0.3545454545454545 0.026427962489343537 0.05174825174825176
1 0.5098039215686274 0.3678321678321679 0.04092071611253195 0.053146853146853135
1 0.6206308610400681 0.4188811188811189 0.03239556692242107 0.06293706293706292
1 0.6500426257459506 0.45384615384615384 0.038363171355498715 0.06293706293706292
1 0.6743393009377665 0.37272727272727274 0.03069053708439895 0.06293706293706292
1 0.6560102301790282 0.32867132867132864 0.024722932651321416 0.04475524475524478
1 0.6977834612105712 0.28251748251748254 0.01790281329923271 0.03916083916083918
1 0.7225063938618925 0.2944055944055944 0.019607843137254943 0.043356643356643354
1 0.7169650468883205 0.24335664335664337 0.01534526854219953 0.03076923076923077
1 0.7536231884057971 0.24685314685314685 0.01534526854219953 0.032167832167832144
1 0.7476555839727195 0.23426573426573427 0.013640238704177299 0.026573426573426567
1 0.7617220801364024 0.22377622377622378 0.01449275362318836 0.03356643356643357
1 0.7041773231031543 0.34685314685314683 0.027280477408354598 0.053146853146853135
1 0.7391304347826086 0.39300699300699304 0.02898550724637683 0.053146853146853135
1 0.7097186700767264 0.527972027972028 0.0434782608695653 0.07412587412587418
1 0.7996589940323956 0.4118881118881119 0.03239556692242118 0.057342657342657366
1 0.829070758738278 0.35104895104895106 0.023017902813299185 0.05034965034965033
1 0.8307757885763001 0.2895104895104895 0.01790281329923271 0.03076923076923077
1 0.7796248934356351 0.27622377622377625 0.01619778346121059 0.04335664335664341
1 0.7928388746803069 0.2601398601398601 0.01705029838022165 0.030769230769230743
1 0.7975277067348678 0.23216783216783216 0.01619778346121059 0.033566433566433546
1 0.8260869565217391 0.23846153846153845 0.01534526854219953 0.032167832167832144
1 0.8333333333333334 0.26083916083916087 0.01790281329923271 0.03216783216783217
1 0.860613810741688 0.25244755244755246 0.01449275362318847 0.029370629370629397
1 0.8682864450127877 0.26503496503496504 0.01449275362318847 0.03216783216783217
1 0.8627450980392157 0.3090909090909091 0.018755328218243883 0.047552447552447585
1 0.8780903665814153 0.3678321678321679 0.022165387894288124 0.053146853146853135
1 0.86615515771526 0.4342657342657343 0.03069053708439895 0.06293706293706292
1 0.8482523444160273 0.5020979020979022 0.039215686274509776 0.06713286713286715
1 0.9424552429667519 0.4552447552447553 0.03324808184143224 0.06013986013986011
1 0.9360613810741688 0.3825174825174825 0.027280477408354598 0.051748251748251706
1 0.9505541346973572 0.3531468531468531 0.023870417732310245 0.046153846153846156
1 0.928388746803069 0.32237762237762235 0.018755328218243772 0.046153846153846156
1 0.8857630008525149 0.32797202797202796 0.020460358056265893 0.03776223776223775
1 0.8925831202046036 0.24825174825174826 0.01705029838022165 0.0321678321678322
1 0.9143222506393862 0.27132867132867133 0.019607843137254943 0.04195804195804198
1 0.9526854219948849 0.2993006993006993 0.01790281329923271 0.03356643356643352
1 0.9543904518329072 0.26363636363636367 0.01449275362318836 0.0321678321678322
1 0.9335038363171355 0.2993006993006993 0.01534526854219953 0.03076923076923077
