1 0.1803977272727273 0.4538714991762768 0.053977272727272735 0.1070840197693575
1 0.23816287878787878 0.3665568369028006 0.044507575757575774 0.1070840197693575
1 0.27698863636363635 0.20757825370675453 0.025568181818181823 0.04612850082372322
1 0.34138257575757575 0.27759472817133446 0.019886363636363646 0.044481054365733075
1 0.3560606060606061 0.2602965403624382 0.018939393939393923 0.036243822075782556
1 0.4375 0.28088962108731463 0.02840909090909094 0.051070840197693534
1 0.4237689393939394 0.2215815485996705 0.019886363636363646 0.03789126853377264
1 0.41145833333333337 0.18780889621087316 0.017992424242424254 0.0329489291598023
1 0.4521780303030303 0.22322899505766064 0.025568181818181823 0.04777594728171333
1 0.4616477272727273 0.18204283360790774 0.017992424242424254 0.03459637561779244
1 0.48295454545454547 0.19934102141680396 0.018939393939393923 0.03624382207578253
1 0.46448863636363635 0.15074135090609553 0.016098484848484862 0.028006589785831953
1 0.47916666666666663 0.15321252059308071 0.013257575757575746 0.029654036243822096
1 0.4891098484848485 0.16392092257001648 0.017992424242424254 0.03130148270181221
1 0.4928977272727273 0.13509060955518945 0.01420454545454547 0.02635914332784184
1 0.5184659090909092 0.17380560131795716 0.0179924242424242 0.03130148270181221
1 0.540719696969697 0.13920922570016475 0.017045454545454475 0.03459637561779241
1 0.5691287878787878 0.15238879736408567 0.015151515151515138 0.03130148270181221
1 0.5743371212121212 0.11614497528830313 0.016098484848484862 0.028006589785831953
1 0.5913825757575757 0.15980230642504117 0.014204545454545525 0.036243822075782556
1 0.5482954545454546 0.2042833607907743 0.024621212121212044 0.03953871499176276
1 0.4928977272727273 0.31054365733113676 0.02746212121212116 0.06095551894563428
1 0.6330492424242424 0.23805601317957165 0.029356060606060552 0.05107084019769356
1 0.6515151515151515 0.12685337726523888 0.022727272727272707 0.05271828665568368
1 0.6671401515151515 0.2504118616144975 0.02556818181818188 0.05930807248764414
1 0.6964962121212122 0.16062602965403625 0.019886363636363646 0.03789126853377267
1 0.724905303030303 0.14827018121911037 0.016098484848484862 0.0329489291598023
1 0.740530303030303 0.1630971993410214 0.018939393939393923 0.036243822075782556
1 0.709280303030303 0.09555189456342669 0.013257575757575801 0.029654036243822082
1 0.7168560606060606 0.07660626029654036 0.011363636363636354 0.028006589785831967
1 0.7410037878787878 0.0741350906095552 0.014204545454545414 0.029654036243822082
1 0.7660984848484849 0.10378912685337727 0.01325757575757569 0.02635914332784184
1 0.7585227272727273 0.14332784184514002 0.015151515151515138 0.03953871499176276
1 0.7684659090909091 0.16886326194398682 0.016098484848484862 0.0411861614497529
1 0.7301136363636364 0.2784184514003295 0.03409090909090917 0.059308072487644165
1 0.7878787878787878 0.26935749588138386 0.032196969696969724 0.06095551894563425
1 0.8134469696969697 0.18204283360790774 0.018939393939393923 0.0411861614497529
1 0.828125 0.1301482701812191 0.016098484848484862 0.03624382207578253
1 0.865530303030303 0.1787479406919275 0.015151515151515138 0.03459637561779244
1 0.8882575757575757 0.2298187808896211 0.017045454545454475 0.04777594728171333
