1 0.2058333333333333 0.32666666666666666 0.08499999999999999 0.13777777777777778
1 0.23416666666666666 0.4911111111111111 0.031666666666666676 0.05777777777777782
1 0.28 0.49444444444444446 0.04999999999999999 0.07777777777777778
1 0.32 0.518888888888889 0.07666666666666666 0.09999999999999998
1 0.3716666666666667 0.5811111111111111 0.10666666666666663 0.13111111111111107
1 0.3258333333333333 0.4622222222222222 0.034999999999999976 0.048888888888888926
1 0.3683333333333333 0.4777777777777778 0.03666666666666668 0.053333333333333344
1 0.405 0.49 0.03999999999999998 0.05555555555555558
1 0.4083333333333333 0.44666666666666666 0.030000000000000027 0.04888888888888887
1 0.44166666666666665 0.4833333333333333 0.033333333333333326 0.055555555555555525
1 0.4866666666666667 0.52 0.06666666666666671 0.0977777777777778
1 0.48250000000000004 0.44333333333333336 0.038333333333333386 0.04666666666666669
1 0.53 0.47444444444444445 0.046666666666666634 0.0733333333333333
1 0.595 0.5955555555555556 0.10666666666666669 0.15555555555555556
1 0.5666666666666667 0.43666666666666665 0.033333333333333326 0.04666666666666669
1 0.6416666666666666 0.4777777777777778 0.056666666666666754 0.0888888888888889
1 0.6333333333333333 0.4355555555555556 0.033333333333333326 0.04444444444444445
1 0.6166666666666667 0.43666666666666665 0.033333333333333326 0.05111111111111111
1 0.6925 0.41666666666666663 0.04166666666666674 0.055555555555555525
1 0.7133333333333334 0.44666666666666666 0.043333333333333335 0.062222222222222234
1 0.75 0.4688888888888889 0.05666666666666664 0.0755555555555556
1 0.7491666666666668 0.5611111111111111 0.11166666666666669 0.13111111111111112
1 0.8208333333333333 0.4522222222222222 0.05500000000000005 0.07777777777777778
1 0.815 0.4011111111111111 0.029999999999999916 0.04222222222222222
1 0.87 0.4411111111111111 0.046666666666666634 0.06444444444444442
1 0.9383333333333334 0.46111111111111114 0.08666666666666667 0.11333333333333334
