0 0.5014285714285714 0.39714285714285713 0.14571428571428574 0.1685714285714286
0 0.5521428571428572 0.25285714285714284 0.14714285714285708 0.14857142857142855
0 0.7935714285714286 0.25571428571428567 0.1328571428571429 0.14285714285714285
0 0.8078571428571428 0.37857142857142856 0.11857142857142855 0.1542857142857143
0 0.7271428571428571 0.43785714285714283 0.1171428571428571 0.1642857142857143
0 0.6321428571428571 0.5335714285714286 0.13857142857142857 0.14714285714285708
0 0.8814285714285715 0.5728571428571428 0.12571428571428567 0.14857142857142858
0 0.9628571428571429 0.6335714285714287 0.07428571428571429 0.16714285714285715
0 0.9621428571428572 0.44357142857142856 0.07571428571428573 0.16714285714285715
1 0.9528571428571428 0.3007142857142857 0.0942857142857143 0.13857142857142857
1 0.2207142857142857 0.13428571428571429 0.23285714285714285 0.26
1 0.5978571428571429 0.3571428571428571 0.10428571428571431 0.13428571428571429
