1 0.035 0.33069620253164556 0.042 0.07911392405063289
1 0.114 0.30696202531645567 0.05200000000000002 0.0949367088607595
1 0.187 0.39082278481012656 0.057999999999999996 0.10443037974683544
1 0.227 0.5411392405063291 0.07800000000000001 0.12658227848101267
1 0.31599999999999995 0.41455696202531644 0.064 0.10759493670886078
1 0.254 0.36867088607594933 0.048000000000000015 0.07278481012658228
1 0.276 0.31645569620253167 0.035999999999999976 0.07594936708860761
1 0.375 0.3386075949367089 0.04200000000000004 0.08227848101265828
1 0.482 0.4873417721518987 0.10400000000000004 0.21518987341772144
1 0.472 0.375 0.04799999999999999 0.07911392405063289
1 0.5549999999999999 0.3417721518987342 0.03799999999999992 0.07594936708860761
1 0.641 0.310126582278481 0.04200000000000004 0.06962025316455694
1 0.639 0.4825949367088608 0.08200000000000007 0.129746835443038
1 0.7050000000000001 0.3813291139240506 0.04999999999999993 0.08544303797468356
1 0.8160000000000001 0.3291139240506329 0.051999999999999935 0.0949367088607595
1 0.669 0.6598101265822784 0.10599999999999998 0.199367088607595
1 0.921 0.5379746835443038 0.08999999999999997 0.18987341772151906
1 0.904 0.39082278481012656 0.06400000000000006 0.10443037974683544
1 0.969 0.3860759493670886 0.05800000000000005 0.120253164556962
