1 0.124 0.3383233532934132 0.055999999999999994 0.09580838323353291
1 0.215 0.3892215568862275 0.045999999999999985 0.07784431137724551
1 0.236 0.3562874251497006 0.04400000000000001 0.06586826347305391
1 0.279 0.3937125748502994 0.045999999999999985 0.07485029940119764
1 0.32799999999999996 0.39820359281437123 0.03999999999999998 0.07784431137724551
1 0.314 0.344311377245509 0.028000000000000025 0.06586826347305386
1 0.33799999999999997 0.3727544910179641 0.035999999999999976 0.06287425149700598
1 0.372 0.38772455089820357 0.04400000000000004 0.09281437125748498
1 0.42700000000000005 0.3592814371257485 0.04199999999999998 0.07784431137724546
1 0.45499999999999996 0.3532934131736527 0.033999999999999975 0.06586826347305386
1 0.471 0.4011976047904192 0.04199999999999998 0.07784431137724551
1 0.493 0.37574850299401197 0.030000000000000027 0.06287425149700598
1 0.52 0.37574850299401197 0.028000000000000025 0.06287425149700598
1 0.543 0.39820359281437123 0.03400000000000003 0.07784431137724551
1 0.5469999999999999 0.3562874251497006 0.03799999999999992 0.059880239520958056
1 0.571 0.4011976047904192 0.03799999999999992 0.07784431137724551
1 0.589 0.3532934131736527 0.038000000000000034 0.07185628742514971
1 0.617 0.3682634730538922 0.03400000000000003 0.06586826347305391
1 0.639 0.4086826347305389 0.03400000000000003 0.06287425149700604
1 0.613 0.4431137724550898 0.04200000000000004 0.06586826347305386
1 0.675 0.4296407185628742 0.03799999999999992 0.06886227544910178
1 0.66 0.36377245508982037 0.03200000000000003 0.06287425149700598
1 0.6930000000000001 0.3817365269461078 0.03399999999999992 0.06886227544910178
1 0.728 0.41017964071856283 0.03200000000000003 0.06586826347305391
1 0.759 0.4086826347305389 0.038000000000000034 0.06886227544910178
1 0.813 0.3727544910179641 0.03799999999999992 0.06886227544910178
1 0.825 0.43413173652694614 0.04599999999999993 0.07784431137724551
1 0.873 0.41467065868263475 0.04600000000000004 0.08083832335329338
1 0.913 0.40269461077844315 0.04200000000000004 0.08083832335329338
1 0.9530000000000001 0.3967065868263473 0.05799999999999994 0.09880239520958084
