1 0.17095736122284794 0.4845722300140253 0.044247787610619455 0.06591865357643761
1 0.2940466613032985 0.2657784011220196 0.021721641190667718 0.04067321178120617
1 0.3097345132743363 0.22370266479663392 0.016090104585679776 0.02664796633941094
1 0.33547868061142394 0.22650771388499297 0.019308125502815743 0.029453015427769985
1 0.3608205953338697 0.21669004207573633 0.016894609814963824 0.02664796633941094
1 0.37087691069991957 0.24684431977559607 0.01769911504424776 0.033660589060308554
1 0.3262268704746581 0.26858345021037866 0.021721641190667773 0.03506311360448805
1 0.39742558326629124 0.2510518934081346 0.022526146419951765 0.0364656381486676
1 0.3938053097345133 0.28330995792426367 0.026548672566371723 0.05049088359046283
1 0.38576025744167336 0.22159887798036465 0.016894609814963824 0.030855539971949508
1 0.4030571198712791 0.22019635343618513 0.01769911504424776 0.03927068723702665
1 0.413917940466613 0.19565217391304346 0.016894609814963768 0.037868162692847124
1 0.44006436041834274 0.16690042075736325 0.01287208366854381 0.030855539971949508
1 0.45052292839903463 0.17391304347826086 0.014481094127111793 0.025245441795231416
1 0.4589702333065165 0.1402524544179523 0.013676588897827857 0.030855539971949508
1 0.47747385358004824 0.14446002805049088 0.012067578439259818 0.025245441795231416
1 0.48632341110217214 0.1402524544179523 0.013676588897827802 0.030855539971949508
1 0.5148833467417538 0.13253856942496495 0.012872083668543866 0.02664796633941094
1 0.5329847144006437 0.12903225806451613 0.012067578439259763 0.025245441795231416
1 0.5703942075623492 0.11290322580645161 0.012872083668543866 0.02664796633941094
1 0.5945293644408689 0.10799438990182328 0.016090104585679832 0.028050490883590462
1 0.5671761866452132 0.13464235624123422 0.016090104585679832 0.0364656381486676
1 0.5241351568785197 0.15778401122019636 0.016894609814963824 0.029453015427769985
1 0.5378117457763476 0.1774193548387097 0.02493966210780363 0.029453015427769985
1 0.5096540627514079 0.18863955119214587 0.021721641190667773 0.037868162692847124
1 0.44931617055510864 0.21598877980364656 0.0233306516492357 0.03927068723702665
1 0.47465808527755426 0.2447405329593268 0.02735317779565566 0.0406732117812062
1 0.588897827835881 0.16269284712482468 0.02091713596138378 0.0364656381486676
1 0.6130329847144007 0.14095371669004209 0.017699115044247704 0.037868162692847124
1 0.6202735317779565 0.10729312762973352 0.011263073209975882 0.021037868162692847
1 0.6275140788415124 0.09186535764375876 0.012872083668543866 0.021037868162692847
1 0.6460176991150443 0.09747545582047686 0.014481094127111849 0.021037868162692847
1 0.6496379726468222 0.12903225806451613 0.018503620273531807 0.02244039270687237
1 0.673773129525342 0.09537166900420757 0.013676588897827746 0.019635343618513323
1 0.6777956556717619 0.12131837307152875 0.016894609814963713 0.03506311360448808
1 0.6958970233306516 0.10098176718092566 0.012872083668543866 0.016830294530154277
1 0.755430410297667 0.1093969144460028 0.01609010458567972 0.028050490883590462
1 0.7964601769911505 0.10729312762973352 0.011263073209975882 0.02664796633941094
1 0.8181818181818181 0.11921458625525946 0.012872083668543755 0.030855539971949508
1 0.8427192276749799 0.1297335203366059 0.013676588897827857 0.029453015427769985
1 0.8487530168946098 0.12272089761570827 0.011263073209975882 0.02664796633941094
1 0.8801287208366855 0.13183730715287517 0.012872083668543866 0.028050490883590462
1 0.8732904263877715 0.14726507713884993 0.013676588897827857 0.033660589060308554
1 0.8620273531777957 0.1570827489481066 0.018503620273531807 0.03927068723702665
1 0.826226870474658 0.1605890603085554 0.017699115044247704 0.03506311360448808
1 0.7864038616251006 0.15287517531556802 0.01528559935639584 0.03927068723702665
1 0.8069187449718423 0.17882187938288918 0.017699115044247815 0.03506311360448808
1 0.7284794851166533 0.13043478260869565 0.016894609814963824 0.030855539971949508
1 0.7473853580048271 0.14305750350631136 0.017699115044247704 0.033660589060308554
1 0.7357200321802092 0.1753155680224404 0.02011263073209979 0.033660589060308554
1 0.6934835076427996 0.1570827489481066 0.017699115044247815 0.025245441795231416
1 0.6934835076427996 0.18653576437587657 0.017699115044247815 0.03927068723702665
1 0.7075623491552695 0.21669004207573633 0.021721641190667773 0.04908835904628331
1 0.6757843925985518 0.22159887798036465 0.02091713596138367 0.033660589060308554
1 0.66733708769107 0.2601683029453016 0.02493966210780363 0.043478260869565244
1 0.6263073209975865 0.2061711079943899 0.018503620273531807 0.04488078541374474
1 0.6138374899436847 0.24403927068723702 0.02574416733708762 0.04768583450210381
1 0.5691874497184232 0.24824684431977562 0.02493966210780374 0.039270687237026675
1 0.5394207562349156 0.2973352033660589 0.03137570394207556 0.056100981767180924
1 0.6142397425583266 0.3239831697054698 0.03137570394207556 0.05329593267882188
1 0.7566371681415929 0.22650771388499297 0.02493966210780363 0.05750350631136045
1 0.7839903459372486 0.19985974754558206 0.01528559935639584 0.037868162692847124
1 0.7739340305711987 0.2868162692847125 0.027353177795655714 0.05189340813464238
1 0.82461786001609 0.25315568022440393 0.02091713596138367 0.043478260869565216
1 0.8407079646017699 0.211781206171108 0.017699115044247815 0.030855539971949508
1 0.914320193081255 0.13604488078541374 0.013676588897827857 0.028050490883590462
1 0.9074818986323411 0.15007012622720897 0.016090104585679832 0.033660589060308554
1 0.9400643604183427 0.15427769985974754 0.01528559935639584 0.028050490883590462
1 0.8990345937248592 0.18162692847124823 0.016894609814963713 0.03225806451612903
1 0.8805309734513275 0.2138849929873773 0.01528559935639584 0.03506311360448808
1 0.9292035398230089 0.22931276297335204 0.0193081255028158 0.043478260869565244
1 0.9408688656476267 0.20336605890603085 0.016894609814963824 0.033660589060308554
1 0.8938053097345133 0.2517531556802244 0.024135156878519637 0.04067321178120617
1 0.8584070796460177 0.28751753155680226 0.027353177795655714 0.04488078541374474
1 0.913917940466613 0.3288920056100982 0.024135156878519748 0.05469845722300137
1 0.8185840707964602 0.35834502103786814 0.03620273531777951 0.06591865357643761
1 0.8857602574416734 0.41444600280504906 0.0370072405470635 0.0715287517531557
