1 0.47109375 0.5752753977968177 0.10624999999999996 0.26193390452876375
1 0.66484375 0.4724602203182375 0.09218749999999998 0.1958384332925337
1 0.696484375 0.3843329253365973 0.08359375000000002 0.15422276621787023
1 0.806640625 0.37270501835985315 0.07578124999999991 0.12362301101591183
1 0.840234375 0.38310893512851896 0.053906250000000044 0.12729498164014685
1 0.864453125 0.299265605875153 0.04921874999999998 0.1211750305997552
1 0.90625 0.29253365973072215 0.035937499999999956 0.08078335373317014
1 0.92890625 0.26988984088127294 0.028125000000000067 0.06731946144430842
1 0.9625 0.2833537331701346 0.035937499999999956 0.0697674418604651
1 0.8015625 0.21725826193390452 0.029687499999999978 0.050183598531211765
1 0.80390625 0.2784577723378213 0.029687499999999978 0.062423500611995114
1 0.748828125 0.2552019583843329 0.03359374999999998 0.06242350061199514
1 0.755078125 0.2086903304773562 0.02734375 0.05263157894736842
1 0.684765625 0.27845777233782126 0.03515625 0.0697674418604651
1 0.70859375 0.2717258261933905 0.028124999999999956 0.06609547123623011
1 0.694921875 0.21297429620563035 0.032031249999999956 0.0489596083231334
1 0.642578125 0.2906976744186046 0.04140625000000009 0.09914320685434513
1 0.642578125 0.24112607099143207 0.02890624999999991 0.05140758873929008
1 0.60625 0.21725826193390452 0.03125 0.05997552019583843
1 0.5835937499999999 0.295593635250918 0.05625000000000002 0.11383108935128522
1 0.48750000000000004 0.2692778457772338 0.039062500000000056 0.07099143206854344
1 0.523828125 0.24663402692778458 0.02734375 0.059975520195838405
1 0.552734375 0.23194614443084455 0.02890624999999991 0.057527539779681724
1 0.556640625 0.19951040391676866 0.01953125 0.03671970624235005
1 0.575390625 0.21664626682986537 0.01953125 0.04161566707466338
1 0.45390625 0.26193390452876375 0.0390625 0.06609547123623011
1 0.344140625 0.27600979192166464 0.05234374999999997 0.11138310893512851
1 0.40078125 0.2766217870257038 0.0390625 0.10036719706242347
1 0.376171875 0.2521419828641371 0.03359374999999998 0.07588739290085678
1 0.37773437499999996 0.20807833537331702 0.02265624999999999 0.03916768665850673
1 0.40156250000000004 0.1909424724602203 0.02656249999999999 0.05385556915544676
1 0.319140625 0.21113831089351287 0.02734375 0.05752753977968175
1 0.25703125 0.313953488372093 0.05312499999999998 0.11138310893512848
1 0.253125 0.26988984088127294 0.04531249999999998 0.052631578947368446
1 0.266015625 0.2252141982864137 0.025781250000000033 0.046511627906976744
1 0.24921875 0.19033047735618114 0.0390625 0.05507955936352507
1 0.213671875 0.22827417380660955 0.03984374999999998 0.06242350061199514
1 0.176953125 0.2692778457772338 0.05078125 0.08323133414932682
1 0.055078125000000006 0.33353733170134636 0.06953125 0.13096695226438188
1 0.0578125 0.26621787025703797 0.049999999999999996 0.0648714810281518
1 0.05859375 0.22582619339045287 0.035937500000000004 0.05263157894736842
1 0.1328125 0.2423500611995104 0.04062500000000001 0.07099143206854344
1 0.441015625 0.34577723378212977 0.08515624999999999 0.1529987760097919
1 0.460546875 0.22154222766217868 0.03359375000000003 0.048959608323133424
