1 0.4076492537313433 0.1729200652528548 0.02052238805970147 0.04567699836867864
1 0.4183768656716418 0.20717781402936378 0.015858208955223885 0.03262642740619903
1 0.6352611940298507 0.13866231647634586 0.01492537313432829 0.029363784665579123
1 0.6520522388059702 0.14845024469820556 0.016791044776119368 0.026101141924959215
1 0.6627798507462687 0.1264274061990212 0.012126865671641784 0.027732463295269183
1 0.7672574626865671 0.13784665579119088 0.012126865671641784 0.027732463295269155
1 0.7803171641791045 0.15252854812398042 0.013992537313432862 0.030995106035889064
1 0.8348880597014925 0.2569331158238173 0.020522388059701524 0.05057096247960846
1 0.9029850746268657 0.2569331158238173 0.01492537313432829 0.03425774877650897
1 0.9319029850746268 0.25856443719412725 0.018656716417910446 0.0440456769983687
1 0.9071828358208955 0.23164763458401305 0.017723880597014907 0.029363784665579096
