1 0.23358585858585856 0.7390510948905109 0.07828282828282826 0.14233576642335766
1 0.31313131313131315 0.5766423357664233 0.07070707070707072 0.10948905109489049
1 0.3371212121212121 0.4927007299270073 0.04292929292929293 0.07299270072992697
1 0.41666666666666663 0.6861313868613139 0.07575757575757575 0.15328467153284675
1 0.4393939393939394 0.5748175182481752 0.05555555555555558 0.0985401459854014
1 0.4696969696969697 0.4890510948905109 0.05050505050505055 0.09489051094890505
1 0.5606060606060606 0.4744525547445256 0.045454545454545525 0.07299270072992703
1 0.5972222222222223 0.5875912408759124 0.058080808080808066 0.10948905109489049
1 0.6628787878787878 0.6733576642335766 0.0732323232323232 0.12773722627737227
1 0.7335858585858586 0.5693430656934306 0.06818181818181812 0.12408759124087587
1 0.845959595959596 0.718978102189781 0.09595959595959591 0.15328467153284675
1 0.07196969696969696 0.47992700729927007 0.047979797979797977 0.07664233576642338
1 0.030303030303030304 0.4251824817518248 0.03535353535353535 0.054744525547445244
1 0.08964646464646464 0.39233576642335766 0.027777777777777776 0.04014598540145986
1 0.07954545454545454 0.36861313868613144 0.03282828282828282 0.043795620437956206
1 0.13257575757575757 0.4416058394160584 0.04292929292929293 0.07299270072992703
1 0.12878787878787878 0.3704379562043796 0.02525252525252525 0.04744525547445255
1 0.17045454545454547 0.3832116788321168 0.032828282828282845 0.05839416058394159
1 0.19065656565656564 0.3448905109489051 0.022727272727272735 0.04014598540145986
1 0.2095959595959596 0.416058394160584 0.030303030303030304 0.0510948905109489
1 0.2361111111111111 0.3978102189781022 0.022727272727272735 0.043795620437956206
1 0.26136363636363635 0.3631386861313869 0.022727272727272707 0.04744525547445261
1 0.2828282828282829 0.3631386861313869 0.02525252525252525 0.04744525547445261
1 0.3143939393939394 0.35583941605839414 0.022727272727272707 0.04014598540145986
1 0.3699494949494949 0.4507299270072993 0.0378787878787879 0.06934306569343068
1 0.3851010101010101 0.3905109489051095 0.02777777777777779 0.043795620437956206
1 0.41540404040404044 0.3813868613138686 0.03282828282828282 0.054744525547445244
1 0.4393939393939394 0.33576642335766427 0.030303030303030276 0.043795620437956206
1 0.4747474747474747 0.3521897810218978 0.02525252525252525 0.04014598540145986
1 0.48484848484848486 0.3868613138686131 0.030303030303030276 0.0510948905109489
1 0.45959595959595956 0.40693430656934304 0.03030303030303033 0.040145985401459805
1 0.5151515151515151 0.3375912408759124 0.025252525252525304 0.04744525547445255
1 0.5416666666666667 0.3886861313868613 0.02777777777777779 0.04744525547445255
1 0.5618686868686869 0.3795620437956204 0.022727272727272707 0.043795620437956206
1 0.5707070707070707 0.3521897810218978 0.02020202020202022 0.04014598540145986
1 0.5934343434343434 0.42883211678832117 0.030303030303030276 0.054744525547445244
1 0.6351010101010102 0.4653284671532847 0.0479797979797979 0.08394160583941607
1 0.6351010101010102 0.40693430656934304 0.02777777777777779 0.040145985401459805
1 0.6174242424242424 0.36861313868613144 0.02777777777777779 0.0510948905109489
1 0.7007575757575757 0.42700729927007297 0.037878787878787956 0.06569343065693428
1 0.7878787878787878 0.4251824817518248 0.0505050505050505 0.07664233576642332
1 0.797979797979798 0.3832116788321168 0.03535353535353536 0.05839416058394159
1 0.7083333333333333 0.3777372262773723 0.03282828282828276 0.054744525547445244
1 0.8762626262626263 0.5182481751824817 0.0505050505050505 0.1021897810218978
1 0.9583333333333334 0.5857664233576643 0.06313131313131315 0.11313868613138689
1 0.9343434343434344 0.49817518248175185 0.05555555555555558 0.08394160583941607
1 0.8939393939393939 0.4288321167883211 0.04040404040404044 0.09124087591240876
