0 0.3623046875 0.4296296296296296 0.083984375 0.1925925925925926
1 0.263671875 0.38703703703703707 0.060546875 0.16666666666666669
1 0.1796875 0.4277777777777778 0.109375 0.2592592592592593
1 0.11328125 0.48333333333333334 0.03515625 0.08518518518518514
1 0.0517578125 0.44537037037037036 0.072265625 0.17592592592592593
1 0.0869140625 0.49537037037037035 0.029296875 0.07962962962962966
1 0.41650390625 0.3398148148148148 0.0595703125 0.1462962962962963
1 0.4765625 0.3648148148148148 0.025390625 0.1444444444444445
1 0.73876953125 0.2518518518518518 0.1142578125 0.3259259259259259
1 0.66064453125 0.3277777777777778 0.0498046875 0.15555555555555556
1 0.8095703125 0.24537037037037035 0.052734375 0.20185185185185184
