1 0.07192982456140351 0.6487341772151899 0.12280701754385964 0.2088607594936709
1 0.1631578947368421 0.8243670886075949 0.14035087719298245 0.2626582278481012
1 0.04912280701754386 0.5126582278481012 0.0736842105263158 0.13291139240506328
1 0.21228070175438596 0.43829113924050633 0.0456140350877193 0.07911392405063289
1 0.2578947368421053 0.4287974683544304 0.049122807017543846 0.10443037974683544
1 0.29035087719298247 0.4762658227848101 0.04385964912280704 0.09177215189873417
1 0.35 0.4920886075949367 0.06140350877192985 0.11075949367088611
1 0.4342105263157895 0.4161392405063291 0.04736842105263156 0.09810126582278478
1 0.5754385964912281 0.33069620253164556 0.06666666666666665 0.16772151898734175
1 0.6078947368421053 0.6060126582278481 0.07192982456140351 0.129746835443038
1 0.7412280701754386 0.6708860759493671 0.08245614035087723 0.18354430379746833
1 0.7912280701754386 0.5126582278481013 0.07017543859649122 0.15189873417721522
1 0.893859649122807 0.5965189873417722 0.08245614035087723 0.14240506329113922
1 0.8982456140350876 0.7626582278481013 0.11578947368421055 0.2405063291139241
