1 0.1313456889605157 0.6047957371225577 0.041901692183722805 0.1190053285968029
1 0.22562449637389204 0.325044404973357 0.02256244963738921 0.05328596802841923
1 0.21434327155519742 0.29573712255772644 0.017727639000805817 0.04440497335701599
1 0.27195809830781625 0.2664298401420959 0.015310233682514107 0.04262877442273538
1 0.2872683319903304 0.27175843694493784 0.015310233682514107 0.04618117229129662
1 0.3058017727639001 0.23978685612788633 0.01692183722804186 0.046181172291296646
1 0.330378726833199 0.2690941385435169 0.017727639000805817 0.05150976909413854
1 0.34730056406124094 0.23712255772646537 0.014504431909750148 0.04085257548845472
1 0.36744560838033846 0.2904085257548845 0.019339242546333624 0.04795737122557725
1 0.39161966156325545 0.2664298401420959 0.01611603545527801 0.04262877442273538
1 0.4391619661563255 0.3321492007104796 0.024174053182917044 0.04973357015985791
1 0.36180499597099114 0.22202486678507993 0.014504431909750204 0.03197158081705151
1 0.3859790491539081 0.21314387211367675 0.012892828364222397 0.03197158081705151
1 0.4282836422240129 0.22291296625222023 0.018533440773569665 0.040852575488454695
1 0.43029814665592264 0.18738898756660746 0.012892828364222453 0.03374777975133214
1 0.4657534246575342 0.27708703374777977 0.019339242546333624 0.046181172291296646
1 0.4899274778404512 0.23001776198934282 0.014504431909750204 0.03374777975133217
1 0.475825946817083 0.20159857904085257 0.0136986301369863 0.04085257548845472
1 0.46212731668009666 0.19715808170515098 0.012087026591458494 0.028419182948490218
1 0.44963738920225627 0.1891651865008881 0.014504431909750204 0.03374777975133214
1 0.4907332796132151 0.17761989342806395 0.01611603545527801 0.0355239786856128
1 0.5157131345688961 0.19715808170515098 0.014504431909750148 0.0355239786856128
1 0.524174053182917 0.1811722912966252 0.013698630136986356 0.03197158081705151
1 0.5511684125705076 0.24511545293072823 0.016116035455278066 0.042628774422735355
1 0.5672844480257857 0.23712255772646534 0.016116035455277955 0.04440497335701596
1 0.556406124093473 0.1891651865008881 0.018533440773569776 0.04085257548845472
1 0.5499597099113618 0.15630550621669625 0.013698630136986356 0.03197158081705151
1 0.5725221595487511 0.15452930728241562 0.015310233682514052 0.039076376554174064
1 0.5797743755036261 0.1989342806394316 0.01692183722804197 0.039076376554174064
1 0.6071716357775987 0.20159857904085257 0.013698630136986356 0.04085257548845472
1 0.6184528605962933 0.22646536412078153 0.015310233682514052 0.04085257548845472
1 0.6547139403706688 0.20603907637655416 0.012087026591458438 0.03197158081705151
1 0.6490733279613214 0.1705150976909414 0.012087026591458438 0.039076376554174064
1 0.6265108783239324 0.15008880994671403 0.01692183722804186 0.04085257548845472
1 0.596293311845286 0.14120781527531084 0.016116035455277955 0.030195381882770878
1 0.6639806607574537 0.152753108348135 0.012892828364222453 0.0355239786856128
1 0.6869460112812249 0.15985790408525757 0.013698630136986245 0.03197158081705151
1 0.7087026591458501 0.17761989342806395 0.015310233682514052 0.039076376554174064
1 0.6941982272360999 0.24511545293072823 0.015310233682514163 0.042628774422735355
1 0.6764705882352942 0.20603907637655416 0.015310233682514052 0.039076376554174064
1 0.5697018533440774 0.37300177619893427 0.02256244963738918 0.060390763765541755
1 0.6023368251410153 0.4058614564831261 0.026591458501208698 0.06216696269982236
1 0.6091861402095085 0.3268206039076377 0.01933924254633368 0.05328596802841917
1 0.6583400483481063 0.28063943161634103 0.02256244963738918 0.060390763765541755
1 0.7211925866236906 0.29307282415630553 0.017727639000805873 0.046181172291296646
1 0.6551168412570507 0.43960923623445824 0.020950846091861375 0.05506216696269983
1 0.717969379532635 0.4325044404973357 0.024174053182916988 0.06216696269982236
1 0.7997582594681709 0.5071047957371225 0.02497985495568089 0.08703374777975131
1 0.8416599516518937 0.5506216696269982 0.03142626913779212 0.08170515097690934
1 0.8803384367445608 0.4342806394316163 0.018533440773569665 0.05506216696269983
1 0.9597099113618051 0.4857904085257549 0.02256244963738918 0.069271758436945
1 0.9476228847703465 0.41651865008880995 0.01933924254633368 0.058614564831261096
1 0.9721998388396454 0.3996447602131439 0.01692183722804197 0.04973357015985791
1 0.9685737308622079 0.3516873889875666 0.01450443190975026 0.04262877442273533
1 0.9786462530217566 0.3063943161634103 0.018533440773569665 0.04440497335701599
1 0.9484286865431104 0.27353463587921845 0.017727639000805873 0.04973357015985788
1 0.9278807413376309 0.30106571936056836 0.013698630136986245 0.03374777975133214
1 0.9238517324738114 0.3605683836589698 0.02014504431909747 0.04973357015985791
1 0.9004834810636584 0.28596802841918295 0.012087026591458438 0.035523978685612745
1 0.8916196615632555 0.25932504440497334 0.013698630136986356 0.042628774422735355
1 0.8839645447219984 0.32149200710479575 0.017727639000805873 0.046181172291296646
1 0.870265914585012 0.34991119005328597 0.02256244963738918 0.04973357015985791
1 0.8597904915390814 0.3774422735346359 0.01933924254633368 0.047957371225577305
1 0.8130539887187751 0.3285968028419183 0.019339242546333568 0.04973357015985791
1 0.7473811442385174 0.3268206039076377 0.023368251410153085 0.04973357015985791
1 0.7401289282836423 0.25754884547069273 0.01692183722804186 0.03907637655417409
1 0.7449637389202256 0.21847246891651867 0.01208702659145855 0.03197158081705151
1 0.7767929089443997 0.23623445825932504 0.01450443190975026 0.039076376554174064
1 0.7933118452860597 0.27619893428063946 0.015310233682514052 0.04795737122557725
1 0.8170829975825946 0.2593250444049734 0.014504431909750148 0.0355239786856128
1 0.8408541498791298 0.24245115452930727 0.013698630136986245 0.03730017761989343
1 0.8686543110394842 0.2602131438721137 0.016116035455277955 0.037300177619893404
1 0.8058017727639001 0.21758436944937834 0.016116035455278066 0.04440497335701599
1 0.7711522965350524 0.20426287744227353 0.016116035455277955 0.0355239786856128
