1 0.18410700236034616 0.48058252427184467 0.04563335955940204 0.08183079056865461
1 0.33792289535798586 0.22676837725381416 0.02124311565696302 0.042995839112343975
1 0.3815892997639654 0.23092926490984744 0.028324154209284025 0.040221914008321785
1 0.4032258064516129 0.20249653259362 0.02124311565696302 0.03883495145631069
1 0.44099134539732493 0.22052704576976423 0.01809598741148699 0.0360610263522885
1 0.46302124311565696 0.2274618585298197 0.022816679779701032 0.04715672676837726
1 0.5114083398898506 0.18654646324549237 0.02202989771833208 0.04299583911234395
1 0.5680566483084186 0.16504854368932037 0.020456333595593956 0.04438280166435507
1 0.5959874114870181 0.10679611650485438 0.010228166797797034 0.022191400832177535
1 0.560582218725413 0.2461858529819695 0.02596380802517706 0.04576976421636614
1 0.6219512195121951 0.23509015256588073 0.02596380802517695 0.048543689320388356
1 0.6514555468135326 0.21497919556171985 0.023603461841069984 0.04715672676837726
1 0.6675845790715972 0.25173370319001387 0.029110936270652976 0.0568654646324549
1 0.7045633359559402 0.2288488210818308 0.02596380802517706 0.05547850208044383
1 0.7584579071597168 0.27323162274618584 0.02675059008654601 0.061026352288488184
1 0.7218725413060583 0.15603328710124825 0.022816679779701032 0.040221914008321785
1 0.7576711250983478 0.1685159500693481 0.01730920535011804 0.042995839112343975
1 0.7942564909520062 0.17059639389736475 0.019669551534225005 0.04715672676837726
1 0.8068450039339103 0.3536754507628294 0.036978756884343045 0.07489597780859913
1 0.8288749016522423 0.319001386962552 0.032258064516129004 0.072122052704577
1 0.8867033831628639 0.36893203883495146 0.03147128245476005 0.07212205270457694
1 0.8894571203776553 0.29750346740638 0.02596380802517706 0.06518723994452152
1 0.8198269079464988 0.21914008321775313 0.02202989771833197 0.03883495145631069
1 0.8343823760818253 0.17475728155339804 0.014948859166010964 0.03883495145631069
1 0.8874901652242329 0.17891816920943135 0.015735641227380026 0.03328710124826628
1 0.8662470495672698 0.23092926490984744 0.018882769472856054 0.045769764216366166
1 0.8469708890637293 0.16296809986130373 0.018095987411487102 0.037447988904299595
1 0.9158143194335169 0.23509015256588073 0.018882769472856054 0.048543689320388356
