1 0.18406337371854614 0.4443535188216039 0.05498602050326187 0.10638297872340424
1 0.27632805219012113 0.24386252045826515 0.013979496738117436 0.02945990180032737
1 0.3033550792171482 0.23813420621931258 0.01957129543336439 0.03436988543371519
1 0.29217148182665426 0.27086743044189854 0.017707362534948756 0.037643207855973804
1 0.3383038210624417 0.27004909983633385 0.016775396085740912 0.03600654664484454
1 0.3718546132339236 0.2823240589198036 0.020503261882572232 0.037643207855973804
1 0.37325256290773534 0.23404255319148937 0.01957129543336439 0.03600654664484451
1 0.4380242311276794 0.23158756137479541 0.024231127679403497 0.044189852700491
1 0.46272134203168686 0.22995090016366612 0.025163094128611396 0.04746317512274961
1 0.37791239515377445 0.1816693944353519 0.01584342963653307 0.03273322422258593
1 0.40307548928238585 0.18739770867430441 0.01584342963653307 0.02782324058919805
1 0.41985088536812676 0.18085106382978722 0.01584342963653307 0.03764320785597383
1 0.4277726001863933 0.17266775777414076 0.013047530288909592 0.03436988543371522
1 0.44594594594594594 0.18330605564648117 0.01397949673811738 0.03600654664484451
1 0.4631873252562908 0.1923076923076923 0.0186393289841566 0.03764320785597383
1 0.4608574091332712 0.1546644844517185 0.012115563839701748 0.031096563011456635
1 0.48182665424044735 0.14893617021276595 0.013047530288909592 0.03273322422258593
1 0.4869524697110904 0.1644844517184943 0.010251630941286116 0.021276595744680854
1 0.4902143522833178 0.19312602291325695 0.020503261882572232 0.039279869067103124
1 0.5088536812674744 0.17430441898527005 0.018639328984156545 0.04418985270049097
1 0.5219012115563839 0.20540098199672668 0.02050326188257212 0.037643207855973804
1 0.5051258154706431 0.12847790507364976 0.011183597390493905 0.02127659574468084
1 0.5191053122087605 0.14075286415711946 0.013047530288909592 0.02618657937806876
1 0.5354147250698975 0.11865793780687398 0.017707362534948756 0.024549918166939452
1 0.5573159366262814 0.13175122749590834 0.018639328984156545 0.027823240589198037
1 0.5484622553588071 0.17103109656301146 0.01584342963653307 0.031096563011456635
1 0.5605778191985089 0.17348608837970542 0.017707362534948756 0.03273322422258593
1 0.581547064305685 0.1432078559738134 0.016775396085740968 0.031096563011456635
1 0.5885368126747437 0.11702127659574468 0.01397949673811738 0.02127659574468084
1 0.5913327120223673 0.10147299509001637 0.01397949673811738 0.022913256955810146
1 0.6043802423112767 0.14729950900163669 0.017707362534948756 0.03600654664484451
1 0.6211556383970177 0.10310965630114566 0.012115563839701693 0.022913256955810146
1 0.6295433364398881 0.1072013093289689 0.01397949673811738 0.021276595744680854
1 0.6453867660764212 0.13584288052373159 0.01584342963653307 0.022913256955810146
1 0.6472506989748369 0.11620294599018002 0.013979496738117492 0.019639934533551548
1 0.6668219944082012 0.10965630114566285 0.01397949673811738 0.026186579378068744
1 0.6980428704566636 0.10065466448445172 0.011183597390493905 0.02454991816693944
1 0.5013979496738118 0.35597381342062195 0.03168685927306619 0.057283142389525366
1 0.5647716682199441 0.30032733224222585 0.024231127679403608 0.057283142389525366
1 0.5624417520969245 0.24959083469721766 0.02329916123019571 0.044189852700491
1 0.6178937558247903 0.2520458265139116 0.020503261882572232 0.049099836333878905
1 0.6397949673811743 0.2864157119476268 0.027027027027026973 0.055646481178396046
1 0.6826654240447343 0.3142389525368249 0.02889095992544266 0.06219312602291327
1 0.6332712022367195 0.2103109656301146 0.02329916123019571 0.044189852700491
1 0.6621621621621621 0.2103109656301146 0.02329916123019571 0.047463175122749585
1 0.6649580615097856 0.1718494271685761 0.019571295433364444 0.03600654664484451
1 0.6971109040074557 0.18412438625204583 0.018639328984156545 0.037643207855973804
1 0.6933830382106244 0.1497545008183306 0.01491146318732528 0.03436988543371522
1 0.7283317800559179 0.1939443535188216 0.02329916123019571 0.044189852700491
1 0.7325256290773532 0.24468085106382978 0.026095060577819185 0.05400981996726678
1 0.7082945013979497 0.23158756137479541 0.026095060577819185 0.0507364975450082
1 0.7530288909599254 0.2176759410801964 0.024231127679403608 0.049099836333878905
1 0.772134203168686 0.2094926350245499 0.021435228331780132 0.05237315875613749
1 0.749767008387698 0.323240589198036 0.0363466915191053 0.0703764320785597
1 0.7767940354147251 0.27986906710310966 0.027027027027027084 0.06219312602291327
1 0.8108108108108107 0.23895253682487727 0.018639328984156545 0.04582651391162032
1 0.7367194780987885 0.11292962356792144 0.017707362534948756 0.036006546644844525
1 0.7548928238583411 0.1432078559738134 0.018639328984156656 0.037643207855973804
1 0.7693383038210624 0.13011456628477905 0.01397949673811738 0.031096563011456635
1 0.7823858341099721 0.1391162029459902 0.01584342963653318 0.03600654664484451
1 0.8005591798695246 0.14402618657937805 0.016775396085740968 0.03600654664484451
1 0.8289841565703635 0.14238952536824878 0.01397949673811738 0.029459901800327343
1 0.8331780055917987 0.12438625204582651 0.01491146318732528 0.03273322422258594
1 0.8504193849021435 0.16039279869067102 0.01584342963653307 0.04255319148936171
1 0.8588070829450141 0.1530278232405892 0.01397949673811738 0.031096563011456635
1 0.8662628145386766 0.13502454991816693 0.013979496738117492 0.02454991816693944
1 0.8289841565703635 0.2127659574468085 0.025163094128611396 0.04255319148936171
1 0.8574091332712023 0.24959083469721768 0.020503261882572232 0.04746317512274961
1 0.8434296365330848 0.29950900163666117 0.02982292637465056 0.06546644844517185
1 0.7972972972972974 0.4148936170212766 0.03448275862068961 0.07364975450081834
1 0.9063373718546133 0.35597381342062195 0.03075489282385835 0.07364975450081829
1 0.918452935694315 0.3109656301145663 0.027027027027027084 0.05237315875613746
1 0.9123951537744641 0.2602291325695581 0.026095060577819185 0.04582651391162029
1 0.8802423112767941 0.20540098199672668 0.017707362534948756 0.03436988543371522
1 0.8946877912395154 0.16612111292962356 0.016775396085740857 0.03436988543371522
1 0.9259086672879777 0.21194762684124385 0.017707362534948756 0.03764320785597383
1 0.9249767008387698 0.2602291325695581 0.019571295433364444 0.04582651391162029
1 0.9268406337371855 0.15711947626841244 0.012115563839701804 0.02618657937806873
