1 0.16328125 0.5748440748440748 0.08906250000000002 0.15176715176715172
1 0.2390625 0.5384615384615385 0.05625000000000002 0.09563409563409564
1 0.28359375 0.4365904365904366 0.06718750000000001 0.08731808731808732
1 0.434375 0.5228690228690229 0.09999999999999998 0.1642411642411642
1 0.58984375 0.8222453222453223 0.11093749999999991 0.1725571725571725
1 0.7828125 0.7182952182952183 0.078125 0.14345114345114351
1 0.8734375 0.5831600831600832 0.0625 0.12681912681912677
1 0.93671875 0.6455301455301455 0.07343749999999993 0.10602910602910609
1 0.95625 0.840956340956341 0.08750000000000002 0.2557172557172558
1 0.055468750000000004 0.6517671517671517 0.06718750000000001 0.14760914760914756
1 0.29218750000000004 0.36902286902286907 0.04999999999999999 0.09355509355509356
1 0.33906250000000004 0.3191268191268192 0.05937500000000001 0.0893970893970894
1 0.52734375 0.35446985446985446 0.0390625 0.07276507276507277
1 0.584375 0.41060291060291065 0.050000000000000044 0.07692307692307693
1 0.6421875 0.46673596673596673 0.050000000000000044 0.07692307692307687
1 0.6203125 0.5311850311850312 0.0625 0.08108108108108103
1 0.20546875 0.2047817047817048 0.04218749999999999 0.06860706860706861
1 0.203125 0.3440748440748441 0.05312499999999998 0.08108108108108109
1 0.01953125 0.20374220374220375 0.0359375 0.07484407484407485
