1 0.1646919431279621 0.4786931818181818 0.04186413902053712 0.09943181818181823
1 0.5943917851500791 0.2159090909090909 0.016587677725118488 0.03977272727272729
1 0.6105845181674565 0.21803977272727273 0.011058451816745696 0.035511363636363646
1 0.45458135860979465 0.23579545454545453 0.015007898894154825 0.025568181818181795
1 0.54739336492891 0.2265625 0.012638230647709303 0.04119318181818182
1 0.5047393364928909 0.24573863636363635 0.014218009478672966 0.03125
1 0.2812006319115324 0.3117897727272727 0.01579778830963663 0.03835227272727276
1 0.6394154818325435 0.22443181818181818 0.01500789889415477 0.03693181818181818
1 0.6528436018957346 0.23082386363636365 0.011848341232227555 0.03267045454545456
1 0.6642969984202212 0.23082386363636365 0.012638230647709303 0.03267045454545456
1 0.5300157977883095 0.25 0.01579778830963663 0.03977272727272729
1 0.34952606635071093 0.30113636363636365 0.01816745655608215 0.03125
1 0.22867298578199052 0.3430397727272727 0.016587677725118488 0.044034090909090884
1 0.2551342812006319 0.35511363636363635 0.02211690363349131 0.042613636363636354
1 0.41429699842022116 0.26278409090909094 0.01816745655608215 0.022727272727272763
1 0.28159557661927326 0.37144886363636365 0.021327014218009477 0.046875
1 0.32385466034755134 0.3742897727272727 0.020537124802527673 0.046875
1 0.3475513428120063 0.34090909090909094 0.014218009478672966 0.03977272727272724
1 0.3755924170616114 0.3366477272727273 0.01816745655608215 0.04545454545454547
1 0.39731437598736175 0.30326704545454547 0.015797788309636684 0.03835227272727271
1 0.40560821484992104 0.33948863636363635 0.021327014218009477 0.042613636363636354
1 0.43088467614533965 0.30610795454545453 0.02290679304897314 0.03835227272727271
1 0.43799368088467616 0.3487215909090909 0.02290679304897314 0.046875
1 0.5604265402843602 0.28480113636363635 0.018167456556082207 0.04119318181818182
1 0.49565560821484994 0.3338068181818182 0.02290679304897314 0.051136363636363646
1 0.4589257503949447 0.30894886363636365 0.018957345971563955 0.04403409090909094
1 0.6149289099526066 0.29971590909090906 0.019747235387045814 0.04261363636363641
1 0.5774091627172195 0.32954545454545453 0.018957345971564066 0.042613636363636354
1 0.4861769352290679 0.3977272727272727 0.029225908372827847 0.059659090909090884
1 0.5165876777251185 0.37215909090909094 0.028436018957346043 0.05113636363636359
1 0.5264612954186414 0.4133522727272727 0.027646129541864184 0.05397727272727276
1 0.5904423380726698 0.43110795454545453 0.03080568720379151 0.06676136363636365
1 0.6022906793048973 0.3757102272727273 0.026066350710900466 0.046875
1 0.6295418641390205 0.34730113636363635 0.020537124802527562 0.04403409090909094
1 0.6800947867298579 0.2585227272727273 0.023696682464455 0.03977272727272724
1 0.6690363349131121 0.3494318181818182 0.025276461295418717 0.045454545454545414
1 0.6449447077409163 0.37926136363636365 0.0308056872037914 0.04829545454545453
1 0.6524486571879937 0.4524147727272727 0.03001579778830965 0.06676136363636365
1 0.6927330173775672 0.4772727272727273 0.034755134281200584 0.07954545454545459
1 0.7132701421800948 0.40198863636363635 0.028436018957346043 0.051136363636363646
1 0.7302527646129542 0.23295454545454547 0.019747235387045814 0.02840909090909091
1 0.7195892575039495 0.25426136363636365 0.01579778830963663 0.03125
1 0.7037914691943128 0.29332386363636365 0.020537124802527673 0.04119318181818182
1 0.7428909952606635 0.28551136363636365 0.01500789889415488 0.03409090909090906
1 0.7547393364928909 0.24644886363636365 0.016587677725118488 0.029829545454545442
1 0.7843601895734598 0.24786931818181818 0.012638230647709414 0.03267045454545456
1 0.7910742496050553 0.3046875 0.016587677725118488 0.04403409090909094
1 0.8124012638230649 0.26065340909090906 0.016587677725118488 0.03267045454545453
1 0.8258293838862559 0.27556818181818177 0.018167456556082096 0.03693181818181818
1 0.8459715639810427 0.26136363636363635 0.012638230647709303 0.03409090909090906
1 0.7859399684044234 0.36079545454545453 0.017377567140600236 0.042613636363636354
1 0.7681674565560821 0.42684659090909094 0.02290679304897314 0.06676136363636359
1 0.7796208530805687 0.5461647727272727 0.033175355450236976 0.07244318181818188
1 0.8222748815165877 0.45596590909090906 0.03001579778830954 0.05681818181818182
1 0.8325434439178515 0.3771306818181818 0.020537124802527673 0.04403409090909094
1 0.8139810426540284 0.32315340909090906 0.01500789889415477 0.04119318181818182
1 0.8661137440758293 0.28764204545454547 0.01500789889415477 0.035511363636363646
1 0.8321484992101106 0.3267045454545454 0.021327014218009532 0.04829545454545453
1 0.8475513428120063 0.30894886363636365 0.023696682464455 0.035511363636363646
1 0.915086887835703 0.28409090909090906 0.01500789889415488 0.028409090909090884
1 0.8787519747235387 0.4708806818181819 0.024486571879936747 0.06107954545454547
1 0.8799368088467614 0.40198863636363635 0.017377567140600347 0.042613636363636354
1 0.8981042654028436 0.37357954545454547 0.023696682464454888 0.051136363636363646
1 0.4423380726698262 0.26065340909090906 0.017377567140600347 0.02982954545454547
1 0.49565560821484994 0.26420454545454547 0.018167456556082207 0.03125000000000003
1 0.5552922590837283 0.22514204545454547 0.012638230647709303 0.029829545454545442
1 0.5880726698262243 0.2507102272727273 0.018167456556082096 0.02698863636363638
1 0.6192733017377567 0.2315340909090909 0.01579778830963663 0.03125
1 0.6251974723538705 0.25426136363636365 0.018167456556082096 0.03977272727272729
1 0.6548183254344392 0.2791193181818182 0.020537124802527673 0.035511363636363646
1 0.8483412322274881 0.34801136363636365 0.020537124802527673 0.04829545454545453
1 0.9028436018957346 0.2947443181818182 0.017377567140600347 0.035511363636363646
1 0.3787519747235387 0.2883522727272727 0.015007898894154825 0.03693181818181818
1 0.4229857819905213 0.28409090909090906 0.01816745655608215 0.03693181818181818
