1 0.1362126245847176 0.5537482319660537 0.03820598006644517 0.074964639321075
1 0.2288205980066445 0.3345120226308345 0.014119601328903636 0.03536067892503536
1 0.2595514950166113 0.342998585572843 0.02076411960132893 0.04384724186704386
1 0.2811461794019934 0.3698727015558699 0.019102990033222633 0.038189533239038176
1 0.28820598006644516 0.3104667609618105 0.018272425249169444 0.03536067892503536
1 0.3289036544850499 0.36845827439886847 0.023255813953488358 0.04950495049504949
1 0.3525747508305648 0.3316831683168317 0.01744186046511631 0.03536067892503536
1 0.35340531561461797 0.29490806223479493 0.017441860465116255 0.03253182461103249
1 0.3870431893687708 0.33946251768033947 0.01993355481727571 0.042432814710042455
1 0.4098837209302325 0.3330975954738331 0.0207641196013289 0.038189533239038176
1 0.40822259136212624 0.30198019801980197 0.019102990033222578 0.02970297029702973
1 0.3941029900332226 0.25954738330975957 0.017441860465116255 0.02687411598302686
1 0.4273255813953488 0.26025459688826025 0.014119601328903664 0.02545968882602545
1 0.44435215946843853 0.27015558698727016 0.01827242524916939 0.0339462517680339
1 0.4352159468438538 0.30834512022630833 0.018272425249169444 0.039603960396039584
1 0.44850498338870437 0.3373408769448374 0.026578073089701004 0.04384724186704386
1 0.4754983388704319 0.30480905233380484 0.0207641196013289 0.03253182461103249
1 0.46719269102990035 0.2418670438472419 0.014119601328903664 0.028288543140028294
1 0.47300664451827246 0.2659123055162659 0.017441860465116255 0.03394625176803395
1 0.5091362126245846 0.2616690240452617 0.014950166112956853 0.031117397454031137
1 0.5232558139534884 0.2758132956152758 0.014950166112956853 0.03394625176803395
1 0.5240863787375416 0.2454031117397454 0.014950166112956853 0.024045261669024043
1 0.5440199335548173 0.25106082036775107 0.013289036544850474 0.03536067892503536
1 0.5581395348837209 0.2835926449787836 0.01661129568106312 0.03536067892503536
1 0.5074750830564784 0.3239038189533239 0.021594684385382035 0.03394625176803395
1 0.5710132890365449 0.21923620933521923 0.012458471760797285 0.02545968882602545
1 0.5784883720930233 0.2340876944837341 0.012458471760797396 0.02687411598302686
1 0.5830564784053156 0.25884016973125884 0.011627906976744207 0.03111739745403111
1 0.5892857142857143 0.2355021216407355 0.010797342192691017 0.021216407355021227
1 0.6058970099667774 0.2277227722772277 0.012458471760797396 0.028288543140028294
1 0.6117109634551495 0.20862800565770862 0.012458471760797396 0.0212164073550212
1 0.6316445182724253 0.21640735502121639 0.012458471760797285 0.028288543140028294
1 0.6428571428571428 0.22913719943422914 0.011627906976744096 0.02545968882602545
1 0.6453488372093024 0.24611032531824611 0.011627906976744207 0.028288543140028294
1 0.6029900332225914 0.2538896746817539 0.01661129568106312 0.0297029702970297
1 0.6769102990033222 0.23055162659123057 0.013289036544850474 0.028288543140028294
1 0.6748338870431894 0.2065063649222065 0.012458471760797396 0.022630834512022635
1 0.6893687707641196 0.22701555869872703 0.013289036544850474 0.03253182461103252
1 0.4838039867109635 0.40381895332390383 0.030730897009966784 0.057991513437057995
1 0.5398671096345515 0.3493635077793494 0.023255813953488302 0.0509193776520509
1 0.5490033222591362 0.4031117397454031 0.029900332225913595 0.048090523338048086
1 0.5934385382059801 0.44766619519094764 0.0357142857142857 0.07496463932107494
1 0.6054817275747508 0.38189533239038187 0.02657807308970095 0.05374823196605377
1 0.6038205980066444 0.3345120226308345 0.023255813953488302 0.04950495049504955
1 0.6399501661129567 0.29773691654879775 0.019102990033222578 0.04101838755304099
1 0.6731727574750831 0.27793493635077793 0.01744186046511631 0.03536067892503536
1 0.699750830564784 0.30056577086280056 0.01578073089700993 0.04101838755304099
1 0.7130398671096345 0.3026874115983027 0.01578073089700993 0.03677510608203677
1 0.7117940199335548 0.2524752475247525 0.013289036544850474 0.032531824611032545
1 0.7362956810631229 0.2553041018387553 0.014119601328903664 0.0297029702970297
1 0.742109634551495 0.23903818953323905 0.014119601328903664 0.02828854314002832
1 0.7545681063122924 0.23055162659123057 0.012458471760797285 0.028288543140028294
1 0.6503322259136213 0.3451202263083451 0.021594684385382035 0.04526166902404527
1 0.6665282392026578 0.3769448373408769 0.027408637873754138 0.055162659123055124
1 0.6922757475083057 0.36209335219236205 0.02408637873754149 0.05374823196605377
1 0.7259136212624585 0.3974540311173974 0.028239202657807327 0.0594059405940594
1 0.6428571428571429 0.4702970297029703 0.03322259136212624 0.07213578500707218
1 0.7059800664451827 0.5445544554455446 0.038205980066445155 0.0678925035360679
1 0.8359634551495017 0.504950495049505 0.03571428571428581 0.06506364922206509
1 0.7711794019933556 0.27793493635077793 0.014119601328903664 0.03536067892503536
1 0.7890365448504983 0.2652050919377652 0.01661129568106312 0.038189533239038176
1 0.7877906976744187 0.24045261669024046 0.015780730897010042 0.03394625176803395
1 0.8205980066445183 0.3033946251768034 0.01661129568106312 0.038189533239038176
1 0.8160299003322259 0.28925035360678925 0.01744186046511631 0.03536067892503536
1 0.8164451827242525 0.24469589816124468 0.0182724252491695 0.03677510608203677
1 0.8480066445182723 0.2581329561527581 0.014950166112956853 0.03253182461103252
1 0.8621262458471761 0.272984441301273 0.013289036544850474 0.03394625176803395
1 0.8754152823920265 0.260961810466761 0.013289036544850474 0.032531824611032545
1 0.901578073089701 0.2758132956152758 0.015780730897010042 0.031117397454031137
1 0.8907807308970099 0.3161244695898161 0.01578073089700993 0.02687411598302686
1 0.8525747508305648 0.3125884016973126 0.019102990033222578 0.03677510608203677
1 0.8193521594684385 0.35997171145685997 0.022425249169435224 0.052333804809052364
1 0.7960963455149501 0.43352192362093356 0.029069767441860406 0.0664780763790665
1 0.8492524916943521 0.46110325318246115 0.03239202657807305 0.05657708628005659
1 0.8679401993355482 0.3811881188118812 0.023255813953488302 0.04950495049504955
1 0.8754152823920265 0.3493635077793493 0.019933554817275767 0.0424328147100424
1 0.9206810631229236 0.3917963224893918 0.02408637873754149 0.042432814710042455
1 0.9298172757475083 0.46039603960396036 0.029069767441860517 0.0664780763790665
1 0.9401993355481728 0.35431400282885434 0.01661129568106312 0.03536067892503536
1 0.9431063122923589 0.32531824611032534 0.0174418604651162 0.03394625176803395
1 0.9227574750830565 0.3097595473833098 0.0182724252491695 0.03677510608203677
1 0.9472591362126246 0.27722772277227725 0.01744186046511631 0.031117397454031137
