1 0.10337078651685394 0.25 0.0853932584269663 0.14
1 0.19213483146067417 0.395 0.06516853932584268 0.10333333333333333
1 0.20337078651685392 0.3566666666666667 0.05168539325842694 0.0733333333333333
1 0.35842696629213483 0.3383333333333334 0.038202247191011285 0.07
1 0.40674157303370784 0.3516666666666667 0.05393258426966291 0.09000000000000002
1 0.46404494382022476 0.36333333333333334 0.05168539325842697 0.10666666666666669
1 0.6269662921348316 0.35 0.0449438202247191 0.09333333333333332
1 0.6921348314606741 0.35 0.05393258426966285 0.09333333333333332
1 0.7865168539325843 0.43166666666666664 0.12134831460674156 0.1766666666666667
1 0.8303370786516854 0.32833333333333337 0.04719101123595504 0.08333333333333331
1 0.9314606741573034 0.33333333333333337 0.05617977528089879 0.10000000000000003
