1 0.1050895381715363 0.42100840336134454 0.04241281809613573 0.08571428571428574
1 0.2987747408105561 0.21680672268907564 0.01508011310084828 0.036974789915966394
1 0.31196983977379833 0.23277310924369748 0.01885014137606028 0.03529411764705881
1 0.32516493873704055 0.246218487394958 0.01885014137606028 0.042016806722689065
1 0.35296889726672953 0.246218487394958 0.02356267672007545 0.042016806722689065
1 0.3298774740810556 0.18823529411764706 0.016965127238454336 0.036974789915966366
1 0.3364750235626767 0.20588235294117646 0.018850141376060336 0.031932773109243695
1 0.3590951932139491 0.19159663865546217 0.018850141376060336 0.04033613445378151
1 0.39726672950047126 0.2 0.01602262016965128 0.03361344537815128
1 0.38548539114043356 0.2495798319327731 0.018850141376060336 0.04537815126050418
1 0.413760603204524 0.24705882352941175 0.024505183788878393 0.05042016806722688
1 0.4203581526861452 0.21008403361344538 0.01885014137606028 0.04369747899159665
1 0.441564561734213 0.22773109243697479 0.023562676720075393 0.04201680672268909
1 0.3850141376060321 0.20504201680672268 0.014137606032045225 0.04033613445378151
1 0.4858623939679548 0.22352941176470587 0.01790763430725728 0.036974789915966394
1 0.4297832233741753 0.16638655462184873 0.01508011310084828 0.03361344537815125
1 0.4335532516493874 0.14369747899159663 0.01885014137606028 0.03529411764705884
1 0.44674835061262963 0.17058823529411765 0.01508011310084828 0.031932773109243695
1 0.4599434495758718 0.1588235294117647 0.013195098963242224 0.031932773109243695
1 0.471253534401508 0.14369747899159663 0.015080113100848225 0.03529411764705884
1 0.49528746465598494 0.17983193277310924 0.016022620169651225 0.03361344537815125
1 0.5235626767200754 0.18487394957983194 0.01602262016965128 0.03361344537815125
1 0.4948162111215834 0.15210084033613447 0.013195098963242224 0.028571428571428553
1 0.5089538171536288 0.14621848739495796 0.013195098963242224 0.026890756302520996
1 0.5056550424128181 0.11764705882352941 0.01413760603204528 0.023529411764705896
1 0.527803958529689 0.12941176470588234 0.013195098963242224 0.026890756302520996
1 0.5452403393025448 0.126890756302521 0.01413760603204528 0.028571428571428567
1 0.5537229029217718 0.18487394957983194 0.014137606032045169 0.036974789915966394
1 0.5461828463713478 0.16722689075630254 0.01225259189443928 0.02521008403361344
1 0.5645617342130067 0.15378151260504203 0.013195098963242224 0.031932773109243695
1 0.5499528746465598 0.14705882352941174 0.012252591894439169 0.021848739495798325
1 0.5758718190386427 0.12773109243697478 0.013195098963242224 0.030252100840336124
1 0.5815268614514608 0.11512605042016806 0.011310084825636113 0.02521008403361344
1 0.586239396795476 0.16974789915966387 0.018850141376060336 0.03361344537815125
1 0.617813383600377 0.15630252100840336 0.01602262016965128 0.030252100840336138
1 0.5970782280867106 0.13445378151260504 0.01790763430725728 0.030252100840336124
1 0.6079170593779453 0.11428571428571428 0.011310084825636113 0.023529411764705882
1 0.6239396795475967 0.12521008403361344 0.015080113100848336 0.031932773109243695
1 0.6616399622997172 0.12352941176470587 0.015080113100848225 0.02521008403361344
1 0.6606974552309142 0.10336134453781512 0.013195098963242224 0.028571428571428567
1 0.6861451460885957 0.12605042016806722 0.015080113100848225 0.030252100840336138
1 0.6941564561734213 0.11008403361344538 0.014137606032045169 0.02521008403361344
1 0.7144203581526861 0.11092436974789915 0.015080113100848225 0.03361344537815125
1 0.6927426955702167 0.15630252100840336 0.018850141376060336 0.036974789915966366
1 0.7219604147031102 0.1588235294117647 0.016965127238454225 0.03865546218487395
1 0.7097078228086711 0.18487394957983194 0.018850141376060225 0.04033613445378151
1 0.7148916116870876 0.21764705882352942 0.01979264844486328 0.04537815126050421
1 0.6870876531573986 0.23529411764705882 0.022620169651272337 0.04705882352941179
1 0.6757775683317624 0.19663865546218487 0.018850141376060336 0.04369747899159665
1 0.6277097078228087 0.23445378151260504 0.022620169651272448 0.04873949579831935
1 0.6196983977379831 0.2008403361344538 0.01790763430725728 0.03529411764705884
1 0.5725730442978323 0.2394957983193277 0.027332704995287505 0.05210084033613446
1 0.503770028275212 0.27983193277310925 0.031102733270499505 0.05882352941176472
1 0.5532516493873705 0.29747899159663865 0.03393025447690856 0.07058823529411762
1 0.6027332704995287 0.33193277310924374 0.025447690857681504 0.07226890756302523
1 0.6691800188501413 0.33949579831932775 0.03581526861451467 0.07394957983193279
1 0.7276154571159283 0.2966386554621849 0.02450518378887845 0.05882352941176472
1 0.7648444863336475 0.2445378151260504 0.023562676720075393 0.04873949579831932
1 0.7549481621112157 0.1907563025210084 0.018850141376060336 0.042016806722689065
1 0.7554194156456173 0.15378151260504203 0.01413760603204528 0.02521008403361344
1 0.7478793590951932 0.1319327731092437 0.01413760603204528 0.031932773109243695
1 0.7737983034872762 0.13781512605042018 0.013195098963242224 0.033613445378151266
1 0.7898209236569274 0.15546218487394958 0.016965127238454225 0.03529411764705881
1 0.8072573044297833 0.15546218487394958 0.01602262016965128 0.03865546218487395
1 0.793119698397738 0.2361344537815126 0.02167766258246928 0.05210084033613446
1 0.8204524033930254 0.24285714285714285 0.01979264844486328 0.052100840336134435
1 0.7874646559849199 0.29747899159663865 0.023562676720075393 0.05714285714285716
1 0.7450518378887843 0.3857142857142857 0.031102733270499505 0.07899159663865546
1 0.8072573044297833 0.4252100840336135 0.03864278982092373 0.07394957983193279
1 0.8426013195098963 0.31932773109243695 0.03016022620169656 0.06386554621848739
1 0.8713477851083884 0.25546218487394956 0.01979264844486328 0.047058823529411764
1 0.8873704052780396 0.226890756302521 0.01602262016965128 0.047058823529411764
1 0.8883129123468426 0.43109243697478994 0.032987747408105506 0.08235294117647057
1 0.909048067860509 0.3411764705882353 0.027332704995287394 0.07058823529411762
1 0.9180018850141376 0.27983193277310925 0.022620169651272448 0.055462184873949605
1 0.9316682375117813 0.226890756302521 0.017907634307257392 0.05378151260504199
