1 0.4175 0.4732965009208103 0.10499999999999998 0.19889502762430938
1 0.43100000000000005 0.36372007366482506 0.055999999999999994 0.09392265193370164
1 0.4155 0.3186003683241252 0.03899999999999998 0.0736648250460405
1 0.429 0.2882136279926335 0.030000000000000027 0.06077348066298344
1 0.4455 0.24953959484346228 0.031000000000000028 0.04972375690607736
1 0.5569999999999999 0.26243093922651933 0.029999999999999916 0.06445672191528548
1 0.5700000000000001 0.3360957642725598 0.03399999999999992 0.06813996316758747
1 0.6885 0.47513812154696133 0.07699999999999996 0.1731123388581952
1 0.6855 0.27808471454880296 0.028999999999999915 0.05524861878453036
1 0.705 0.1289134438305709 0.028000000000000025 0.051565377532228354
1 0.7585 0.2845303867403315 0.031000000000000028 0.06813996316758747
1 0.8025 0.3149171270718232 0.038999999999999924 0.07734806629834251
1 0.875 0.32136279926335176 0.040000000000000036 0.09760589318600366
1 0.9185 0.33977900552486184 0.050999999999999934 0.07918968692449352
