1 0.07833333333333334 0.6877777777777778 0.049999999999999996 0.06444444444444442
1 0.175 0.6877777777777778 0.03666666666666665 0.05555555555555547
1 0.24833333333333332 0.7111111111111111 0.02999999999999997 0.06222222222222218
1 0.2966666666666667 0.7133333333333334 0.033333333333333326 0.06222222222222229
1 0.32916666666666666 0.6066666666666667 0.03833333333333333 0.05777777777777782
1 0.1275 0.5366666666666666 0.03833333333333333 0.05999999999999994
1 0.19666666666666666 0.5277777777777778 0.03666666666666665 0.05111111111111111
1 0.23666666666666666 0.4788888888888889 0.02999999999999997 0.05111111111111116
1 0.25666666666666665 0.5155555555555555 0.033333333333333326 0.0533333333333334
1 0.2991666666666667 0.5366666666666666 0.034999999999999976 0.05999999999999994
1 0.3675 0.5177777777777778 0.04166666666666663 0.04444444444444445
1 0.37333333333333335 0.5688888888888889 0.033333333333333326 0.04888888888888898
1 0.42500000000000004 0.5622222222222222 0.03666666666666668 0.053333333333333344
1 0.4308333333333333 0.5177777777777778 0.031666666666666676 0.040000000000000036
1 0.5133333333333333 0.4322222222222222 0.036666666666666625 0.06
1 0.5083333333333333 0.5311111111111111 0.03333333333333338 0.05777777777777782
1 0.5675 0.5344444444444445 0.03166666666666673 0.05111111111111122
1 0.6025 0.5266666666666666 0.03166666666666662 0.053333333333333344
1 0.6616666666666666 0.5411111111111111 0.036666666666666736 0.06000000000000005
1 0.665 0.48666666666666664 0.040000000000000036 0.04888888888888887
1 0.7316666666666667 0.5222222222222223 0.040000000000000036 0.062222222222222234
1 0.755 0.48888888888888893 0.036666666666666625 0.062222222222222234
1 0.39 0.7433333333333334 0.03999999999999998 0.06888888888888889
1 0.43 0.7044444444444444 0.040000000000000036 0.06222222222222218
1 0.48083333333333333 0.6666666666666667 0.03500000000000003 0.05777777777777782
1 0.52 0.63 0.030000000000000027 0.06000000000000005
1 0.5608333333333333 0.6488888888888888 0.03833333333333333 0.07111111111111112
1 0.6391666666666667 0.6777777777777778 0.03833333333333333 0.05777777777777782
1 0.72 0.7011111111111111 0.040000000000000036 0.06000000000000005
1 0.7958333333333334 0.71 0.03500000000000003 0.06444444444444442
1 0.8300000000000001 0.64 0.033333333333333326 0.06222222222222218
1 0.9075 0.6755555555555555 0.05166666666666664 0.07999999999999996
1 0.9508333333333334 0.66 0.04500000000000004 0.06666666666666665
