1 0.1318181818181818 0.46584699453551914 0.059999999999999984 0.10109289617486339
1 0.12727272727272726 0.3319672131147541 0.04000000000000001 0.07923497267759566
1 0.2909090909090909 0.44808743169398907 0.06909090909090909 0.1202185792349727
1 0.27181818181818185 0.3510928961748634 0.0490909090909091 0.08469945355191255
1 0.33272727272727276 0.28688524590163933 0.03636363636363632 0.07650273224043713
1 0.37272727272727274 0.3551912568306011 0.054545454545454564 0.08743169398907102
1 0.3936363636363636 0.4221311475409836 0.06727272727272726 0.10655737704918028
1 0.42363636363636364 0.226775956284153 0.036363636363636376 0.07103825136612024
1 0.45 0.32377049180327866 0.049090909090909074 0.07923497267759566
1 0.5390909090909091 0.3715846994535519 0.0636363636363636 0.10928961748633875
1 0.6545454545454545 0.3524590163934426 0.06181818181818177 0.10928961748633881
1 0.8518181818181818 0.5081967213114754 0.2090909090909091 0.3333333333333333
