1 0.7082405345211582 0.29289940828402367 0.03340757238307346 0.0650887573964497
1 0.8791759465478841 0.26725838264299806 0.018930957683741645 0.041420118343195284
1 0.8841870824053453 0.23372781065088757 0.020044543429844075 0.037475345167652885
1 0.9220489977728286 0.26725838264299806 0.017817371937639215 0.03353057199211046
1 0.9376391982182628 0.22386587771203156 0.013363028953229383 0.03353057199211046
1 0.9443207126948775 0.1755424063116371 0.013363028953229383 0.031558185404339245
1 0.9131403118040089 0.1794871794871795 0.013363028953229383 0.031558185404339245
1 0.9020044543429844 0.21400394477317553 0.011135857461024523 0.025641025641025633
1 0.854120267260579 0.19822485207100593 0.017817371937639215 0.03747534516765286
1 0.8853006681514477 0.15680473372781065 0.013363028953229383 0.029585798816568032
1 0.8619153674832962 0.14595660749506906 0.013363028953229383 0.027613412228796846
1 0.8335189309576837 0.13708086785009863 0.012249443207126953 0.021696252465483234
1 0.8374164810690423 0.16666666666666669 0.015590200445434244 0.02958579881656806
1 0.816815144766147 0.18836291913214992 0.014476614699331813 0.03747534516765286
1 0.8040089086859687 0.16568047337278108 0.015590200445434355 0.027613412228796846
1 0.8123608017817372 0.15680473372781065 0.016703786191536674 0.029585798816568032
1 0.799554565701559 0.1351084812623274 0.015590200445434244 0.029585798816568032
1 0.7834075723830736 0.15384615384615385 0.016703786191536785 0.035502958579881644
1 0.762249443207127 0.13708086785009863 0.010022271714922093 0.029585798816568046
1 0.7438752783964365 0.14891518737672582 0.015590200445434244 0.025641025641025633
1 0.7388641425389755 0.17357001972386588 0.016703786191536785 0.031558185404339245
1 0.7689309576837416 0.1794871794871795 0.012249443207126953 0.02761341222879682
1 0.7828507795100224 0.20611439842209073 0.017817371937639215 0.04536489151873768
1 0.7188195991091314 0.15285996055226825 0.012249443207126953 0.02564102564102566
1 0.6965478841870825 0.16962524654832348 0.014476614699331924 0.031558185404339245
1 0.7149220489977728 0.1942800788954635 0.015590200445434355 0.025641025641025633
1 0.727728285077951 0.21992110453648916 0.018930957683741645 0.03747534516765286
1 0.6642538975501113 0.1952662721893491 0.018930957683741645 0.03550295857988167
1 0.6575723830734967 0.23865877712031558 0.021158129175946505 0.04339250493096647
1 0.6380846325167038 0.20808678500986194 0.020044543429844186 0.041420118343195256
1 0.5957683741648108 0.22189349112426035 0.020044543429844075 0.041420118343195256
1 0.6286191536748329 0.17159763313609466 0.016703786191536785 0.035502958579881644
1 0.6648106904231625 0.13806706114398423 0.015590200445434355 0.03155818540433926
1 0.6681514476614699 0.11932938856015779 0.013363028953229383 0.017751479289940822
1 0.6887527839643652 0.10848126232741617 0.012249443207126953 0.027613412228796846
1 0.7115812917594655 0.11637080867850098 0.013363028953229383 0.015779092702169623
1 0.6241648106904232 0.10552268244575938 0.010022271714922093 0.013806706114398423
1 0.6297327394209354 0.1242603550295858 0.010022271714922093 0.023668639053254434
1 0.5952115812917594 0.13609467455621302 0.012249443207126953 0.027613412228796833
1 0.5863028953229399 0.11735700197238659 0.012249443207126953 0.017751479289940836
1 0.5740534521158129 0.14299802761341224 0.016703786191536674 0.02958579881656806
1 0.5462138084632516 0.1370808678500986 0.012249443207126953 0.025641025641025633
1 0.5261692650334076 0.1242603550295858 0.012249443207126953 0.023668639053254434
1 0.5066815144766147 0.12721893491124261 0.013363028953229383 0.02169625246548325
1 0.48719376391982183 0.13708086785009863 0.014476614699331813 0.021696252465483234
1 0.4749443207126949 0.131163708086785 0.012249443207126953 0.021696252465483234
1 0.47717149220489974 0.15384615384615385 0.014476614699331869 0.023668639053254448
1 0.4693763919821826 0.17258382642998027 0.012249443207126953 0.025641025641025633
1 0.5016703786191536 0.1903353057199211 0.018930957683741645 0.029585798816568032
1 0.45712694877505566 0.21005917159763315 0.01670378619153673 0.03747534516765286
1 0.44042316258351893 0.16863905325443787 0.014476614699331813 0.029585798816568032
1 0.4471046770601336 0.14595660749506906 0.012249443207126953 0.027613412228796846
1 0.43262806236080176 0.15384615384615385 0.012249443207126953 0.023668639053254448
1 0.4192650334075724 0.17357001972386588 0.014476614699331813 0.031558185404339245
1 0.37694877505567925 0.18244575936883628 0.014476614699331869 0.025641025641025633
1 0.3680400890868597 0.20216962524654833 0.01670378619153673 0.029585798816568032
1 0.3257238307349666 0.21499013806706113 0.01670378619153673 0.02366863905325442
1 0.5395322939866369 0.22583826429980275 0.018930957683741645 0.02958579881656806
1 0.5077951002227172 0.15680473372781067 0.017817371937639215 0.017751479289940836
1 0.5439866369710468 0.1873767258382643 0.016703786191536674 0.027613412228796846
1 0.5746102449888641 0.18934911242603553 0.020044543429844186 0.027613412228796846
