1 0.2775862068965517 0.38441558441558443 0.08620689655172412 0.14545454545454545
1 0.5387931034482758 0.5805194805194804 0.06034482758620696 0.10129870129870133
1 0.5172413793103448 0.577922077922078 0.04137931034482756 0.08571428571428574
1 0.625 0.5753246753246752 0.07413793103448274 0.11168831168831173
1 0.7146551724137931 0.6272727272727272 0.08103448275862069 0.1324675324675325
1 0.6948275862068964 0.5506493506493506 0.05517241379310345 0.07792207792207795
1 0.8293103448275863 0.5025974025974026 0.06551724137931025 0.11688311688311687
1 0.9129310344827586 0.4948051948051948 0.0672413793103448 0.12727272727272726
1 0.9396551724137931 0.4285714285714286 0.051724137931034475 0.10389610389610388
1 0.9629310344827586 0.5896103896103896 0.07413793103448274 0.1610389610389611
