1 0.18207547169811322 0.46179401993355484 0.04905660377358492 0.0863787375415282
1 0.2617924528301887 0.2616279069767442 0.014150943396226412 0.02491694352159471
1 0.27452830188679245 0.26578073089700993 0.013207547169811318 0.02990033222591365
1 0.3259433962264151 0.24501661129568106 0.0160377358490566 0.034883720930232565
1 0.3391509433962264 0.24916943521594684 0.014150943396226412 0.026578073089701004
1 0.35566037735849054 0.2574750830564784 0.016981132075471694 0.029900332225913623
1 0.36745283018867925 0.28986710963455153 0.017924528301886844 0.03820598006644521
1 0.3985849056603774 0.292358803986711 0.01792452830188679 0.043189368770764125
1 0.3325471698113207 0.21096345514950166 0.012264150943396224 0.023255813953488358
1 0.3462264150943396 0.21096345514950166 0.013207547169811318 0.029900332225913623
1 0.360377358490566 0.22591362126245848 0.015094339622641506 0.026578073089701004
1 0.4037735849056604 0.21760797342192692 0.016981132075471694 0.03322259136212624
1 0.3872641509433963 0.19186046511627908 0.012264150943396224 0.02491694352159468
1 0.3683962264150943 0.19019933554817275 0.012264150943396224 0.028239202657807327
1 0.4179245283018868 0.19019933554817275 0.013207547169811318 0.028239202657807327
1 0.4523584905660377 0.1893687707641196 0.014150943396226412 0.026578073089701004
1 0.47547169811320755 0.2292358803986711 0.018867924528301883 0.03986710963455148
1 0.4580188679245283 0.21926910299003322 0.0160377358490566 0.029900332225913623
1 0.46556603773584904 0.1495016611295681 0.012264150943396224 0.01993355481727574
1 0.49150943396226415 0.12956810631229237 0.009433962264150941 0.023255813953488386
1 0.4830188679245283 0.1719269102990033 0.016981132075471694 0.02491694352159468
1 0.5174528301886793 0.18106312292358806 0.014150943396226356 0.029900332225913623
1 0.5353773584905661 0.20598006644518274 0.017924528301886844 0.039867109634551506
1 0.5235849056603774 0.15946843853820597 0.01132075471698113 0.023255813953488386
1 0.5580188679245284 0.16362126245847175 0.012264150943396168 0.02491694352159468
1 0.5735849056603773 0.14534883720930233 0.01132075471698113 0.018272425249169444
1 0.5886792452830188 0.16362126245847175 0.015094339622641506 0.0282392026578073
1 0.6165094339622641 0.1478405315614618 0.014150943396226467 0.026578073089701004
1 0.605188679245283 0.1378737541528239 0.010377358490566091 0.02657807308970099
1 0.5745283018867924 0.11627906976744187 0.013207547169811318 0.023255813953488372
1 0.6174528301886792 0.11461794019933555 0.01037735849056598 0.01993355481727574
1 0.6047169811320755 0.11627906976744186 0.01132075471698113 0.01661129568106312
1 0.6462264150943396 0.1378737541528239 0.01132075471698113 0.02657807308970099
1 0.6556603773584906 0.11794019933554817 0.01132075471698113 0.023255813953488358
1 0.6858490566037736 0.12375415282392027 0.015094339622641506 0.03156146179401993
1 0.5127358490566039 0.29983388704318936 0.023584905660377298 0.04485049833887045
1 0.5575471698113208 0.2965116279069767 0.024528301886792447 0.04817275747508304
1 0.5589622641509434 0.24833887043189368 0.02169811320754711 0.0415282392026578
1 0.6132075471698113 0.3488372093023256 0.030188679245283012 0.04983388704318936
1 0.6320754716981132 0.24501661129568109 0.018867924528301883 0.04152823920265783
1 0.6863207547169812 0.2541528239202658 0.02169811320754722 0.0431893687707641
1 0.7273584905660377 0.29485049833887045 0.02075471698113207 0.0415282392026578
1 0.7754716981132075 0.276578073089701 0.02075471698113207 0.048172757475083094
1 0.8594339622641509 0.3048172757475083 0.018867924528301883 0.04817275747508304
1 0.6627358490566038 0.19767441860465118 0.016037735849056656 0.029900332225913623
1 0.6674528301886793 0.1777408637873754 0.014150943396226467 0.023255813953488358
1 0.6990566037735849 0.1453488372093023 0.01132075471698113 0.021594684385382062
1 0.7183962264150943 0.15033222591362128 0.010377358490566091 0.021594684385382062
1 0.725943396226415 0.17109634551495018 0.016037735849056545 0.03322259136212624
1 0.7066037735849056 0.1951827242524917 0.016981132075471694 0.028239202657807327
1 0.7212264150943396 0.22009966777408638 0.017924528301886733 0.034883720930232565
1 0.7405660377358491 0.20016611295681064 0.015094339622641506 0.034883720930232565
1 0.769811320754717 0.22840531561461794 0.016981132075471694 0.034883720930232565
1 0.7787735849056604 0.20431893687707642 0.014150943396226356 0.039867109634551506
1 0.7787735849056604 0.1611295681063123 0.01226415094339628 0.026578073089701004
1 0.7608490566037736 0.13953488372093023 0.016037735849056545 0.03322259136212624
1 0.7344339622641509 0.11627906976744187 0.01226415094339628 0.023255813953488372
1 0.774056603773585 0.11794019933554817 0.014150943396226467 0.02657807308970099
1 0.789622641509434 0.13538205980066445 0.01132075471698113 0.02491694352159468
1 0.8075471698113208 0.16943521594684385 0.013207547169811318 0.029900332225913595
1 0.8462264150943397 0.2084717607973422 0.013207547169811318 0.03820598006644518
1 0.8476415094339622 0.15199335548172757 0.012264150943396168 0.02491694352159468
1 0.8660377358490565 0.1511627906976744 0.013207547169811318 0.03654485049833886
1 0.8957547169811321 0.17109634551495018 0.014150943396226356 0.03654485049833886
1 0.9278301886792453 0.2541528239202658 0.016037735849056656 0.046511627906976716
1 0.9141509433962264 0.22009966777408638 0.015094339622641506 0.03156146179401992
1 0.9334905660377358 0.22508305647840532 0.017924528301886733 0.034883720930232565
1 0.8542452830188679 0.196843853820598 0.02169811320754711 0.03820598006644518
1 0.8547169811320755 0.2674418604651163 0.02264150943396226 0.04651162790697677
1 0.9018867924528302 0.1553156146179402 0.015094339622641506 0.031561461794019946
1 0.6301886792452831 0.20431893687707642 0.02075471698113207 0.043189368770764125
