1 0.16468253968253968 0.38808664259927794 0.05158730158730157 0.111913357400722
1 0.37896825396825395 0.44855595667870035 0.06746031746031744 0.13176895306859204
1 0.36259920634920634 0.23285198555956677 0.024801587301587324 0.05415162454873643
1 0.40922619047619047 0.19223826714801445 0.020833333333333315 0.04151624548736463
1 0.4285714285714286 0.19945848375451264 0.019841269841269826 0.04512635379061372
1 0.45287698412698413 0.19945848375451264 0.02083333333333337 0.05234657039711191
1 0.470734126984127 0.22292418772563177 0.02083333333333337 0.048736462093862815
1 0.4444444444444444 0.2509025270758123 0.02380952380952378 0.04693140794223827
1 0.44940476190476186 0.08664259927797835 0.015873015873015872 0.03971119133574007
1 0.5912698412698413 0.19945848375451264 0.021825396825396748 0.048736462093862815
1 0.6418650793650793 0.21931407942238268 0.023809523809523836 0.05234657039711191
1 0.5967261904761905 0.09566787003610108 0.014880952380952328 0.028880866425992774
1 0.6413690476190477 0.09476534296028881 0.012896825396825462 0.027075812274368227
1 0.6681547619047619 0.10379061371841156 0.014880952380952439 0.023465703971119134
