1 0.3808392715756136 0.30720338983050843 0.026920031670625455 0.04378531073446329
1 0.3507521773555028 0.2189265536723164 0.017418844022169477 0.02824858757062146
1 0.3262074425969913 0.21610169491525422 0.015835312747426777 0.033898305084745756
1 0.48693586698337293 0.2097457627118644 0.017418844022169422 0.03813559322033899
1 0.5657165479018211 0.1730225988700565 0.0182106096595408 0.032485875706214695
1 0.4948535233570863 0.15254237288135591 0.014251781472684133 0.025423728813559338
1 0.5581947743467933 0.11228813559322035 0.012668250197941378 0.02401129943502825
1 0.8016627078384798 0.4046610169491526 0.03404592240696758 0.07768361581920907
1 0.8749010292953285 0.1426553672316384 0.011084718923198733 0.02824858757062146
1 0.9010292953285828 0.13700564971751414 0.012668250197941489 0.03107344632768362
