0 0.9573333333333334 0.7952987267384917 0.034666666666666734 0.03525954946131238
0 0.9553333333333334 0.7257590597453477 0.033333333333333326 0.033300685602350555
0 0.8766666666666667 0.7864838393731635 0.03600000000000003 0.03134182174338884
0 0.8773333333333333 0.7169441723800196 0.03200000000000003 0.03134182174338884
0 0.8513333333333333 0.7071498530852105 0.03066666666666673 0.027424094025465195
0 0.812 0.7144955925563173 0.03199999999999992 0.03232125367286964
0 0.7993333333333332 0.7752203721841332 0.033333333333333326 0.03232125367286964
0 0.5840000000000001 0.7771792360430949 0.029333333333333322 0.03036238981390793
0 0.6566666666666667 0.7894221351616062 0.03066666666666673 0.033300685602350666
0 0.73 0.7713026444662097 0.03600000000000003 0.03428011753183158
0 0.7546666666666666 0.7169441723800196 0.034666666666666734 0.03134182174338884
0 0.5006666666666667 0.7659157688540646 0.028000000000000025 0.02938295788442713
0 0.44 0.7820763956904995 0.03200000000000003 0.026444662095984284
0 0.612 0.7076395690499511 0.026666666666666616 0.026444662095984284
0 0.6266666666666667 0.683643486777669 0.029333333333333322 0.027424094025465307
0 0.6873333333333334 0.6831537708129285 0.028000000000000025 0.028403525954946218
0 0.6966666666666667 0.713026444662096 0.028000000000000025 0.027424094025465307
0 0.6466666666666667 0.7144955925563172 0.026666666666666727 0.03036238981390793
0 0.078 0.7668952007835456 0.036000000000000004 0.03525954946131238
0 0.16199999999999998 0.7561214495592556 0.036000000000000004 0.033300685602350555
0 0.22999999999999998 0.7654260528893242 0.036000000000000004 0.03232125367286964
0 0.286 0.7654260528893242 0.033333333333333326 0.03232125367286964
0 0.3426666666666667 0.7634671890303624 0.029333333333333322 0.032321253672869754
0 0.352 0.7125367286973556 0.03199999999999997 0.03036238981390793
0 0.324 0.6865817825661116 0.029333333333333322 0.02938295788442702
0 0.236 0.7061704211557296 0.029333333333333322 0.02938295788442702
0 0.262 0.6939275220372184 0.025333333333333347 0.03036238981390804
0 0.29600000000000004 0.6816846229187072 0.026666666666666672 0.027424094025465195
0 0.28400000000000003 0.6625857002938296 0.023999999999999966 0.026444662095984395
0 0.3993333333333333 0.7037218413320274 0.02799999999999997 0.03232125367286964
0 0.42133333333333334 0.693437806072478 0.02400000000000002 0.027424094025465307
0 0.44533333333333336 0.7105778648383938 0.026666666666666672 0.03036238981390793
0 0.4686666666666667 0.6900097943192949 0.028000000000000025 0.028403525954946107
0 0.5013333333333334 0.6973555337904016 0.026666666666666727 0.02938295788442702
0 0.558 0.7012732615083253 0.03066666666666673 0.02938295788442702
0 0.5493333333333333 0.6655239960822723 0.026666666666666616 0.02448579823702257
0 0.44666666666666666 0.67384916748286 0.02400000000000002 0.02350636630754166
0 0.022000000000000002 0.6929480901077375 0.03066666666666667 0.028403525954946218
0 0.027999999999999997 0.6709108716944172 0.02933333333333333 0.019588638589618013
0 0.08466666666666667 0.6787463271302645 0.030666666666666675 0.03134182174338884
0 0.11733333333333335 0.672869735553379 0.029333333333333336 0.02938295788442713
0 0.15533333333333332 0.6807051909892263 0.027999999999999997 0.02938295788442702
0 0.18533333333333332 0.6669931439764936 0.026666666666666672 0.025465230166503372
0 0.22266666666666668 0.6714005876591578 0.026666666666666644 0.028403525954946107
0 0.7353333333333334 0.7047012732615083 0.03066666666666673 0.03036238981390793
1 0.9319999999999999 0.7095984329089129 0.026666666666666727 0.026444662095984284
