1 0.30666666666666664 0.63 0.10666666666666663 0.16999999999999993
1 0.39 0.54 0.07 0.11500000000000005
1 0.46416666666666667 0.35375 0.04500000000000004 0.08750000000000002
1 0.5883333333333334 0.5075000000000001 0.07666666666666666 0.10999999999999999
1 0.625 0.7075 0.1333333333333333 0.22499999999999998
1 0.5800000000000001 0.44 0.05999999999999994 0.08499999999999996
1 0.7108333333333333 0.45375 0.04499999999999993 0.08250000000000002
1 0.74 0.49375 0.05666666666666664 0.09749999999999998
1 0.7858333333333334 0.42125 0.028333333333333433 0.0625
1 0.8533333333333333 0.43625 0.036666666666666736 0.06749999999999995
1 0.8541666666666666 0.53375 0.07833333333333337 0.1225
1 0.9366666666666666 0.49375 0.06000000000000005 0.10250000000000004
1 0.9066666666666667 0.45999999999999996 0.039999999999999925 0.06
1 0.9783333333333333 0.47 0.039999999999999925 0.07
1 0.9441666666666666 0.44 0.025000000000000022 0.050000000000000044
1 0.0675 0.57125 0.08166666666666667 0.13249999999999995
1 0.08416666666666667 0.87625 0.15833333333333333 0.24750000000000005
