1 0.051000000000000004 0.35090361445783136 0.054 0.09337349397590361
1 0.15100000000000002 0.44879518072289154 0.14200000000000002 0.24096385542168675
1 0.191 0.3072289156626506 0.07800000000000001 0.1325301204819277
1 0.28600000000000003 0.4442771084337349 0.10000000000000003 0.20180722891566266
1 0.29700000000000004 0.31626506024096385 0.066 0.10843373493975905
1 0.499 0.12650602409638553 0.09800000000000003 0.20481927710843373
1 0.639 0.37349397590361444 0.09000000000000008 0.1686746987951807
1 0.6659999999999999 0.31626506024096385 0.06399999999999995 0.14457831325301204
1 0.7110000000000001 0.31626506024096385 0.061999999999999944 0.1506024096385542
1 0.679 0.7484939759036144 0.238 0.4367469879518072
1 0.85 0.5406626506024097 0.17999999999999994 0.31024096385542166
1 0.9450000000000001 0.40512048192771083 0.10999999999999999 0.29216867469879515
