1 0.3957688338493292 0.19636678200692043 0.023735810113519107 0.032871972318339104
1 0.43808049535603716 0.21366782006920415 0.019607843137254943 0.03633217993079585
1 0.46904024767801855 0.23183391003460208 0.02579979360165119 0.04152249134948097
1 0.5748194014447885 0.17560553633217993 0.018575851393188847 0.03633217993079585
1 0.5877192982456141 0.19377162629757785 0.01754385964912275 0.04498269896193774
1 0.6584107327141383 0.13321799307958476 0.014447884416924683 0.031141868512110732
1 0.7048503611971104 0.17993079584775085 0.02063983488132104 0.04152249134948097
1 0.7022703818369453 0.2162629757785467 0.023735810113519107 0.04152249134948097
1 0.6527347781217749 0.22837370242214533 0.023735810113519107 0.05190311418685123
1 0.653250773993808 0.27768166089965396 0.028895768833849367 0.039792387543252594
1 0.6594427244582044 0.32612456747404844 0.028895768833849256 0.05709342560553632
1 0.7218782249742002 0.26297577854671284 0.02579979360165119 0.048442906574394484
1 0.7554179566563468 0.1695501730103806 0.024767801857585092 0.0519031141868512
1 0.977296181630547 0.2422145328719723 0.02063983488132093 0.04152249134948094
