1 0.0625 0.624074074074074 0.056249999999999994 0.09259259259259267
1 0.38645833333333335 0.6046296296296296 0.04375000000000001 0.0981481481481481
1 0.41770833333333335 0.6259259259259259 0.05416666666666664 0.1074074074074074
1 0.4588541666666667 0.587962962962963 0.044791666666666674 0.08703703703703713
1 0.46458333333333335 0.3907407407407407 0.041666666666666685 0.0851851851851852
1 0.525 0.7638888888888888 0.08749999999999997 0.18333333333333324
1 0.6421875 0.6009259259259259 0.038541666666666696 0.08333333333333337
1 0.7458333333333333 0.6111111111111112 0.054166666666666696 0.11481481481481481
1 0.8541666666666667 0.8472222222222222 0.13124999999999998 0.25
1 0.9421875 0.6490740740740741 0.08645833333333341 0.15000000000000002
1 0.9135416666666667 0.5564814814814815 0.04791666666666672 0.10185185185185186
1 0.9765625 0.5898148148148148 0.046875 0.10555555555555551
1 0.8473958333333333 0.5592592592592593 0.05104166666666665 0.0888888888888889
