1 0.11901681759379043 0.689119170984456 0.11384217335058217 0.1588946459412781
1 0.13389391979301424 0.5768566493955095 0.09702457956015523 0.15198618307426592
1 0.28654592496765846 0.5578583765112263 0.06856403622250973 0.0967184801381693
1 0.3719275549805951 0.540587219343696 0.08150064683053038 0.11053540587219346
1 0.4243208279430789 0.5716753022452504 0.10349288486416558 0.13816925734024177
1 0.553686934023286 0.3955094991364422 0.06468305304010358 0.10362694300518133
1 0.5142302716688227 0.544041450777202 0.07373868046571802 0.10362694300518138
1 0.6015523932729625 0.5708117443868739 0.08020698576972829 0.11226252158894645
1 0.6752910737386805 0.6493955094991364 0.11642949547218628 0.13816925734024188
1 0.7658473479948253 0.584628670120898 0.07503234152652005 0.11226252158894645
1 0.8906856403622251 0.616580310880829 0.0970245795601552 0.13471502590673579
1 0.9521345407503234 0.5552677029360967 0.07761966364812423 0.10535405872193437
