1 0.40634920634920635 0.3026685393258427 0.022222222222222254 0.0435393258426966
1 0.35079365079365077 0.2605337078651685 0.017460317460317454 0.03230337078651685
1 0.3416666666666667 0.22752808988764045 0.016666666666666663 0.030898876404494402
1 0.3134920634920635 0.23174157303370785 0.01428571428571429 0.030898876404494374
1 0.3996031746031746 0.20224719101123595 0.016666666666666663 0.036516853932584276
1 0.4392857142857143 0.25140449438202245 0.023015873015873045 0.036516853932584276
1 0.4202380952380952 0.22331460674157305 0.016666666666666663 0.033707865168539325
1 0.4825396825396825 0.2071629213483146 0.019047619047619035 0.040730337078651674
1 0.46984126984126984 0.1643258426966292 0.015873015873015872 0.033707865168539325
1 0.5246031746031745 0.19662921348314605 0.01904761904761909 0.036516853932584276
1 0.5246031746031746 0.15308988764044945 0.014285714285714235 0.028089887640449424
1 0.5623015873015873 0.17696629213483145 0.016666666666666607 0.030898876404494374
1 0.5623015873015873 0.1446629213483146 0.013492063492063444 0.030898876404494374
1 0.5873015873015873 0.1523876404494382 0.014285714285714235 0.03230337078651685
1 0.5888888888888889 0.06811797752808989 0.014285714285714235 0.029494382022471906
1 0.5511904761904762 0.2963483146067416 0.024603174603174627 0.039325842696629254
1 0.5849206349206348 0.2521067415730337 0.023809523809523836 0.0435393258426966
1 0.6519841269841269 0.26264044943820225 0.023015873015873045 0.050561797752809
1 0.6654761904761906 0.2106741573033708 0.01666666666666672 0.036516853932584276
1 0.6611111111111111 0.17415730337078653 0.015873015873015817 0.0252808988764045
1 0.7 0.2542134831460674 0.023809523809523836 0.036516853932584276
1 0.7337301587301588 0.26615168539325845 0.024603174603174627 0.049157303370786526
1 0.7543650793650793 0.22752808988764045 0.016666666666666607 0.0393258426966292
1 0.7988095238095239 0.2752808988764045 0.02619047619047621 0.050561797752809
1 0.8142857142857143 0.238061797752809 0.01904761904761898 0.043539325842696625
1 0.7746031746031746 0.20154494382022473 0.014285714285714235 0.03230337078651685
1 0.7579365079365079 0.17907303370786518 0.015873015873015928 0.03230337078651685
1 0.7301587301587302 0.1643258426966292 0.01746031746031751 0.036516853932584276
1 0.7658730158730158 0.12851123595505617 0.011111111111111183 0.03230337078651685
1 0.8011904761904762 0.1306179775280899 0.011904761904761973 0.033707865168539325
1 0.8305555555555555 0.08848314606741572 0.015079365079365137 0.030898876404494388
1 0.8047619047619048 0.17345505617977527 0.012698412698412653 0.03230337078651685
1 0.8436507936507937 0.1896067415730337 0.011111111111111072 0.033707865168539325
1 0.8261904761904761 0.21769662921348315 0.015873015873015928 0.033707865168539325
1 0.8646825396825397 0.2289325842696629 0.015079365079365137 0.050561797752808973
1 0.8753968253968254 0.22120786516853932 0.014285714285714235 0.04353932584269665
1 0.8670634920634921 0.14325842696629215 0.011904761904761862 0.033707865168539325
1 0.9297619047619048 0.09831460674157302 0.01031746031746028 0.028089887640449437
1 0.8976190476190475 0.27247191011235955 0.030158730158730163 0.0646067415730337
