1 0.08488805970149255 0.5976123595505618 0.07835820895522388 0.1123595505617978
1 0.1851679104477612 0.6713483146067416 0.07649253731343283 0.1137640449438202
1 0.22038246268656717 0.6004213483146068 0.046175373134328346 0.09410112359550571
1 0.28638059701492535 0.6450140449438202 0.1007462686567164 0.1762640449438202
1 0.26282649253731344 0.879564606741573 0.15625 0.2408707865168539
1 0.5216884328358209 0.879564606741573 0.14225746268656714 0.2408707865168539
1 0.5587686567164178 0.7629915730337078 0.07182835820895528 0.1200842696629213
1 0.490205223880597 0.6025280898876404 0.05690298507462688 0.1123595505617977
1 0.46152052238805974 0.5856741573033708 0.03404850746268656 0.0702247191011236
1 0.5699626865671642 0.6235955056179775 0.06623134328358216 0.1053370786516854
1 0.5571361940298507 0.5603932584269663 0.05270522388059706 0.0702247191011236
1 0.6478544776119403 0.6077949438202247 0.050373134328358216 0.1046348314606742
1 0.6674440298507462 0.6601123595505618 0.057835820895522416 0.1095505617977528
1 0.7056902985074627 0.625 0.03824626865671643 0.0941011235955056
1 0.7511660447761195 0.6197331460674157 0.034981343283582045 0.0779494382022472
1 0.7311100746268657 0.821629213483146 0.1058768656716419 0.1825842696629213
1 0.8253264925373134 0.7191011235955056 0.07882462686567171 0.1376404494382022
1 0.8470149253731343 0.6818820224719101 0.06716417910447758 0.1053370786516854
1 0.8292910447761195 0.6211376404494382 0.043843283582089554 0.0751404494382022
1 0.3868936567164179 0.5625 0.050839552238805985 0.0856741573033708
1 0.3491138059701493 0.625 0.054570895522388085 0.0969101123595506
