1 0.046 0.38983050847457623 0.027999999999999997 0.04519774011299432
1 0.077 0.40254237288135597 0.021999999999999992 0.036723163841807904
1 0.1 0.4053672316384181 0.024000000000000007 0.0423728813559322
1 0.129 0.3997175141242938 0.02599999999999998 0.0480225988700565
1 0.14400000000000002 0.4110169491525424 0.032 0.053672316384180796
1 0.195 0.4364406779661017 0.038000000000000006 0.05932203389830504
1 0.22699999999999998 0.3884180790960452 0.021999999999999992 0.0423728813559322
1 0.256 0.3884180790960452 0.028000000000000025 0.0423728813559322
1 0.28400000000000003 0.3940677966101695 0.023999999999999966 0.0423728813559322
1 0.321 0.3884180790960452 0.030000000000000027 0.053672316384180796
1 0.358 0.40536723163841804 0.03199999999999997 0.05932203389830509
1 0.4 0.3968926553672316 0.03199999999999997 0.0423728813559322
1 0.386 0.365819209039548 0.016000000000000014 0.031073446327683607
1 0.432 0.3912429378531073 0.028000000000000025 0.0423728813559322
1 0.46699999999999997 0.3884180790960452 0.025999999999999968 0.0480225988700565
1 0.402 0.4505649717514124 0.04799999999999999 0.08757062146892652
1 0.44699999999999995 0.45621468926553677 0.04999999999999999 0.09322033898305088
1 0.511 0.3912429378531074 0.026000000000000023 0.036723163841807904
1 0.506 0.37146892655367236 0.016000000000000014 0.02542372881355931
1 0.5680000000000001 0.39406779661016944 0.027999999999999914 0.0480225988700565
1 0.576 0.3629943502824859 0.020000000000000018 0.031073446327683607
1 0.6 0.3771186440677966 0.02400000000000002 0.0423728813559322
1 0.63 0.3912429378531074 0.02400000000000002 0.036723163841807904
1 0.64 0.3686440677966102 0.016000000000000014 0.02542372881355931
1 0.655 0.3799435028248588 0.02200000000000002 0.036723163841807904
1 0.679 0.3884180790960452 0.029999999999999916 0.0423728813559322
1 0.673 0.3615819209039548 0.018000000000000016 0.02259887005649719
1 0.697 0.3785310734463277 0.018000000000000016 0.03389830508474578
1 0.71 0.364406779661017 0.016000000000000014 0.028248587570621486
1 0.737 0.3827683615819209 0.02200000000000002 0.0423728813559322
1 0.752 0.365819209039548 0.016000000000000014 0.02542372881355931
1 0.782 0.3884180790960452 0.020000000000000018 0.0423728813559322
1 0.784 0.365819209039548 0.020000000000000018 0.02542372881355931
1 0.8240000000000001 0.3672316384180791 0.02399999999999991 0.04519774011299438
1 0.883 0.3771186440677966 0.026000000000000023 0.036723163841807904
1 0.579 0.4858757062146893 0.061999999999999944 0.10169491525423735
1 0.715 0.4519774011299435 0.050000000000000044 0.07909604519774016
1 0.817 0.4491525423728814 0.04999999999999993 0.0790960451977401
1 0.797 0.4124293785310734 0.030000000000000027 0.04519774011299432
1 0.88 0.4265536723163842 0.040000000000000036 0.05084745762711862
1 0.905 0.40254237288135597 0.030000000000000027 0.0480225988700565
1 0.933 0.48587570621468923 0.04599999999999993 0.0903954802259887
1 0.961 0.4491525423728814 0.04200000000000004 0.06779661016949151
1 0.989 0.4096045197740113 0.02200000000000002 0.062146892655367214
