1 0.07083333333333333 0.5401002506265664 0.06166666666666667 0.09273182957393483
1 0.12 0.56265664160401 0.06666666666666665 0.09774436090225558
1 0.175 0.4548872180451128 0.053333333333333316 0.08270676691729323
1 0.24333333333333335 0.4736842105263158 0.053333333333333344 0.060150375939849676
1 0.24416666666666667 0.21804511278195488 0.051666666666666694 0.07017543859649122
1 0.3175 0.6265664160401003 0.06833333333333336 0.10526315789473684
1 0.26916666666666667 0.7568922305764412 0.09833333333333336 0.15538847117794485
1 0.4525 0.7543859649122807 0.09166666666666667 0.15037593984962405
1 0.49583333333333335 0.5488721804511278 0.06166666666666659 0.10025062656641609
1 0.4933333333333333 0.4736842105263158 0.04999999999999999 0.08020050125313288
1 0.4741666666666667 0.4348370927318296 0.04833333333333334 0.06766917293233082
1 0.4083333333333333 0.49874686716791977 0.06 0.08521303258145363
1 0.3933333333333333 0.4423558897243107 0.043333333333333335 0.06265664160401002
1 0.705 0.474937343358396 0.05666666666666664 0.10776942355889729
1 0.71 0.42355889724310775 0.04999999999999993 0.08020050125313283
1 0.7641666666666667 0.5789473684210527 0.07833333333333337 0.12030075187969924
1 0.8300000000000001 0.6992481203007519 0.12 0.15538847117794485
1 0.9191666666666667 0.5175438596491228 0.08166666666666667 0.12781954887218044
1 0.8341666666666667 0.47619047619047616 0.07166666666666666 0.10526315789473689
1 0.8008333333333333 0.40476190476190477 0.05500000000000005 0.08270676691729323
