1 0.2670704845814978 0.22834645669291337 0.020925110132158586 0.039370078740157494
1 0.33920704845814975 0.24803149606299213 0.02202643171806168 0.04330708661417326
1 0.3772026431718062 0.24803149606299213 0.02312775330396477 0.047244094488189003
1 0.36784140969162993 0.19389763779527558 0.019823788546255494 0.041338582677165364
1 0.3937224669603524 0.19094488188976377 0.016519823788546273 0.031496062992125984
1 0.3876651982378855 0.16830708661417323 0.01762114537444931 0.029527559055118113
1 0.4091409691629956 0.16141732283464566 0.014317180616740088 0.027559055118110243
1 0.44328193832599116 0.24606299212598426 0.023127753303964715 0.04330708661417326
1 0.42841409691629956 0.20964566929133857 0.01982378854625555 0.033464566929133854
1 0.43832599118942733 0.16830708661417323 0.01541850220264318 0.037401574803149595
1 0.44383259911894274 0.13976377952755906 0.013215859030836996 0.027559055118110243
1 0.46971365638766516 0.20275590551181102 0.016519823788546273 0.039370078740157466
1 0.48568281938325986 0.24803149606299213 0.035242290748898675 0.06692913385826771
1 0.5033039647577092 0.21062992125984253 0.019823788546255494 0.047244094488188976
1 0.4818281938325991 0.17125984251968504 0.016519823788546217 0.035433070866141725
1 0.48237885462555063 0.14960629921259844 0.015418502202643125 0.031496062992125984
1 0.4658590308370044 0.13976377952755906 0.01541850220264318 0.027559055118110243
1 0.4900881057268722 0.1309055118110236 0.011013215859030867 0.02559055118110236
1 0.512114537444934 0.1279527559055118 0.011013215859030812 0.023622047244094488
1 0.5214757709251101 0.18011811023622049 0.018722466960352402 0.03346456692913388
1 0.5484581497797356 0.1830708661417323 0.022026431718061734 0.043307086614173235
1 0.5368942731277533 0.15551181102362205 0.014317180616740144 0.027559055118110243
1 0.5379955947136563 0.1309055118110236 0.014317180616740033 0.02559055118110236
1 0.526431718061674 0.12106299212598426 0.011013215859030812 0.025590551181102372
1 0.5462555066079295 0.12401574803149606 0.01541850220264318 0.031496062992125984
1 0.5688325991189427 0.13582677165354332 0.014317180616740033 0.031496062992126
1 0.5809471365638766 0.11909448818897639 0.012114537444933848 0.029527559055118127
1 0.5952643171806167 0.16043307086614172 0.014317180616740033 0.033464566929133854
1 0.5814977973568283 0.23917322834645668 0.022026431718061734 0.04921259842519682
1 0.61784140969163 0.24803149606299213 0.028634361233480177 0.051181102362204745
1 0.626101321585903 0.1998031496062992 0.018722466960352402 0.045275590551181105
1 0.6376651982378854 0.13976377952755906 0.013215859030836996 0.027559055118110243
1 0.6233480176211454 0.1309055118110236 0.013215859030836996 0.02559055118110236
1 0.6046255506607929 0.12598425196850394 0.017621145374449365 0.027559055118110243
1 0.6068281938325991 0.09744094488188976 0.013215859030837107 0.02559055118110236
1 0.6172907488986784 0.1062992125984252 0.009911894273127775 0.023622047244094488
1 0.63215859030837 0.11220472440944881 0.013215859030836996 0.023622047244094488
1 0.6547356828193833 0.1062992125984252 0.01211453744493396 0.03543307086614174
1 0.6690528634361234 0.11023622047244094 0.014317180616740144 0.027559055118110243
1 0.6822687224669604 0.10531496062992127 0.012114537444933848 0.0295275590551181
1 0.6927312775330396 0.11811023622047245 0.013215859030837107 0.031496062992126
1 0.6640969162995595 0.18799212598425197 0.01982378854625555 0.04527559055118108
1 0.6762114537444934 0.21751968503937008 0.01982378854625544 0.049212598425196846
1 0.6850220264317181 0.2667322834645669 0.03083700440528636 0.05708661417322833
1 0.730726872246696 0.13582677165354332 0.01651982378854633 0.031496062992126
1 0.698237885462555 0.16338582677165353 0.01541850220264318 0.03543307086614175
1 0.7175110132158591 0.19094488188976377 0.020925110132158586 0.043307086614173235
1 0.7202643171806167 0.23523622047244094 0.01982378854625544 0.04527559055118108
1 0.7395374449339207 0.2588582677165354 0.025330396475770955 0.05314960629921259
1 0.7643171806167401 0.26574803149606296 0.024229074889867808 0.047244094488188976
1 0.7907488986784141 0.2765748031496063 0.026431718061673992 0.053149606299212615
1 0.7890969162995595 0.20669291338582677 0.018722466960352513 0.039370078740157466
1 0.7577092511013216 0.18700787401574803 0.01541850220264318 0.039370078740157466
1 0.7362334801762115 0.18110236220472442 0.016519823788546217 0.039370078740157494
1 0.762114537444934 0.14468503937007873 0.01541850220264318 0.037401574803149595
1 0.75 0.12893700787401574 0.01541850220264318 0.033464566929133854
1 0.776431718061674 0.13484251968503938 0.01541850220264318 0.029527559055118127
1 0.7990088105726872 0.1545275590551181 0.016519823788546217 0.033464566929133854
1 0.7962555066079295 0.125 0.01541850220264318 0.025590551181102372
1 0.8094713656387664 0.13385826771653545 0.013215859030836996 0.03543307086614174
1 0.8243392070484581 0.12893700787401574 0.014317180616740033 0.0295275590551181
1 0.8419603524229076 0.16535433070866143 0.014317180616740033 0.031496062992125984
1 0.8491189427312775 0.1919291338582677 0.01541850220264318 0.041338582677165364
1 0.8408590308370043 0.2234251968503937 0.018722466960352402 0.045275590551181105
1 0.8529735682819384 0.29330708661417326 0.029735682819383213 0.07480314960629925
1 0.8502202643171806 0.1486220472440945 0.01541850220264307 0.029527559055118086
1 0.8650881057268722 0.17224409448818898 0.016519823788546217 0.033464566929133854
1 0.8876651982378855 0.22244094488188976 0.01982378854625555 0.039370078740157466
1 0.8810572687224669 0.14468503937007873 0.017621145374449365 0.037401574803149595
1 0.9041850220264318 0.17618110236220472 0.017621145374449365 0.037401574803149595
1 0.9124449339207048 0.14960629921259844 0.014317180616740033 0.031496062992125984
1 0.9410792951541851 0.16437007874015747 0.014317180616740033 0.03346456692913388
1 0.9322687224669604 0.18996062992125984 0.014317180616740144 0.029527559055118113
1 0.946035242290749 0.20866141732283464 0.013215859030836996 0.035433070866141725
1 0.9306167400881058 0.2263779527559055 0.017621145374449365 0.03543307086614175
1 0.9212555066079295 0.24212598425196852 0.018722466960352402 0.051181102362204745
1 0.9317180616740088 0.27755905511811024 0.01982378854625555 0.05905511811023623
1 0.9151982378854626 0.3346456692913386 0.026431718061674103 0.07480314960629919
