1 0.25027808676307006 0.26785714285714285 0.02447163515016687 0.0515873015873016
1 0.3264738598442714 0.20833333333333331 0.021134593993325956 0.03968253968253968
1 0.3692992213570634 0.19642857142857142 0.015572858731924377 0.031746031746031744
1 0.3993325917686318 0.17559523809523808 0.015572858731924322 0.02976190476190474
1 0.4154616240266963 0.1775793650793651 0.016685205784204682 0.03373015873015872
1 0.43047830923248054 0.1736111111111111 0.015572858731924377 0.03373015873015872
1 0.44048943270300334 0.15873015873015872 0.013348164627363768 0.027777777777777762
1 0.4438264738598443 0.14484126984126983 0.011123470522803103 0.023809523809523808
1 0.4621802002224694 0.16964285714285715 0.014460511679644017 0.03373015873015872
1 0.47552836484983313 0.16567460317460317 0.012235817575083408 0.03373015873015872
1 0.47274749721913234 0.2123015873015873 0.02002224694104565 0.04365079365079366
1 0.5 0.19543650793650794 0.016685205784204626 0.03373015873015872
1 0.5011123470522804 0.16468253968253968 0.016685205784204682 0.031746031746031744
1 0.4833147942157953 0.14583333333333331 0.010011123470522798 0.02182539682539683
1 0.46496106785317015 0.14384920634920634 0.013348164627363712 0.025793650793650785
1 0.4977753058954394 0.13392857142857142 0.012235817575083408 0.0257936507936508
1 0.5211345939933258 0.1736111111111111 0.014460511679644017 0.03373015873015872
1 0.5372636262513903 0.1498015873015873 0.013348164627363768 0.029761904761904767
1 0.5272525027808677 0.13293650793650794 0.011123470522803158 0.02777777777777779
1 0.5467185761957731 0.19047619047619047 0.016685205784204737 0.031746031746031744
1 0.5350389321468298 0.22123015873015872 0.020022246941045596 0.04166666666666666
1 0.578420467185762 0.1884920634920635 0.020022246941045707 0.0357142857142857
1 0.5600667408231368 0.16071428571428573 0.016685205784204626 0.031746031746031744
1 0.5706340378197998 0.13690476190476192 0.013348164627363768 0.03174603174603176
1 0.5806451612903225 0.12698412698412698 0.013348164627363768 0.031746031746031744
1 0.6006674082313682 0.14682539682539683 0.015572858731924377 0.02777777777777779
1 0.6195773081201335 0.17956349206349206 0.015572858731924377 0.029761904761904767
1 0.6218020022246942 0.15773809523809523 0.011123470522803047 0.02182539682539683
1 0.6212458286985539 0.1130952380952381 0.012235817575083408 0.023809523809523808
1 0.6557285873192435 0.1388888888888889 0.014460511679644017 0.02777777777777779
1 0.6624026696329255 0.11805555555555555 0.010011123470522798 0.021825396825396845
1 0.6779755283648499 0.12103174603174603 0.012235817575083408 0.023809523809523808
1 0.7052280311457175 0.1259920634920635 0.008898776418242549 0.021825396825396845
1 0.5867630700778643 0.24404761904761904 0.023359288097886566 0.047619047619047616
1 0.6329254727474972 0.20436507936507936 0.017797552836484876 0.05158730158730157
1 0.6585094549499444 0.19642857142857142 0.020022246941045596 0.0357142857142857
1 0.6662958843159066 0.22817460317460317 0.024471635150166815 0.05158730158730157
1 0.7096774193548387 0.23511904761904762 0.022246941045606206 0.053571428571428575
1 0.6968854282536151 0.17757936507936506 0.016685205784204626 0.0376984126984127
1 0.7174638487208009 0.18353174603174605 0.017797552836484987 0.0376984126984127
1 0.7230255839822024 0.15079365079365079 0.015572858731924377 0.031746031746031744
1 0.739710789766407 0.15476190476190477 0.013348164627363768 0.023809523809523808
1 0.7424916573971079 0.18055555555555555 0.016685205784204626 0.0357142857142857
1 0.7608453837597331 0.14384920634920634 0.011123470522803047 0.02976190476190474
1 0.7697441601779755 0.17956349206349206 0.015572858731924377 0.03373015873015872
1 0.7780867630700778 0.15873015873015872 0.012235817575083408 0.027777777777777762
1 0.7880978865406008 0.18154761904761904 0.014460511679644017 0.03373015873015872
1 0.7997775305895439 0.2093253968253968 0.015572858731924377 0.0376984126984127
1 0.7986651835372636 0.14583333333333334 0.011123470522803047 0.029761904761904767
1 0.8086763070077865 0.16468253968253968 0.015572858731924266 0.02777777777777779
1 0.8242491657397109 0.13988095238095238 0.013348164627363768 0.029761904761904767
1 0.8303670745272524 0.17559523809523808 0.012235817575083519 0.02976190476190474
1 0.824805339265851 0.20238095238095238 0.014460511679644017 0.0357142857142857
1 0.8559510567296997 0.2123015873015873 0.016685205784204737 0.0357142857142857
1 0.8553948832035595 0.15575396825396826 0.013348164627363657 0.03373015873015872
1 0.8865406006674083 0.15873015873015872 0.015572858731924377 0.031746031746031744
1 0.9087875417130145 0.17956349206349206 0.011123470522803158 0.029761904761904767
1 0.8982202447163514 0.24503968253968253 0.018909899888765236 0.049603174603174593
1 0.8809788654060067 0.2777777777777778 0.022246941045606317 0.03968253968253965
1 0.9265850945494994 0.26587301587301587 0.017797552836484876 0.0515873015873016
1 0.9382647385984427 0.23511904761904762 0.016685205784204626 0.037698412698412676
1 0.9382647385984427 0.20634920634920634 0.012235817575083408 0.023809523809523808
1 0.9404894327030033 0.1746031746031746 0.014460511679644128 0.027777777777777762
