1 0.2098344693281402 0.47150259067357514 0.04381694255111976 0.079447322970639
1 0.3062317429406037 0.23834196891191708 0.01850048685491723 0.04145077720207252
1 0.3242453748782863 0.1822107081174439 0.013631937682570594 0.022452504317789307
1 0.3393378773125608 0.21070811744386875 0.010710808179162645 0.031088082901554404
1 0.41090555014605645 0.16321243523316062 0.011684518013631962 0.01899827288428324
1 0.4259980525803311 0.17443868739205526 0.012658227848101278 0.0241796200345423
1 0.437682570593963 0.2288428324697755 0.02044790652385592 0.029360967184801384
1 0.4498539435248296 0.18048359240069084 0.019474196689386547 0.029360967184801384
1 0.4527750730282376 0.1468048359240069 0.013631937682570594 0.027633851468048337
1 0.4951314508276534 0.21157167530224524 0.02044790652385592 0.03281519861830742
1 0.4892891918208374 0.3290155440414508 0.02239532619279455 0.032815198618307395
1 0.559396299902629 0.3134715025906736 0.02434274586173324 0.05354058721934374
1 0.5983446932814022 0.3246977547495682 0.022395326192794496 0.055267702936096674
1 0.6363193768257059 0.348013816925734 0.02629016553067176 0.050086355785837644
1 0.642161635832522 0.24784110535405873 0.01850048685491723 0.03626943005181349
1 0.5817916260954236 0.24784110535405873 0.020447906523855863 0.04317789291882557
1 0.6606621226874392 0.31001727115716754 0.020447906523855863 0.03626943005181349
1 0.7010710808179162 0.2564766839378238 0.02142161635832518 0.03626943005181346
1 0.681110029211295 0.2141623488773748 0.0165530671859786 0.03454231433506044
1 0.6270691333982473 0.20379965457685664 0.017526777020447915 0.03454231433506044
1 0.6592015579357351 0.18393782383419688 0.015579357351509171 0.03626943005181346
1 0.5856864654333009 0.1778929188255613 0.016553067185978487 0.027633851468048337
1 0.5209347614410905 0.17530224525043175 0.02142161635832518 0.03281519861830742
1 0.49951314508276534 0.1614853195164076 0.017526777020447915 0.029360967184801356
1 0.47711781888997074 0.14766839378238342 0.013631937682570594 0.025906735751295318
1 0.5238558909444986 0.10362694300518135 0.011684518013631906 0.02763385146804835
1 0.5851996105160662 0.11226252158894645 0.013631937682570539 0.03108808290155439
1 0.5666991236611489 0.1468048359240069 0.015579357351509282 0.03454231433506047
1 0.6256085686465434 0.14162348877374784 0.012658227848101333 0.031088082901554404
1 0.6012658227848101 0.1226252158894646 0.014605647517039966 0.027633851468048365
1 0.6071080817916261 0.06044905008635579 0.012658227848101222 0.024179620034542305
1 0.6557935735150925 0.10621761658031087 0.012658227848101333 0.022452504317789293
1 0.6835443037974684 0.10276338514680483 0.011684518013631906 0.022452504317789293
1 0.6991236611489776 0.12089810017271158 0.011684518013632017 0.020725388601036288
1 0.6669912366114898 0.12176165803108809 0.009737098344693274 0.025906735751295346
1 0.6363193768257059 0.12003454231433507 0.014605647517039966 0.025906735751295346
1 0.5228821811100293 0.13644214162348878 0.017526777020447804 0.024179620034542326
1 0.5384615384615385 0.13989637305699482 0.011684518013631906 0.024179620034542326
1 0.7760467380720546 0.1381692573402418 0.011684518013631906 0.024179620034542326
1 0.7560856864654333 0.15803108808290156 0.01071080817916259 0.03281519861830742
1 0.7745861733203505 0.18998272884283246 0.012658227848101222 0.031088082901554404
1 0.7726387536514119 0.27115716753022456 0.022395326192794496 0.044905008635578614
1 0.8120740019474196 0.2547495682210708 0.019474196689386547 0.03281519861830742
1 0.8052580331061343 0.21675302245250433 0.013631937682570539 0.0397236614853195
1 0.8213242453748782 0.22107081174438686 0.0165530671859786 0.04145077720207255
1 0.8057448880233691 0.1848013816925734 0.01850048685491723 0.024179620034542326
1 0.9177215189873418 0.1692573402417962 0.014605647517039966 0.031088082901554404
1 0.9371957156767283 0.20207253886010362 0.01071080817916259 0.031088082901554404
1 0.8933787731256085 0.19516407599309155 0.01850048685491723 0.0241796200345423
1 0.8656280428432327 0.21070811744386875 0.019474196689386547 0.031088082901554404
1 0.8476144109055501 0.20639032815198619 0.012658227848101222 0.04317789291882557
1 0.870983446932814 0.2936096718480138 0.020447906523855863 0.044905008635578614
1 0.8933787731256085 0.23229706390328153 0.014605647517039966 0.04663212435233158
1 0.9162609542356378 0.2538860103626943 0.015579357351509282 0.04145077720207252
1 0.9123661148977604 0.3635578583765112 0.025316455696202556 0.050086355785837644
1 0.8524829600778968 0.3721934369602763 0.020447906523855863 0.046632124352331605
1 0.7940603700097371 0.39723661485319517 0.030185004868549137 0.051813471502590636
1 0.887049659201558 0.4455958549222798 0.031158714703018453 0.06563039723661485
1 0.737585199610516 0.18134715025906736 0.0165530671859786 0.03799654576856648
1 0.6163583252190847 0.10535405872193437 0.011684518013631906 0.02763385146804835
1 0.8330087633885102 0.19602763385146804 0.014605647517039855 0.03626943005181346
1 0.8271665043816943 0.17443868739205526 0.014605647517039966 0.031088082901554404
1 0.8777994157740994 0.15975820379965455 0.012658227848101222 0.03281519861830742
1 0.8670886075949367 0.18566493955094993 0.012658227848101222 0.03281519861830742
1 0.5467380720545277 0.17012089810017272 0.0165530671859786 0.03281519861830742
1 0.7103213242453749 0.17357512953367876 0.014605647517039966 0.025906735751295346
