1 0.09248826291079812 0.4254606365159129 0.046009389671361506 0.09380234505862645
1 0.2586854460093897 0.2872696817420436 0.01971830985915493 0.03517587939698491
1 0.28215962441314557 0.27721943048576214 0.02159624413145539 0.041876046901172526
1 0.3004694835680751 0.25963149078726966 0.01877934272300469 0.043551088777219416
1 0.32253521126760565 0.26884422110552764 0.019718309859154903 0.045226130653266305
1 0.3408450704225352 0.28308207705192634 0.020657276995305174 0.043551088777219416
1 0.3220657276995305 0.22278056951423786 0.015023474178403773 0.03015075376884424
1 0.34788732394366195 0.2135678391959799 0.017840375586854473 0.03182579564489113
1 0.35539906103286384 0.24790619765494137 0.019718309859154903 0.0368509212730318
1 0.3723004694835681 0.2303182579564489 0.015962441314553988 0.03517587939698494
1 0.41737089201877936 0.22194304857621439 0.017840375586854473 0.03517587939698494
1 0.38732394366197187 0.22110552763819097 0.02159624413145539 0.04020100502512561
1 0.3943661971830986 0.3073701842546064 0.02441314553990609 0.05192629815745392
1 0.44976525821596247 0.22529313232830822 0.01690140845070426 0.04187604690117255
1 0.4258215962441314 0.18760469011725295 0.015962441314553988 0.026800670016750433
1 0.4084507042253521 0.17755443886097153 0.015023474178403773 0.026800670016750405
1 0.4563380281690141 0.16917922948073702 0.018779342723004744 0.03350083752093802
1 0.4807511737089202 0.1708542713567839 0.016901408450704203 0.03350083752093802
1 0.4971830985915493 0.23283082077051925 0.021596244131455444 0.05025125628140703
1 0.4727699530516432 0.15159128978224456 0.014084507042253502 0.028475711892797323
1 0.4849765258215962 0.14154103852596314 0.014084507042253502 0.03182579564489113
1 0.503755868544601 0.17587939698492464 0.017840375586854418 0.03350083752093802
1 0.5276995305164319 0.13819095477386933 0.018779342723004744 0.03852596314907872
1 0.5309859154929577 0.17336683417085427 0.019718309859154903 0.03517587939698491
1 0.5417840375586854 0.20351758793969849 0.022535211267605604 0.04522613065326633
1 0.5713615023474179 0.16415410385259632 0.021596244131455333 0.040201005025125636
1 0.5507042253521126 0.15577889447236182 0.015962441314553932 0.03685092127303183
1 0.5699530516431925 0.11809045226130654 0.013145539906103232 0.02512562814070353
1 0.5826291079812207 0.13400335008375208 0.015962441314553932 0.030150753768844213
1 0.5957746478873239 0.10552763819095477 0.014084507042253502 0.030150753768844213
1 0.6178403755868545 0.10385259631490787 0.013145539906103343 0.030150753768844227
1 0.6394366197183099 0.10636515912897823 0.013145539906103232 0.02512562814070353
1 0.6206572769953052 0.14489112227805695 0.016901408450704203 0.03182579564489113
1 0.6314553990610329 0.12814070351758794 0.015962441314554043 0.03182579564489113
1 0.6892018779342723 0.10636515912897823 0.015023474178403773 0.03182579564489112
1 0.6708920187793428 0.12311557788944724 0.017840375586854473 0.035175879396984924
1 0.49061032863849763 0.2989949748743719 0.02910798122065733 0.05192629815745392
1 0.5605633802816902 0.29396984924623115 0.024413145539906145 0.058626465661641536
1 0.5657276995305165 0.24120603015075376 0.021596244131455333 0.04355108877721944
1 0.6051643192488263 0.25963149078726966 0.030985915492957705 0.053601340033500866
1 0.623943661971831 0.1934673366834171 0.021596244131455333 0.05192629815745392
1 0.6483568075117372 0.17839195979899497 0.017840375586854473 0.041876046901172526
1 0.6610328638497653 0.20938023450586266 0.020657276995305174 0.040201005025125636
1 0.6779342723004695 0.24623115577889448 0.018779342723004633 0.05025125628140703
1 0.6957746478873239 0.21524288107202683 0.024413145539906034 0.04522613065326633
1 0.6741784037558685 0.3375209380234506 0.031924882629107976 0.06532663316582915
1 0.6056338028169015 0.3358458961474037 0.026291079812206575 0.058626465661641536
1 0.6845070422535211 0.14321608040201006 0.016901408450704203 0.03182579564489113
1 0.7075117370892019 0.13819095477386933 0.015962441314554043 0.03852596314907872
1 0.692018779342723 0.17922948073701842 0.020657276995305174 0.03350083752093802
1 0.7295774647887324 0.1574539363484087 0.018779342723004744 0.040201005025125636
1 0.7389671361502348 0.12311557788944724 0.018779342723004633 0.03182579564489113
1 0.748356807511737 0.11222780569514237 0.015023474178403773 0.03350083752093802
1 0.7652582159624413 0.135678391959799 0.015023474178403773 0.03350083752093802
1 0.7563380281690141 0.15996649916247907 0.019718309859154903 0.03517587939698494
1 0.7403755868544601 0.21105527638190955 0.021596244131455333 0.043551088777219416
1 0.760093896713615 0.2319932998324958 0.023474178403755874 0.04857621440536014
1 0.7713615023474178 0.28224455611390287 0.030985915492957705 0.06532663316582915
1 0.7075117370892019 0.29145728643216084 0.030985915492957705 0.056951423785594646
1 0.7948356807511737 0.18592964824120603 0.021596244131455444 0.043551088777219416
1 0.7929577464788733 0.13400335008375208 0.014084507042253613 0.030150753768844213
1 0.7887323943661972 0.11976549413735343 0.015023474178403773 0.025125628140703515
1 0.8065727699530516 0.12060301507537688 0.013145539906103232 0.03350083752093802
1 0.8244131455399062 0.15996649916247907 0.015023474178403773 0.03517587939698494
1 0.828169014084507 0.13484087102177555 0.015023474178403662 0.0318257956448911
1 0.8497652582159625 0.14824120603015076 0.016901408450704314 0.03517587939698491
1 0.8460093896713615 0.1934673366834171 0.018779342723004744 0.04522613065326633
1 0.8741784037558685 0.22529313232830822 0.024413145539906145 0.04522613065326633
1 0.8784037558685446 0.18760469011725295 0.021596244131455444 0.04020100502512561
1 0.8661971830985915 0.14991624790619765 0.014084507042253502 0.03182579564489113
1 0.8694835680751174 0.12479061976549415 0.015023474178403773 0.028475711892797323
1 0.895774647887324 0.1306532663316583 0.016901408450704203 0.04020100502512561
1 0.9328638497652582 0.16666666666666666 0.019718309859155014 0.041876046901172526
1 0.892018779342723 0.17252931323283083 0.016901408450704203 0.030150753768844213
1 0.9286384976525821 0.27386934673366836 0.024413145539906034 0.0552763819095477
