1 0.08572949946751864 0.801659125188537 0.1650692225772098 0.22171945701357465
1 0.13152289669861555 0.7337858220211161 0.12673056443024494 0.1885369532428356
1 0.2310969116080937 0.8491704374057316 0.1448349307774228 0.2111613876319759
1 0.3130990415335463 0.9132730015082957 0.14483493077742277 0.1644042232277526
1 0.40149094781682637 0.9117647058823529 0.15761448349307777 0.17647058823529416
1 0.529286474973376 0.7254901960784313 0.13418530351437702 0.196078431372549
1 0.5857294994675186 0.8559577677224736 0.13418530351437696 0.1885369532428356
1 0.7742279020234292 0.797134238310709 0.13631522896698622 0.22775263951734537
1 0.9345047923322684 0.9004524886877828 0.1309904153354633 0.18401206636500755
1 0.09744408945686901 0.9358974358974359 0.17997870074547392 0.1282051282051282
1 0.496272630457934 0.33182503770739064 0.11501597444089456 0.21719457013574658
