1 0.05139442231075697 0.39360222531293465 0.023107569721115544 0.047287899860917915
1 0.31274900398406374 0.23643949930458968 0.016733067729083673 0.030598052851182195
1 0.3430278884462151 0.21766342141863698 0.016733067729083673 0.03755215577190543
1 0.34023904382470116 0.2566063977746871 0.019123505976095634 0.03477051460361616
1 0.36932270916334664 0.22114047287899863 0.016733067729083617 0.030598052851182195
1 0.3796812749003984 0.22253129346314326 0.015139442231075717 0.03337969401947147
1 0.3713147410358566 0.2579972183588317 0.017529880478087623 0.03755215577190543
1 0.397609561752988 0.26425591098748263 0.019123505976095634 0.03894297635605007
1 0.40278884462151393 0.23504867872044505 0.016733067729083673 0.030598052851182195
1 0.42470119521912353 0.2614742698191933 0.023904382470119556 0.04450625869262867
1 0.43346613545816737 0.22531293463143254 0.019123505976095634 0.03616133518776077
1 0.4258964143426295 0.19401947148817802 0.016733067729083673 0.03198887343532686
1 0.44661354581673307 0.16689847009735745 0.013545816733067761 0.02503477051460362
1 0.4581673306772908 0.17107093184979139 0.012749003984063756 0.02225312934631432
1 0.45099601593625493 0.19193324061196104 0.014342629482071712 0.027816411682892922
1 0.46812749003984067 0.14673157162726008 0.011952191235059806 0.023643949930458985
1 0.4844621513944223 0.14603616133518776 0.0111553784860558 0.02503477051460362
1 0.4820717131474104 0.21766342141863698 0.015936254980079667 0.03477051460361616
1 0.5135458167330678 0.18845618915159945 0.016733067729083673 0.03198887343532683
1 0.5095617529880478 0.14673157162726008 0.01195219123505975 0.023643949930458985
1 0.5195219123505976 0.16063977746870656 0.012749003984063756 0.023643949930458957
1 0.5207171314741036 0.13212795549374132 0.01035856573705174 0.025034770514603635
1 0.5350597609561754 0.14881780250347704 0.011952191235059861 0.025034770514603594
1 0.5426294820717131 0.13699582753824757 0.009561752988047845 0.02642559109874827
1 0.5517928286852589 0.1662030598052851 0.01354581673306765 0.026425591098748286
1 0.5605577689243028 0.14464534075104313 0.01195219123505975 0.027816411682892922
1 0.5649402390438247 0.12239221140472878 0.011155378486055745 0.025034770514603608
1 0.5864541832669323 0.11821974965229484 0.011155378486055745 0.025034770514603608
1 0.593625498007968 0.1168289290681502 0.011155378486055745 0.027816411682892894
1 0.600398406374502 0.1286509040333797 0.01354581673306765 0.029207232267037544
1 0.5876494023904382 0.1439499304589708 0.015139442231075662 0.02920723226703756
1 0.5788844621513944 0.16828929068150209 0.015139442231075662 0.030598052851182223
1 0.6247011952191235 0.13977746870653684 0.012749003984063756 0.026425591098748258
1 0.6322709163346614 0.13351877607788595 0.01035856573705174 0.022253129346314335
1 0.6386454183266932 0.12447844228094576 0.01035856573705185 0.023643949930458985
1 0.653784860557769 0.1286509040333797 0.01354581673306765 0.026425591098748258
1 0.6657370517928287 0.13630041724617525 0.013545816733067761 0.025034770514603635
1 0.6653386454183267 0.11265646731571627 0.009561752988047845 0.02503477051460362
1 0.6601593625498008 0.1070931849791377 0.01195219123505975 0.025034770514603608
1 0.6972111553784861 0.11821974965229486 0.012749003984063756 0.02225312934631432
1 0.6135458167330677 0.10987482614742698 0.011155378486055856 0.02225312934631432
1 0.6167330677290837 0.21001390820584145 0.01912350597609569 0.03616133518776077
1 0.6135458167330677 0.24756606397774686 0.02231075697211149 0.04450625869262864
1 0.5577689243027888 0.26356050069541026 0.0223107569721116 0.043115438108484005
1 0.5342629482071712 0.29346314325452016 0.026294820717131517 0.0445062586926287
1 0.5856573705179283 0.3219749652294854 0.025498007968127512 0.05424200278164115
1 0.6709163346613546 0.2670375521557719 0.0239043824701195 0.052851182197496516
1 0.6872509960159363 0.22044506258692628 0.016733067729083673 0.037552155771905404
1 0.6900398406374502 0.1905424200278164 0.015936254980079667 0.033379694019471495
1 0.7298804780876493 0.21070931849791377 0.02071713147410359 0.043115438108484005
1 0.7143426294820717 0.15577190542420027 0.015139442231075773 0.03616133518776077
1 0.7350597609561753 0.1376912378303199 0.016733067729083673 0.03059805285118218
1 0.750996015936255 0.14603616133518776 0.01673306772908356 0.030598052851182195
1 0.7557768924302789 0.24061196105702365 0.021513944223107595 0.044506258692628614
1 0.7741035856573706 0.22531293463143254 0.018326693227091684 0.03616133518776077
1 0.7653386454183266 0.2997218358831711 0.023107569721115495 0.05424200278164115
1 0.8270916334661356 0.3463143254520167 0.028685258964143423 0.06675938803894299
1 0.8354581673306773 0.3136300417246175 0.029482071713147318 0.05146036161335188
1 0.9127490039840638 0.34075104311543813 0.024701195219123506 0.047287899860917915
1 0.9219123505976096 0.2906815020862309 0.01912350597609569 0.03616133518776077
1 0.8693227091633466 0.24687065368567457 0.0223107569721116 0.040333796940194705
1 0.8278884462151395 0.2524339360222531 0.01912350597609558 0.037552155771905404
1 0.8362549800796812 0.2051460361613352 0.016733067729083673 0.03198887343532683
1 0.8438247011952191 0.18776077885952713 0.015936254980079667 0.030598052851182195
1 0.9123505976095618 0.22531293463143254 0.02071713147410359 0.04172461752433937
1 0.9266932270916335 0.20166898470097358 0.015936254980079667 0.033379694019471495
1 0.9298804780876494 0.16759388038942977 0.015936254980079667 0.03198887343532686
1 0.9386454183266932 0.15438108484005564 0.015936254980079667 0.030598052851182195
1 0.9147410358565737 0.1439499304589708 0.012749003984063756 0.02920723226703756
1 0.9043824701195219 0.15368567454798332 0.014342629482071656 0.02920723226703756
1 0.8920318725099601 0.18150208623087621 0.016733067729083673 0.037552155771905404
1 0.8669322709163347 0.152990264255911 0.014342629482071767 0.030598052851182195
1 0.8737051792828685 0.14047287899860916 0.01195219123505975 0.02225312934631432
1 0.8342629482071713 0.15159944367176637 0.015936254980079667 0.030598052851182195
1 0.8378486055776893 0.12795549374130738 0.01195219123505975 0.02225312934631432
1 0.8027888446215139 0.18150208623087621 0.015139442231075662 0.02920723226703753
1 0.8115537848605578 0.1564673157162726 0.015139442231075662 0.02920723226703756
1 0.8083665338645418 0.12726008344923506 0.013545816733067761 0.023643949930458957
1 0.7872509960159362 0.1196105702364395 0.011155378486055745 0.02503477051460362
1 0.7796812749003984 0.15577190542420027 0.015139442231075773 0.033379694019471495
1 0.8804780876494025 0.47983310152990266 0.028685258964143423 0.061196105702364445
1 0.29920318725099604 0.3066759388038943 0.01832669322709163 0.023643949930458985
