1 0.055908009516256935 0.45378151260504207 0.03568596352101507 0.0784313725490196
1 0.23076923076923078 0.33683473389355745 0.01586042823156225 0.0378151260504202
1 0.2529738302934179 0.3648459383753502 0.0174464710547185 0.046218487394957986
1 0.29064234734337824 0.3592436974789916 0.0198255352894528 0.04341736694677867
1 0.2866772402854877 0.30112044817927175 0.015067406819984142 0.03921568627450983
1 0.3287073750991277 0.3522408963585434 0.022997620935765295 0.046218487394957986
1 0.3473433782712133 0.3277310924369748 0.01903251387787469 0.03361344537815125
1 0.3493259318001586 0.29201680672268904 0.01665344964314036 0.0378151260504202
1 0.3758921490880254 0.33053221288515405 0.019032513877874746 0.039215686274509776
1 0.3818398096748612 0.26750700280112044 0.01665344964314036 0.03081232492997199
1 0.4036478984932593 0.296218487394958 0.014274385408406032 0.03501400560224088
1 0.40087232355273594 0.26820728291316526 0.013481363996827922 0.03221288515406162
1 0.4028548770816812 0.3382352941176471 0.02220459952418713 0.04061624649859946
1 0.4250594766058684 0.303921568627451 0.01744647105471847 0.03641456582633057
1 0.44052339413164154 0.3403361344537815 0.0198255352894528 0.039215686274509776
1 0.464710547184774 0.3067226890756303 0.01744647105471847 0.03641456582633057
1 0.42307692307692313 0.2387955182072829 0.013481363996827922 0.02941176470588233
1 0.436558287073751 0.2612044817927171 0.013481363996827866 0.03221288515406165
1 0.4623314829500397 0.23599439775910364 0.012688342585249812 0.02941176470588236
1 0.46590007930214117 0.2647058823529412 0.015067406819984142 0.036414565826330514
1 0.49762093576526567 0.2647058823529412 0.010309278350515427 0.02801120448179273
1 0.5095162569389373 0.273109243697479 0.016653449643140417 0.03641456582633057
1 0.4920697858842189 0.3137254901960784 0.015067406819984142 0.03361344537815125
1 0.45519429024583663 0.40756302521008403 0.026962727993655844 0.05602240896358546
1 0.5162569389373513 0.25210084033613445 0.014274385408406087 0.036414565826330514
1 0.5348929421094369 0.2457983193277311 0.013481363996827866 0.02941176470588236
1 0.5459952418715306 0.226890756302521 0.011895321173671758 0.02801120448179273
1 0.5594766058683585 0.22128851540616246 0.013481363996827866 0.0280112044817927
1 0.5614591593973037 0.24439775910364145 0.011102299762093537 0.026610644257703042
1 0.5670103092783505 0.25630252100840334 0.014274385408405976 0.03641456582633057
1 0.5511498810467883 0.2759103641456583 0.015860428231562307 0.03361344537815125
1 0.5844567803330689 0.24859943977591037 0.014274385408406087 0.02941176470588236
1 0.5876288659793815 0.2226890756302521 0.012688342585249757 0.0280112044817927
1 0.5975416336241078 0.20798319327731093 0.013481363996827866 0.02941176470588236
1 0.6106264869151468 0.21778711484593838 0.011102299762093648 0.03221288515406162
1 0.6249008723235527 0.22759103641456582 0.014274385408405976 0.03501400560224088
1 0.6296590007930214 0.2457983193277311 0.015860428231562196 0.03501400560224091
1 0.6463124504361618 0.21988795518207283 0.011102299762093537 0.02801120448179273
1 0.6578112609040444 0.22759103641456582 0.013481363996827866 0.03221288515406162
1 0.6764472640761301 0.22198879551820727 0.014274385408406087 0.03221288515406162
1 0.6839809674861221 0.24649859943977592 0.013481363996827866 0.03361344537815128
1 0.6578112609040444 0.26400560224089636 0.018239492466296525 0.03501400560224088
1 0.6736716891356067 0.30182072829131656 0.018239492466296636 0.0378151260504202
1 0.6205392545598731 0.30532212885154064 0.018239492466296525 0.03641456582633057
1 0.6292624900872323 0.3438375350140056 0.018239492466296525 0.04341736694677867
1 0.6423473433782712 0.36274509803921573 0.025376685170499624 0.05322128851540614
1 0.6740681998413958 0.35084033613445376 0.020618556701030966 0.04901960784313725
1 0.7034099920697858 0.4103641456582633 0.023790642347343405 0.05602240896358546
1 0.5836637589214908 0.33683473389355745 0.023790642347343405 0.043417366946778724
1 0.5828707375099127 0.3914565826330532 0.023790642347343405 0.05742296918767509
1 0.5864393338620142 0.4271708683473389 0.027755749405233954 0.0672268907563025
1 0.6237113402061856 0.4600840336134454 0.03409992069785894 0.06582633053221293
1 0.6942902458366376 0.4726890756302521 0.04361617763679615 0.06582633053221287
1 0.753766851704996 0.44047619047619047 0.030927835051546393 0.06022408963585435
1 0.8251387787470261 0.438375350140056 0.029341792228390173 0.05602240896358546
1 0.8072957969865187 0.49369747899159666 0.03489294210943694 0.06302521008403361
1 0.7149088025376685 0.2542016806722689 0.016653449643140306 0.037815126050420145
1 0.7212529738302934 0.2457983193277311 0.013481363996827866 0.03221288515406165
1 0.7386994448850119 0.2261904761904762 0.013481363996827977 0.03221288515406162
1 0.7069785884218873 0.28361344537815125 0.016653449643140417 0.03221288515406162
1 0.7620935765265662 0.24229691876750697 0.012688342585249868 0.0280112044817927
1 0.7739888977002379 0.2450980392156863 0.015860428231562196 0.03641456582633054
1 0.7624900872323552 0.28711484593837533 0.018239492466296636 0.03921568627450983
1 0.7997620935765266 0.2689075630252101 0.016653449643140417 0.03361344537815125
1 0.8199841395717684 0.2542016806722689 0.014274385408405976 0.03221288515406162
1 0.8275178429817605 0.2801120448179272 0.015067406819984197 0.03361344537815125
1 0.8334655035685963 0.26820728291316526 0.012688342585249868 0.03221288515406162
1 0.8505154639175257 0.25630252100840334 0.011895321173671647 0.030812324929971963
1 0.8695479777954005 0.2766106442577031 0.015067406819984086 0.03501400560224088
1 0.8925455987311657 0.31022408963585435 0.015067406819984197 0.03501400560224088
1 0.9072164948453608 0.3025210084033613 0.014274385408405976 0.03361344537815125
1 0.9115781126090404 0.2815126050420168 0.013481363996827866 0.03361344537815125
1 0.7981760507533704 0.30532212885154064 0.019825535289452856 0.04201680672268909
1 0.817208564631245 0.311624649859944 0.019825535289452745 0.040616246498599407
1 0.8560666137985726 0.3088235294117647 0.016653449643140417 0.04061624649859946
1 0.8830293417922284 0.3235294117647059 0.018239492466296636 0.036414565826330514
1 0.9135606661379858 0.3564425770308123 0.019032513877874746 0.043417366946778724
1 0.8524980174464711 0.353641456582633 0.022204599524187185 0.04901960784313725
1 0.8160190325138779 0.3354341736694678 0.022204599524187074 0.043417366946778724
1 0.8374306106264868 0.36764705882352944 0.023790642347343405 0.05462184873949577
1 0.7902458366375893 0.3571428571428571 0.024583663758921515 0.044817927170868355
1 0.8862014274385408 0.4607843137254902 0.026169706582077734 0.06722689075630256
1 0.5317208564631245 0.39845938375350143 0.027755749405233843 0.04901960784313725
1 0.5241871530531323 0.35014005602240894 0.023790642347343405 0.04201680672268909
