1 0.4274418604651163 0.19173553719008263 0.019534883720930263 0.0396694214876033
1 0.5088372093023256 0.14297520661157026 0.020465116279069828 0.04462809917355372
1 0.627906976744186 0.13801652892561983 0.014883720930232602 0.028099173553718992
1 0.652093023255814 0.13884297520661157 0.014883720930232602 0.026446280991735516
1 0.6525581395348837 0.12231404958677686 0.013953488372093092 0.02644628099173553
1 0.6841860465116278 0.05950413223140495 0.012093023255813962 0.026446280991735537
1 0.7534883720930232 0.1512396694214876 0.014883720930232491 0.03471074380165287
1 0.7711627906976743 0.1512396694214876 0.013023255813953472 0.03471074380165287
1 0.8748837209302325 0.1884297520661157 0.013953488372092981 0.03305785123966942
1 0.893953488372093 0.2190082644628099 0.014883720930232491 0.04132231404958678
1 0.893953488372093 0.2553719008264463 0.014883720930232491 0.044628099173553704
1 0.9190697674418604 0.24710743801652896 0.016744186046511622 0.04462809917355373
1 0.8269767441860465 0.2603305785123967 0.020465116279069773 0.05123966942148764
