1 0.06833176248821866 0.5173841059602649 0.04241281809613573 0.09105960264900659
1 0.2747408105560792 0.26572847682119205 0.01790763430725728 0.03476821192052981
1 0.2822808671065033 0.23841059602649006 0.01790763430725728 0.03642384105960264
1 0.3162111215834119 0.24006622516556292 0.019792648444863337 0.03973509933774835
1 0.3303487276154571 0.222682119205298 0.019792648444863337 0.0380794701986755
1 0.34118755890669183 0.25 0.01885014137606028 0.04304635761589404
1 0.37323279924599434 0.271523178807947 0.018850141376060336 0.039735099337748325
1 0.3901979264844486 0.2822847682119205 0.024505183788878393 0.044701986754966894
1 0.3590951932139491 0.22764900662251655 0.01696512723845428 0.04139072847682118
1 0.3708765315739868 0.24006622516556292 0.01602262016965128 0.026490066225165587
1 0.37983034872761545 0.23096026490066224 0.015080113100848225 0.03145695364238413
1 0.37558906691800187 0.1920529801324503 0.014137606032045225 0.02980132450331127
1 0.39066918001885015 0.1837748344370861 0.01790763430725728 0.033112582781456956
1 0.411875589066918 0.19619205298013243 0.01696512723845428 0.0380794701986755
1 0.4302544769085768 0.24089403973509935 0.021677662582469392 0.048013245033112606
1 0.44439208294062205 0.17963576158940397 0.01790763430725728 0.04139072847682118
1 0.46277097078228085 0.19867549668874174 0.018850141376060336 0.03642384105960264
1 0.4698397737983035 0.24089403973509932 0.023562676720075393 0.04139072847682121
1 0.46748350612629597 0.14155629139072848 0.01508011310084828 0.0314569536423841
1 0.48350612629594725 0.1357615894039735 0.013195098963242224 0.029801324503311244
1 0.4858623939679548 0.1597682119205298 0.01602262016965128 0.034768211920529785
1 0.4919886899151744 0.201158940397351 0.020735155513666392 0.04139072847682118
1 0.5056550424128181 0.16639072847682118 0.016022620169651225 0.0380794701986755
1 0.524033930254477 0.21688741721854304 0.02450518378887845 0.049668874172185434
1 0.5372290292177191 0.16804635761589404 0.016965127238454225 0.044701986754966894
1 0.5471253534401508 0.15811258278145696 0.01602262016965128 0.03476821192052981
1 0.5631479736098021 0.16473509933774835 0.02167766258246928 0.044701986754966894
1 0.5673892554194157 0.11920529801324503 0.015080113100848225 0.036423841059602655
1 0.5876531573986805 0.14652317880794702 0.01413760603204528 0.0314569536423841
1 0.6107445805843543 0.1456953642384106 0.015080113100848336 0.033112582781456956
1 0.5956644674835061 0.12086092715231787 0.013195098963242224 0.02649006622516556
1 0.6149858623939679 0.11837748344370862 0.010367577756833168 0.028145695364238416
1 0.6385485391140433 0.14403973509933776 0.017907634307257392 0.03642384105960264
1 0.6423185673892554 0.1183774834437086 0.019792648444863392 0.0347682119205298
1 0.48539114043355325 0.3129139072847682 0.03393025447690862 0.0629139072847682
1 0.5447690857681433 0.30629139072847683 0.03016022620169656 0.06953642384105962
1 0.590009425070688 0.22102649006622516 0.02450518378887845 0.05794701986754966
1 0.6182846371347785 0.20860927152317882 0.020735155513666337 0.04635761589403972
1 0.6079170593779454 0.2541390728476821 0.02639019792648445 0.054635761589403975
1 0.6163996229971724 0.31788079470198677 0.03770028275212056 0.0629139072847682
1 0.6644674835061263 0.2574503311258278 0.02639019792648445 0.061258278145695344
1 0.6508011310084826 0.21605960264900664 0.023562676720075393 0.04801324503311258
1 0.6677662582469368 0.17963576158940397 0.01979264844486328 0.04139072847682118
1 0.6889726672950047 0.14486754966887416 0.016965127238454336 0.034768211920529785
1 0.6960414703110274 0.18129139072847683 0.01979264844486328 0.04139072847682121
1 0.6965127238454288 0.2185430463576159 0.022620169651272448 0.049668874172185434
1 0.7360980207351555 0.19950331125827814 0.018850141376060225 0.044701986754966894
1 0.7252591894439209 0.16390728476821192 0.021677662582469392 0.033112582781456956
1 0.7115928369462772 0.13990066225165562 0.016965127238454225 0.0347682119205298
1 0.734684260131951 0.11589403973509933 0.01790763430725728 0.03642384105960264
1 0.7535344015080112 0.14403973509933776 0.01602262016965128 0.03311258278145693
1 0.7648444863336475 0.16887417218543047 0.01790763430725728 0.03642384105960267
1 0.7752120640904807 0.1382450331125828 0.01602262016965128 0.034768211920529785
1 0.7898209236569274 0.14072847682119205 0.013195098963242224 0.039735099337748325
1 0.8081998114985862 0.12582781456953643 0.01602262016965128 0.03973509933774834
1 0.8345900094250707 0.14072847682119205 0.01790763430725728 0.039735099337748325
1 0.8152686145146089 0.15811258278145696 0.016965127238454336 0.0314569536423841
1 0.8011310084825636 0.17880794701986755 0.016965127238454225 0.03642384105960267
1 0.7799245994344958 0.21026490066225165 0.023562676720075393 0.04304635761589404
1 0.7591894439208293 0.24006622516556292 0.021677662582469392 0.0562913907284768
1 0.7219604147031102 0.2814569536423841 0.02450518378887845 0.05629139072847683
1 0.7728557964184731 0.29635761589403975 0.024505183788878337 0.05629139072847683
1 0.8397737983034872 0.3120860927152318 0.02827521206409045 0.06788079470198677
1 0.8232799245994344 0.22433774834437087 0.023562676720075504 0.04801324503311258
1 0.8402450518378888 0.1870860927152318 0.01602262016965128 0.03973509933774835
1 0.8529688972667295 0.16142384105960267 0.015080113100848225 0.0380794701986755
1 0.8817153628652215 0.25082781456953646 0.025447690857681393 0.05132450331125829
1 0.917530631479736 0.271523178807947 0.027332704995287505 0.05298013245033115
1 0.9208294062205467 0.22599337748344372 0.020735155513666337 0.04801324503311258
1 0.8892554194156457 0.20612582781456953 0.017907634307257392 0.048013245033112606
1 0.8916116870876531 0.17549668874172186 0.016965127238454336 0.033112582781456956
1 0.8996229971724787 0.1556291390728477 0.01602262016965128 0.03973509933774835
