1 0.10541666666666667 0.2783333333333333 0.06416666666666668 0.07
1 0.14625 0.26 0.04250000000000001 0.05777777777777776
1 0.04708333333333334 0.3111111111111111 0.052500000000000005 0.07333333333333336
1 0.2679166666666667 0.30333333333333334 0.06250000000000003 0.08000000000000002
1 0.3433333333333334 0.2638888888888889 0.065 0.09888888888888892
1 0.3416666666666667 0.1716666666666667 0.03833333333333333 0.05666666666666667
1 0.4241666666666667 0.18166666666666664 0.03666666666666668 0.05666666666666667
1 0.4720833333333333 0.25722222222222224 0.04250000000000004 0.052222222222222225
1 0.44208333333333333 0.23333333333333334 0.03249999999999997 0.05555555555555558
1 0.51875 0.2877777777777778 0.05583333333333329 0.08888888888888885
1 0.5175000000000001 0.22999999999999998 0.05500000000000005 0.06666666666666665
1 0.5454166666666667 0.16555555555555557 0.04416666666666669 0.06666666666666668
1 0.6066666666666667 0.20166666666666666 0.043333333333333335 0.05888888888888888
1 0.6729166666666666 0.24944444444444444 0.044166666666666576 0.07
1 0.735 0.27444444444444444 0.06499999999999995 0.09777777777777774
1 0.9570833333333333 0.16166666666666668 0.057499999999999996 0.10777777777777778
1 0.66375 0.20166666666666666 0.03416666666666668 0.052222222222222225
