1 0.12020905923344949 0.5207736389684814 0.04878048780487805 0.08452722063037249
1 0.22168989547038329 0.3316618911174785 0.020034843205574915 0.0386819484240688
1 0.2530487804878049 0.36174785100286533 0.020034843205574915 0.04727793696275073
1 0.2887630662020906 0.36174785100286533 0.021777003484320545 0.0386819484240688
1 0.28179442508710806 0.31017191977077363 0.02526132404181186 0.03581661891117477
1 0.3397212543554007 0.3531518624641834 0.026132404181184676 0.055873925501432664
1 0.35627177700348434 0.3244985673352435 0.0191637630662021 0.03581661891117477
1 0.35844947735191635 0.2915472779369628 0.0217770034843206 0.030085959885386815
1 0.3863240418118467 0.33954154727793695 0.021777003484320545 0.03724928366762176
1 0.41506968641114983 0.3259312320916905 0.021777003484320545 0.04154727793696272
1 0.4128919860627178 0.2922636103151862 0.0191637630662021 0.03438395415472778
1 0.3972125435540069 0.25358166189111747 0.02090592334494773 0.037249283667621785
1 0.42421602787456447 0.2679083094555874 0.015679442508710784 0.028653295128939826
1 0.4355400696864111 0.2507163323782235 0.01567944250871084 0.028653295128939854
1 0.45557491289198604 0.25358166189111747 0.013937282229965153 0.028653295128939854
1 0.4647212543554007 0.26862464183381085 0.018292682926829285 0.03295128939828079
1 0.43989547038327526 0.30515759312320917 0.0191637630662021 0.028653295128939882
1 0.48040069686411146 0.30587392550143266 0.0217770034843206 0.03008595988538687
1 0.5174216027874565 0.3209169054441261 0.020905923344947674 0.040114613180515735
1 0.4529616724738676 0.3388252148997135 0.024390243902439046 0.038681948424068746
1 0.47343205574912894 0.23638968481375358 0.011324041811846708 0.028653295128939826
1 0.47822299651567945 0.22707736389684813 0.010452961672473893 0.021489971346704856
1 0.5152439024390244 0.2643266475644699 0.016550522648083543 0.027220630372492838
1 0.5352787456445993 0.27435530085959886 0.016550522648083654 0.035816618911174825
1 0.5374564459930313 0.24641833810888253 0.015679442508710784 0.02578796561604582
1 0.537020905923345 0.23137535816618912 0.014808362369338024 0.02435530085959886
1 0.5609756097560976 0.24713467048710602 0.015679442508710895 0.030085959885386787
1 0.5679442508710801 0.2191977077363897 0.013937282229965153 0.022922636103151872
1 0.5866724738675958 0.21203438395415475 0.013066202090592283 0.020057306590257867
1 0.5897212543554007 0.22636103151862463 0.017421602787456525 0.028653295128939826
1 0.5940766550522648 0.2593123209169055 0.019163763066202044 0.0315186246418338
1 0.5714285714285714 0.27507163323782235 0.019163763066202044 0.034383954154727836
1 0.5531358885017421 0.3524355300859599 0.024390243902438935 0.05730659025787965
1 0.4943379790940766 0.3961318051575931 0.03397212543554001 0.05300859598853869
1 0.5331010452961673 0.4484240687679083 0.03484320557491294 0.05730659025787965
1 0.6210801393728222 0.32163323782234954 0.022648083623693416 0.0444126074498567
1 0.6180313588850175 0.2177650429799427 0.014808362369337913 0.02578796561604585
1 0.630226480836237 0.20415472779369628 0.013066202090592394 0.030085959885386815
1 0.6197735191637631 0.24426934097421205 0.018292682926829285 0.030085959885386787
1 0.6502613240418118 0.20057306590257878 0.014808362369337913 0.03151862464183383
1 0.6585365853658536 0.2184813753581662 0.013937282229965153 0.030085959885386815
1 0.647212543554007 0.24713467048710602 0.017421602787456414 0.032951289398280764
1 0.6550522648083623 0.2901146131805158 0.020905923344947674 0.038681948424068746
1 0.688588850174216 0.20558739255014327 0.013066202090592283 0.02435530085959886
1 0.6981707317073171 0.2177650429799427 0.011324041811846652 0.02578796561604585
1 0.7064459930313589 0.2134670487106017 0.012195121951219523 0.02578796561604585
1 0.6938153310104529 0.26504297994269344 0.016550522648083654 0.03724928366762176
1 0.6428571428571428 0.36031518624641834 0.022648083623693416 0.04727793696275073
1 0.6681184668989547 0.336676217765043 0.022648083623693305 0.04871060171919772
1 0.6759581881533101 0.3674785100286533 0.03135888501742157 0.05300859598853869
1 0.7134146341463414 0.3545845272206304 0.024390243902439046 0.04727793696275073
1 0.730836236933798 0.24641833810888253 0.019163763066202155 0.031518624641833776
1 0.7186411149825784 0.29297994269340977 0.017421602787456414 0.04154727793696272
1 0.7299651567944251 0.29083094555873923 0.017421602787456525 0.03724928366762176
1 0.761759581881533 0.2328080229226361 0.013066202090592394 0.030085959885386815
1 0.7700348432055749 0.251432664756447 0.017421602787456525 0.030085959885386843
1 0.7931184668989547 0.251432664756447 0.014808362369338024 0.030085959885386843
1 0.8131533101045296 0.2335243553008596 0.014808362369338024 0.0315186246418338
1 0.8179442508710801 0.25573065902578795 0.015679442508710784 0.03295128939828082
1 0.806184668989547 0.27005730659025784 0.018292682926829285 0.03581661891117477
1 0.8418989547038327 0.23782234957020057 0.016550522648083654 0.0315186246418338
1 0.8754355400696865 0.2507163323782235 0.013937282229965153 0.03151862464183383
1 0.8937282229965158 0.26719197707736386 0.013937282229965153 0.038681948424068746
1 0.9085365853658536 0.2507163323782235 0.013937282229965153 0.028653295128939854
1 0.9324912891986062 0.2729226361031518 0.014808362369338024 0.03295128939828079
1 0.9773519163763067 0.27363896848137537 0.013937282229965153 0.028653295128939826
1 0.975609756097561 0.29799426934097417 0.013937282229965153 0.03438395415472778
1 0.9651567944250872 0.31017191977077363 0.013937282229965153 0.03581661891117477
1 0.948170731707317 0.3194842406876791 0.018292682926829285 0.03724928366762176
1 0.9281358885017421 0.3144699140401146 0.018292682926829174 0.03581661891117477
1 0.9133275261324042 0.3345272206303725 0.018292682926829285 0.04154727793696278
1 0.9625435540069687 0.3653295128939828 0.017421602787456414 0.04297994269340977
1 0.882404181184669 0.3159025787965616 0.015679442508710784 0.038681948424068746
1 0.8484320557491289 0.2922636103151862 0.017421602787456414 0.03724928366762176
1 0.863240418118467 0.32951289398280803 0.017421602787456414 0.045845272206303744
1 0.8924216027874564 0.3760744985673352 0.021777003484320545 0.0587392550143267
1 0.8445121951219512 0.3481375358166189 0.020034843205574915 0.048710601719197666
1 0.869773519163763 0.4383954154727794 0.027003484320557436 0.0630372492836676
1 0.8109756097560976 0.42335243553008595 0.027874564459930418 0.06160458452722062
1 0.85801393728223 0.501432664756447 0.027874564459930307 0.06590257879656164
1 0.9490418118466899 0.4477077363896848 0.028745644599303066 0.06733524355300857
1 0.752177700348432 0.40257879656160456 0.030487804878048697 0.05444126074498562
1 0.6106271777003485 0.4369627507163324 0.03484320557491294 0.06590257879656158
1 0.6576655052264808 0.4584527220630372 0.03658536585365857 0.07736389684813755
1 0.7212543554006969 0.5329512893982808 0.04529616724738672 0.08022922636103147
