1 0.10157699443413729 0.48507462686567165 0.045454545454545456 0.08789386401326704
1 0.27087198515769945 0.24958540630182421 0.014842300556586308 0.038142620232172464
1 0.27968460111317256 0.2562189054726368 0.01576994434137291 0.03482587064676615
1 0.29730983302411873 0.26533996683250416 0.023191094619666064 0.04311774461028195
1 0.35667903525046385 0.26616915422885573 0.021335807050092803 0.04809286898839138
1 0.38358070500927643 0.2885572139303483 0.02504638218923938 0.053067993366500865
1 0.37430426716141 0.25041459369817576 0.021335807050092748 0.03648424543946932
1 0.38404452690166974 0.20398009950248758 0.01855287569573283 0.033167495854063006
1 0.38265306122448983 0.17661691542288557 0.019480519480519487 0.028192371475953548
1 0.4160482374768089 0.17330016583747926 0.017625231910946226 0.03482587064676615
1 0.4257884972170687 0.16086235489220563 0.016697588126159568 0.033167495854063006
1 0.44202226345083484 0.22470978441127695 0.019480519480519487 0.038142620232172464
1 0.45037105751391465 0.18739635157545603 0.021335807050092748 0.04311774461028192
1 0.4642857142857143 0.16086235489220563 0.01576994434137291 0.033167495854063006
1 0.4805194805194805 0.16998341625207297 0.016697588126159513 0.03150912106135986
1 0.4893320964749536 0.1890547263681592 0.021335807050092748 0.03648424543946932
1 0.49165120593692024 0.2271973466003317 0.022263450834879406 0.04311774461028192
1 0.5037105751391466 0.14013266998341625 0.012987012987012991 0.02487562189054726
1 0.5166975881261595 0.15008291873963514 0.014842300556586197 0.028192371475953576
1 0.5074211502782932 0.16832504145936983 0.016697588126159568 0.028192371475953576
1 0.5514842300556586 0.1956882255389718 0.021335807050092748 0.04311774461028192
1 0.5783858998144713 0.16749585406301826 0.017625231910946115 0.039800995024875635
1 0.5542671614100185 0.12106135986733002 0.01576994434137291 0.029850746268656705
1 0.5844155844155844 0.1384742951907131 0.016697588126159513 0.028192371475953562
1 0.6029684601113172 0.1376451077943615 0.016697588126159624 0.033167495854063006
1 0.5987940630797773 0.11359867330016585 0.012059369202226389 0.028192371475953562
1 0.5964749536178108 0.0978441127694859 0.011131725417439675 0.026533996683250405
1 0.615491651205937 0.10530679933665008 0.012059369202226278 0.024875621890547275
1 0.641465677179963 0.1318407960199005 0.013914656771799705 0.024875621890547275
1 0.641465677179963 0.09701492537313433 0.013914656771799705 0.02487562189054726
1 0.6632653061224489 0.10530679933665008 0.014842300556586197 0.03150912106135988
1 0.685064935064935 0.10945273631840796 0.013914656771799594 0.02985074626865672
1 0.551948051948052 0.1691542288557214 0.016697588126159513 0.023217247097844118
1 0.5287569573283859 0.2802653399668325 0.025974025974025983 0.05306799336650081
1 0.5426716141001855 0.3167495854063018 0.024118738404452666 0.05306799336650081
1 0.5681818181818181 0.25290215588723053 0.026901669758812585 0.05472636815920398
1 0.6219851576994434 0.2470978441127695 0.023191094619666064 0.05638474295190715
1 0.6312615955473099 0.208955223880597 0.023191094619666064 0.04311774461028192
1 0.6484230055658626 0.17910447761194032 0.02226345083487946 0.04311774461028192
1 0.6688311688311688 0.20729684908789386 0.02226345083487946 0.04975124378109452
1 0.6883116883116883 0.22553897180762852 0.020408163265306145 0.046434494195688236
1 0.6934137291280149 0.16998341625207297 0.021335807050092748 0.04477611940298509
1 0.6822820037105751 0.17578772802653397 0.017625231910946226 0.04311774461028192
1 0.7365491651205938 0.11774461028192372 0.012987012987012991 0.039800995024875635
1 0.7430426716141002 0.14759535655058043 0.016697588126159513 0.03648424543946932
1 0.7379406307977736 0.1724709784411277 0.01576994434137291 0.033167495854063006
1 0.7282003710575139 0.20812603648424544 0.020408163265306145 0.04477611940298509
1 0.7527829313543599 0.21227197346600332 0.02133580705009286 0.04975124378109452
1 0.7787569573283859 0.18076285240464346 0.01948051948051943 0.04643449419568821
1 0.7629870129870129 0.13018242122719736 0.01576994434137291 0.03150912106135986
1 0.7824675324675325 0.13930348258706468 0.01576994434137291 0.03648424543946932
1 0.8038033395176252 0.14427860696517414 0.01576994434137291 0.03980099502487562
1 0.724025974025974 0.2537313432835821 0.030612244897959107 0.06633499170812607
1 0.6850649350649352 0.3142620232172471 0.036178107606679055 0.06799336650082921
1 0.6164192949907236 0.3117744610281924 0.030612244897959107 0.06301824212271973
1 0.75139146567718 0.33250414593698174 0.03525046382189245 0.07462686567164178
1 0.7824675324675324 0.2703150912106136 0.023191094619666064 0.056384742951907096
1 0.8056586270871986 0.2620232172470979 0.021335807050092748 0.05970149253731344
1 0.8246753246753247 0.20398009950248758 0.020408163265306145 0.05306799336650084
1 0.8302411873840445 0.14676616915422885 0.012987012987012991 0.03150912106135989
1 0.8302411873840445 0.12437810945273632 0.012987012987012991 0.026533996683250433
1 0.8483302411873841 0.1749585406301824 0.017625231910946115 0.044776119402985065
1 0.8594619666048238 0.1318407960199005 0.010204081632653073 0.021558872305140947
1 0.8603896103896104 0.15339966832504145 0.012059369202226389 0.028192371475953548
1 0.8715213358070502 0.20480928689883915 0.021335807050092748 0.04809286898839138
1 0.8835807050092764 0.16003316749585406 0.013914656771799594 0.03482587064676618
1 0.891465677179963 0.1749585406301824 0.01855287569573283 0.044776119402985065
1 0.8928571428571428 0.1376451077943615 0.013914656771799705 0.033167495854063006
1 0.7949907235621521 0.39718076285240467 0.038961038961038974 0.08126036484245441
1 0.8362708719851577 0.31592039800995025 0.0287569573283859 0.06467661691542292
1 0.8576066790352505 0.2570480928689884 0.026901669758812696 0.059701492537313466
1 0.891465677179963 0.35323383084577115 0.038961038961038974 0.0829187396351575
1 0.9169758812615956 0.3043117744610282 0.03246753246753242 0.06799336650082921
1 0.9081632653061225 0.25456053067993367 0.020408163265306145 0.04809286898839138
1 0.9160482374768089 0.23134328358208955 0.01576994434137291 0.04145936981757878
1 0.9174397031539889 0.203150912106136 0.014842300556586197 0.03150912106135986
1 0.9313543599257885 0.15339966832504148 0.00927643784786647 0.01824212271973466
