1 0.05546875 0.6666666666666667 0.0453125 0.06572769953051638
1 0.017968750000000002 0.5915492957746479 0.0328125 0.06572769953051649
1 0.07421875 0.5762910798122065 0.029687500000000006 0.04929577464788737
1 0.09296875 0.619718309859155 0.032812499999999994 0.05164319248826288
1 0.10234375 0.6654929577464789 0.05156249999999998 0.07746478873239426
1 0.1734375 0.613849765258216 0.04375000000000001 0.07276995305164313
1 0.1359375 0.7711267605633803 0.062499999999999986 0.09154929577464788
1 0.1953125 0.8427230046948357 0.09999999999999998 0.14084507042253513
1 0.2875 0.7265258215962441 0.0625 0.08685446009389675
1 0.3890625 0.8215962441314554 0.10625000000000001 0.12676056338028174
1 0.278125 0.5645539906103287 0.015625 0.030516431924882625
1 0.21796875 0.4483568075117371 0.0234375 0.02816901408450706
1 0.32578125 0.5774647887323943 0.02656249999999999 0.03755868544600938
1 0.325 0.5316901408450705 0.021874999999999978 0.03521126760563387
1 0.3046875 0.5305164319248826 0.015625 0.028169014084507005
1 0.36484375 0.5692488262910798 0.02656249999999999 0.039906103286384886
1 0.36640625 0.5363849765258216 0.014062499999999978 0.025821596244131495
1 0.35624999999999996 0.5328638497652582 0.01874999999999999 0.03755868544600938
1 0.2921875 0.551643192488263 0.015625 0.023474178403755874
1 0.40859375 0.5903755868544601 0.02656249999999999 0.039906103286385
1 0.4125 0.5481220657276995 0.021875000000000033 0.035211267605633756
1 0.41484374999999996 0.5140845070422535 0.02031250000000001 0.028169014084507005
1 0.43671875000000004 0.5434272300469484 0.02656249999999999 0.039906103286385
1 0.4578125 0.5258215962441315 0.015625 0.028169014084507116
1 0.47109375 0.5645539906103287 0.02656249999999999 0.04460093896713613
1 0.47265625 0.5363849765258215 0.014062499999999978 0.030516431924882625
1 0.49140625000000004 0.556338028169014 0.02031250000000001 0.03755868544600938
1 0.50078125 0.5363849765258216 0.023437499999999944 0.025821596244131495
1 0.484375 0.5152582159624413 0.015625 0.021126760563380365
1 0.5218750000000001 0.5293427230046948 0.021874999999999978 0.03521126760563387
1 0.53984375 0.5610328638497653 0.0234375 0.04225352112676051
1 0.5125 0.5950704225352113 0.031249999999999944 0.039906103286385
1 0.5203125 0.636150234741784 0.04062500000000002 0.05633802816901412
1 0.55625 0.596244131455399 0.034375000000000044 0.05633802816901412
1 0.5796874999999999 0.568075117370892 0.021874999999999978 0.03755868544600938
1 0.5796875 0.5469483568075117 0.018750000000000044 0.028169014084507005
1 0.565625 0.5352112676056338 0.015625 0.028169014084507116
1 0.5578125 0.5246478873239436 0.012500000000000067 0.021126760563380254
1 0.60859375 0.596244131455399 0.03281250000000002 0.04694835680751164
1 0.61484375 0.5375586854460095 0.026562500000000044 0.03755868544600938
1 0.615625 0.494131455399061 0.018750000000000044 0.03051643192488268
1 0.63203125 0.5023474178403755 0.017187500000000022 0.023474178403755874
1 0.64375 0.4976525821596244 0.018749999999999933 0.028169014084507005
1 0.64375 0.5492957746478874 0.025000000000000022 0.04694835680751175
1 0.66796875 0.5446009389671361 0.0234375 0.032863849765258246
1 0.6734375 0.5187793427230047 0.015625 0.03755868544600938
1 0.684375 0.5035211267605634 0.015625 0.025821596244131495
1 0.6921875 0.5328638497652582 0.018749999999999933 0.032863849765258246
1 0.7234375 0.5481220657276995 0.03125 0.0539906103286385
1 0.73671875 0.5258215962441315 0.020312499999999956 0.04225352112676062
1 0.7078125 0.5082159624413145 0.018749999999999933 0.030516431924882625
1 0.72265625 0.505868544600939 0.0234375 0.039906103286385
1 0.73828125 0.5035211267605634 0.020312499999999956 0.035211267605633756
1 0.7789062499999999 0.511737089201878 0.017187500000000022 0.023474178403755874
1 0.72265625 0.6197183098591549 0.0390625 0.06103286384976525
1 0.6890624999999999 0.6326291079812207 0.03749999999999998 0.06338028169014087
1 0.8171875 0.619718309859155 0.05312499999999998 0.09389671361502339
1 0.7875000000000001 0.5868544600938967 0.03749999999999998 0.06572769953051638
1 0.890625 0.6267605633802817 0.05312500000000009 0.08920187793427237
1 0.915625 0.6068075117370892 0.043749999999999956 0.068075117370892
1 0.934375 0.5821596244131455 0.04062500000000002 0.06572769953051638
1 0.86484375 0.5692488262910798 0.0390625 0.05868544600938963
1 0.8109375 0.5586854460093897 0.028124999999999956 0.03755868544600938
1 0.83671875 0.5375586854460094 0.0234375 0.04225352112676051
1 0.8296874999999999 0.5093896713615024 0.025000000000000022 0.04225352112676056
1 0.8734375000000001 0.5011737089201878 0.021874999999999978 0.03521126760563387
1 0.8953125 0.5363849765258215 0.025000000000000022 0.04460093896713613
1 0.91171875 0.5117370892018779 0.0234375 0.03286384976525819
1 0.91328125 0.49178403755868544 0.026562499999999933 0.030516431924882625
