1 0.21610169491525422 0.49667774086378735 0.03860640301318266 0.07973421926910301
1 0.3954802259887006 0.276578073089701 0.018832391713747676 0.038205980066445155
1 0.37052730696798497 0.18853820598006643 0.014124293785310715 0.02491694352159471
1 0.4044256120527307 0.223421926910299 0.01789077212806023 0.031561461794019946
1 0.461864406779661 0.22508305647840532 0.01789077212806023 0.03820598006644518
1 0.4180790960451978 0.16528239202657807 0.013182674199623323 0.028239202657807327
1 0.4934086629001883 0.13953488372093023 0.011299435028248594 0.026578073089701004
1 0.5197740112994351 0.12873754152823919 0.011299435028248594 0.0282392026578073
1 0.548964218455744 0.1270764119601329 0.015065913370998163 0.02491694352159468
1 0.5696798493408664 0.13538205980066445 0.011299435028248594 0.028239202657807314
1 0.5682674199623352 0.18604651162790697 0.016007532956685555 0.03654485049833889
1 0.5908662900188324 0.12541528239202657 0.012241054613935987 0.024916943521594667
1 0.4839924670433145 0.3438538205980066 0.02824858757062143 0.043189368770764125
1 0.5376647834274952 0.3338870431893688 0.022598870056497078 0.043189368770764125
1 0.623352165725047 0.2649501661129568 0.020715630885122405 0.04485049833887042
1 0.6610169491525424 0.22508305647840532 0.024482109227871973 0.04485049833887045
1 0.6925612052730696 0.3089700996677741 0.031073446327683607 0.059800664451827246
1 0.7109227871939736 0.2599667774086379 0.026365348399246757 0.06146179401993357
1 0.7782485875706215 0.2865448504983389 0.025423728813559365 0.06146179401993357
1 0.82909604519774 0.3230897009966778 0.02730696798493415 0.06146179401993351
1 0.9133709981167608 0.30398671096345514 0.024482109227871973 0.056478405315614655
1 0.8488700564971752 0.12126245847176079 0.01412429378531077 0.02657807308970099
1 0.9378531073446328 0.15863787375415284 0.013182674199623379 0.031561461794019946
1 0.9105461393596987 0.1511627906976744 0.011299435028248594 0.023255813953488386
1 0.8940677966101696 0.143687707641196 0.012241054613935876 0.02491694352159468
