1 0.20309653916211293 0.4952076677316294 0.04918032786885246 0.10862619808306712
1 0.28324225865209474 0.48562300319488816 0.05282331511839705 0.10223642172523961
1 0.30965391621129323 0.23162939297124602 0.020036429872495487 0.03833865814696483
1 0.33561020036429867 0.18849840255591055 0.020947176684881608 0.04792332268370608
1 0.43306010928961747 0.17252396166134187 0.01730418943533696 0.03194888178913738
1 0.4376138433515483 0.14297124600638977 0.011839708561020068 0.023961661341853013
1 0.49225865209471764 0.15654952076677314 0.01366120218579231 0.03194888178913738
1 0.5141165755919854 0.16134185303514376 0.01730418943533696 0.028753993610223655
1 0.5368852459016393 0.16373801916932906 0.015482695810564717 0.030351437699680517
1 0.569216757741348 0.16373801916932906 0.016393442622950838 0.030351437699680517
1 0.7331511839708561 0.1253993610223642 0.016393442622950838 0.02715654952076678
1 0.5036429872495446 0.08226837060702875 0.010928961748633836 0.02396166134185304
