1 0.11445312500000002 0.5146036161335188 0.13203125000000002 0.2809457579972184
1 0.20273437500000002 0.6133518776077886 0.044531249999999994 0.0973574408901251
1 0.25078125 0.590403337969402 0.037500000000000006 0.07927677329624483
1 0.241015625 0.5347705146036161 0.03203124999999998 0.048678720445062496
1 0.270703125 0.5465924895688457 0.02734375 0.06397774687065372
1 0.279296875 0.5180806675938804 0.022656250000000044 0.051460361613351935
1 0.320703125 0.5222531293463143 0.01640625000000001 0.04033379694019468
1 0.333203125 0.5445062586926286 0.025781249999999978 0.06258692628650897
1 0.358984375 0.5180806675938804 0.028906249999999967 0.06815020862308763
1 0.39609375 0.5292072322670376 0.021875000000000033 0.04867872044506261
1 0.4359375 0.5285118219749652 0.017187499999999967 0.041724617524339425
1 0.4390625 0.5611961057023644 0.021875000000000033 0.04867872044506261
1 0.38945312499999996 0.633518776077886 0.03828124999999999 0.08484005563282337
1 0.456640625 0.6210013908205841 0.03671874999999997 0.0709318497913769
1 0.47265625 0.5514603616133519 0.020312499999999956 0.048678720445062496
1 0.508203125 0.5674547983310153 0.017968750000000033 0.041724617524339314
1 0.52734375 0.5653685674547984 0.028124999999999956 0.06536856745479835
1 0.529296875 0.6905424200278164 0.046093750000000044 0.09040333796940203
1 0.591796875 0.5945757997218359 0.09140624999999991 0.1821974965229486
1 0.662109375 0.5744089012517385 0.03359375000000009 0.06397774687065372
1 0.7375 0.6182197496522949 0.03437499999999993 0.06258692628650908
1 0.7640625 0.6314325452016689 0.0234375 0.052851182197496516
1 0.85390625 0.4965229485396384 0.08125000000000004 0.15577190542420022
