1 0.10250000000000001 0.3511627906976744 0.07833333333333332 0.11162790697674418
1 0.1925 0.28604651162790695 0.061666666666666675 0.08372093023255817
1 0.12416666666666668 0.15930232558139534 0.038333333333333344 0.05813953488372092
1 0.15916666666666668 0.17790697674418604 0.02833333333333335 0.048837209302325574
1 0.07916666666666666 0.11744186046511629 0.021666666666666667 0.034883720930232565
1 0.02333333333333333 0.1325581395348837 0.03 0.05581395348837208
1 0.017499999999999998 0.06976744186046512 0.021666666666666664 0.037209302325581395
1 0.21833333333333332 0.14418604651162792 0.023333333333333345 0.037209302325581395
1 0.2675 0.16511627906976745 0.025000000000000022 0.037209302325581395
1 0.30166666666666664 0.16046511627906979 0.026666666666666672 0.04186046511627908
1 0.35250000000000004 0.1558139534883721 0.018333333333333368 0.032558139534883734
1 0.33666666666666667 0.20930232558139533 0.026666666666666672 0.04186046511627908
1 0.3833333333333333 0.2069767441860465 0.026666666666666672 0.037209302325581395
1 0.4066666666666667 0.18488372093023256 0.020000000000000018 0.025581395348837188
1 0.44166666666666665 0.19651162790697674 0.020000000000000018 0.039534883720930225
1 0.47750000000000004 0.19883720930232557 0.018333333333333368 0.030232558139534876
1 0.27666666666666667 0.41860465116279066 0.07999999999999999 0.12093023255813956
1 0.5025000000000001 0.5348837209302325 0.08500000000000002 0.16279069767441862
1 0.4141666666666667 0.34069767441860466 0.02833333333333332 0.0488372093023256
1 0.5166666666666667 0.3430232558139535 0.03666666666666668 0.06279069767441858
1 0.5758333333333334 0.3581395348837209 0.04500000000000004 0.07441860465116279
1 0.6174999999999999 0.45930232558139533 0.05833333333333324 0.09069767441860466
1 0.7458333333333333 0.6186046511627907 0.12166666666666659 0.17674418604651165
1 0.8674999999999999 0.5441860465116279 0.06833333333333325 0.1209302325581395
1 0.9566666666666667 0.39186046511627903 0.06000000000000005 0.08139534883720928
1 0.74 0.3337209302325581 0.036666666666666625 0.05813953488372098
1 0.8125 0.2011627906976744 0.04166666666666674 0.06279069767441861
1 0.7566666666666666 0.22790697674418603 0.026666666666666727 0.04186046511627908
1 0.6833333333333333 0.22674418604651164 0.020000000000000018 0.03953488372093025
1 0.6691666666666667 0.19069767441860463 0.021666666666666723 0.027906976744186046
1 0.63 0.19186046511627908 0.016666666666666607 0.025581395348837216
1 0.6191666666666666 0.2244186046511628 0.018333333333333313 0.025581395348837216
1 0.5983333333333334 0.21976744186046512 0.023333333333333317 0.034883720930232565
1 0.5675 0.19651162790697674 0.018333333333333313 0.025581395348837216
1 0.5525 0.1883720930232558 0.021666666666666723 0.04186046511627908
1 0.5266666666666666 0.1941860465116279 0.01666666666666672 0.025581395348837188
1 0.5266666666666666 0.23488372093023258 0.026666666666666727 0.046511627906976744
1 0.5083333333333333 0.25813953488372093 0.019999999999999962 0.041860465116279055
1 0.485 0.2488372093023256 0.026666666666666672 0.04186046511627908
