1 0.22638036809815948 0.3712962962962963 0.1116564417177914 0.15370370370370368
1 0.36625766871165644 0.14537037037037037 0.03803680981595092 0.05740740740740741
1 0.43190184049079755 0.22314814814814815 0.026993865030674802 0.03518518518518518
1 0.4361963190184049 0.20185185185185184 0.018404907975460127 0.03703703703703706
1 0.4251533742331288 0.3314814814814815 0.06257668711656439 0.09629629629629632
1 0.49570552147239266 0.20370370370370372 0.01963190184049074 0.048148148148148134
1 0.5134969325153373 0.20555555555555555 0.02822085889570547 0.04444444444444445
1 0.5828220858895705 0.1962962962962963 0.029447852760736137 0.05555555555555555
1 0.6257668711656441 0.21203703703703702 0.036809815950920144 0.053703703703703726
1 0.6196319018404908 0.287962962962963 0.04417177914110426 0.06851851851851853
1 0.5552147239263804 0.27685185185185185 0.0503067484662576 0.0796296296296296
1 0.7423312883435582 0.375 0.0932515337423313 0.13148148148148153
1 0.6785276073619632 0.7435185185185185 0.1987730061349693 0.35370370370370374
1 0.8177914110429447 0.5722222222222222 0.14601226993865024 0.23333333333333334
1 0.8969325153374232 0.2851851851851852 0.058895705521472386 0.08148148148148152
