1 0.14971977582065654 0.2733612273361227 0.01921537229783829 0.04184100418410042
1 0.20816653322658124 0.4790794979079498 0.041633306645316254 0.07670850767085075
1 0.34147317854283427 0.22873082287308227 0.018414731785428295 0.03347280334728034
1 0.3783026421136909 0.2377963737796374 0.02321857485988793 0.0404463040446304
1 0.4055244195356285 0.23291492329149233 0.02001601281024823 0.04184100418410042
1 0.4119295436349079 0.200139470013947 0.021617293835068052 0.037656903765690364
1 0.4463570856685348 0.22315202231520223 0.02001601281024823 0.04184100418410042
1 0.4975980784627702 0.19246861924686193 0.02481985588470781 0.04463040446304045
1 0.5716573258606885 0.25313807531380755 0.027221777421937543 0.05439330543933055
1 0.6629303442754204 0.22594142259414227 0.019215372297838207 0.04463040446304045
1 0.7157726180944757 0.23291492329149233 0.02562049639711772 0.05020920502092052
1 0.7085668534827863 0.11785216178521618 0.017614091273018384 0.043235704323570434
1 0.5996797437950361 0.10739191073919108 0.011208967173739093 0.025104602510460247
1 0.766613290632506 0.11576011157601115 0.018414731785428295 0.036262203626220346
1 0.788630904723779 0.2921896792189679 0.02562049639711772 0.05160390516039054
1 0.8274619695756605 0.3779637377963738 0.032826261008807034 0.06973500697350071
1 0.9055244195356285 0.3926080892608089 0.03042433947157719 0.0767085076708508
1 0.9183346677341873 0.3410041841004184 0.02562049639711772 0.06276150627615062
1 0.8911128903122498 0.3110181311018131 0.02562049639711772 0.06415620641562064
1 0.9311449159327462 0.23500697350069735 0.024019215372297786 0.048814504881450504
1 0.9167333867093674 0.29707112970711297 0.02562049639711772 0.06136680613668066
1 0.8815052041633307 0.22594142259414227 0.02081665332265814 0.04463040446304045
1 0.8378702962369896 0.19665271966527198 0.018414731785428406 0.044630404463040424
1 0.8626901521216974 0.1596931659693166 0.013610888710968827 0.02649930264993028
1 0.9023218574859888 0.1827057182705718 0.01601281024819856 0.03347280334728034
