1 0.17743490838958534 0.479557069846678 0.046287367405978774 0.09028960817717202
1 0.390549662487946 0.2717206132879046 0.019286403085824466 0.035775127768313486
1 0.39971070395371266 0.2231686541737649 0.016393442622950782 0.03066439522998296
1 0.4585342333654774 0.22402044293015333 0.02025072324011573 0.04258943781942079
1 0.41610414657666345 0.1626916524701874 0.016393442622950838 0.03236797274275979
1 0.3611378977820636 0.1959114139693356 0.018322082931533312 0.02385008517887563
1 0.35824493731918994 0.23168654173764908 0.016393442622950782 0.034071550255536626
1 0.485053037608486 0.14054514480408858 0.013500482160077154 0.028960817717206155
1 0.5110896817743491 0.12776831345826234 0.013500482160077154 0.034071550255536626
1 0.5318225650916104 0.1201022146507666 0.016393442622950838 0.025553662691652462
1 0.5650916104146577 0.12776831345826234 0.011571841851494624 0.03066439522998296
1 0.5843780135004821 0.12350936967632027 0.017357762777241992 0.028960817717206128
1 0.5617164898746384 0.1788756388415673 0.016393442622950838 0.030664395229982988
1 0.4778206364513018 0.3390119250425895 0.027965284474445518 0.04770017035775126
1 0.5337512054001928 0.32453151618398635 0.022179363548698205 0.04940374787052809
1 0.6046287367405978 0.2606473594548552 0.02314368370298936 0.057921635434412255
1 0.654291224686596 0.22487223168654175 0.026036644165863043 0.04770017035775129
1 0.6861137897782064 0.34241908006814314 0.03567984570877525 0.06814310051107325
1 0.7020250723240116 0.2546848381601363 0.025072324011571778 0.06303236797274275
1 0.7666345226615237 0.27427597955706984 0.027000964320154308 0.06473594548551961
1 0.8230472516875602 0.30408858603066435 0.024108003857280624 0.06303236797274275
1 0.8997107039537127 0.29471890971039183 0.02314368370298936 0.057921635434412255
1 0.9243008678881388 0.15417376490630325 0.012536162005785889 0.03236797274275979
1 0.8982642237222758 0.14735945485519591 0.014464802314368419 0.028960817717206128
1 0.8698167791706846 0.12095400340715502 0.013500482160077154 0.03066439522998296
1 0.8302796528447445 0.07836456558773425 0.017357762777242103 0.030664395229982974
