1 0.07490272373540856 0.30103806228373703 0.025291828793774312 0.04844290657439443
1 0.3132295719844358 0.23875432525951557 0.01945525291828798 0.04152249134948094
1 0.3458171206225681 0.19204152249134948 0.016536964980544744 0.031141868512110704
1 0.3467898832684825 0.2171280276816609 0.014591439688715957 0.02941176470588236
1 0.41293774319066145 0.2093425605536332 0.016536964980544744 0.04152249134948097
1 0.44601167315175094 0.2162629757785467 0.01848249027237353 0.03806228373702422
1 0.45914396887159536 0.18166089965397925 0.01556420233463035 0.03460207612456748
1 0.4703307392996109 0.23269896193771628 0.01848249027237353 0.04325259515570937
1 0.480544747081712 0.18598615916955016 0.017509727626459137 0.03633217993079585
1 0.4970817120622568 0.16176470588235295 0.01556420233463035 0.032871972318339104
1 0.5155642023346303 0.16868512110726644 0.013618677042801619 0.032871972318339104
1 0.52431906614786 0.1323529411764706 0.009727626459143934 0.025951557093425615
1 0.5321011673151751 0.1444636678200692 0.011673151750972721 0.025951557093425615
1 0.5403696498054474 0.1323529411764706 0.010700389105058328 0.025951557093425615
1 0.5500972762645915 0.19117647058823528 0.0165369649805448 0.04325259515570937
1 0.5826848249027237 0.11851211072664358 0.011673151750972832 0.0259515570934256
1 0.5836575875486381 0.17906574394463667 0.015564202334630406 0.02941176470588236
1 0.5919260700389105 0.15570934256055363 0.014591439688715901 0.02768166089965396
1 0.60068093385214 0.13148788927335642 0.008754863813229541 0.024221453287197242
1 0.6186770428015564 0.11245674740484429 0.0077821011673151474 0.024221453287197228
1 0.6279182879377432 0.12283737024221453 0.010700389105058328 0.02076124567474047
1 0.6425097276264591 0.11505190311418684 0.010700389105058439 0.022491349480968856
1 0.6308365758754864 0.15657439446366783 0.014591439688715901 0.02941176470588233
1 0.6527237354085603 0.13062283737024222 0.009727626459143934 0.019031141868512125
1 0.664396887159533 0.11937716262975778 0.009727626459143934 0.024221453287197214
1 0.6760700389105059 0.12456747404844291 0.011673151750972832 0.024221453287197242
1 0.6945525291828794 0.14705882352941177 0.011673151750972721 0.024221453287197214
1 0.5243190661478598 0.29152249134948094 0.021400778210116767 0.046712802768166084
1 0.5890077821011672 0.23961937716262977 0.02237354085603116 0.04325259515570934
1 0.5924124513618677 0.2889273356401384 0.021400778210116655 0.055363321799307974
1 0.6142996108949417 0.31228373702422146 0.026264591439688734 0.06401384083044981
1 0.6264591439688716 0.21539792387543252 0.017509727626459082 0.04325259515570934
1 0.6371595330739299 0.25605536332179935 0.021400778210116767 0.048442906574394484
1 0.6682879377431907 0.22491349480968859 0.017509727626459193 0.04498269896193771
1 0.66147859922179 0.27249134948096887 0.021400778210116767 0.046712802768166084
1 0.6619649805447471 0.18685121107266434 0.01653696498054469 0.03806228373702422
1 0.6678015564202335 0.3477508650519031 0.02821011673151752 0.07612456747404844
1 0.7047665369649805 0.39878892733564014 0.03988326848249024 0.05709342560553632
1 0.7042801556420233 0.20069204152249137 0.01945525291828798 0.04152249134948097
1 0.7174124513618677 0.22404844290657439 0.020428015564202262 0.046712802768166084
1 0.7368677042801557 0.18598615916955016 0.014591439688716012 0.03633217993079585
1 0.7796692607003891 0.14619377162629757 0.012645914396887115 0.02941176470588236
1 0.7757782101167315 0.19377162629757785 0.01653696498054469 0.02768166089965396
1 0.7806420233463035 0.22577854671280276 0.020428015564202262 0.039792387543252594
1 0.7903696498054475 0.1695501730103806 0.014591439688716012 0.03806228373702422
1 0.8122568093385214 0.20588235294117646 0.013618677042801508 0.03460207612456748
1 0.8258754863813229 0.18598615916955016 0.013618677042801619 0.032871972318339104
1 0.7981517509727627 0.2958477508650519 0.020428015564202373 0.055363321799307974
1 0.8069066147859922 0.2759515570934256 0.018482490272373475 0.04325259515570934
1 0.8035019455252919 0.3546712802768166 0.0311284046692607 0.062283737024221464
1 0.8390077821011672 0.3140138408304498 0.02237354085603116 0.05709342560553632
1 0.8433852140077821 0.16003460207612458 0.011673151750972721 0.032871972318339104
1 0.8482490272373541 0.1980968858131488 0.015564202334630295 0.03633217993079585
1 0.8647859922178989 0.19377162629757785 0.013618677042801619 0.03460207612456745
1 0.877431906614786 0.16089965397923878 0.013618677042801508 0.031141868512110732
1 0.8540856031128405 0.23961937716262977 0.017509727626459193 0.039792387543252566
1 0.8754863813229572 0.2560553633217993 0.015564202334630295 0.04498269896193771
1 0.8584630350194553 0.29152249134948094 0.020428015564202373 0.046712802768166084
1 0.8900778210116731 0.22318339100346019 0.015564202334630406 0.03806228373702422
1 0.8954280155642023 0.16608996539792387 0.010700389105058439 0.031141868512110732
1 0.931420233463035 0.17387543252595156 0.014591439688715901 0.02941176470588236
1 0.9372568093385214 0.20761245674740486 0.014591439688715901 0.027681660899653987
1 0.9319066147859922 0.24567474048442905 0.01945525291828787 0.04498269896193771
1 0.9212062256809339 0.2802768166089965 0.01945525291828798 0.048442906574394484
1 0.8998054474708171 0.27249134948096887 0.017509727626459082 0.04325259515570934
1 0.9080739299610895 0.3209342560553633 0.024319066147859836 0.053633217993079574
1 0.8944552529182879 0.3866782006920415 0.026264591439688734 0.08131487889273359
1 0.752431906614786 0.1384083044982699 0.010700389105058328 0.031141868512110732
1 0.7558365758754864 0.16435986159169552 0.013618677042801508 0.03460207612456748
1 0.4236381322957199 0.1833910034602076 0.01264591439688717 0.031141868512110732
1 0.4503891050583657 0.16782006920415227 0.01556420233463035 0.031141868512110732
1 0.502431906614786 0.13062283737024222 0.010700389105058328 0.02249134948096887
1 0.507295719844358 0.13927335640138408 0.010700389105058328 0.02249134948096887
