1 0.2037037037037037 0.4134349030470914 0.038613081166272656 0.0706371191135734
1 0.2848699763593381 0.25900277008310246 0.013396375098502722 0.02216066481994458
1 0.2962962962962963 0.24861495844875348 0.014184397163120588 0.02631578947368421
1 0.3108747044917258 0.22229916897506924 0.013396375098502777 0.02354570637119116
1 0.32899921197793536 0.2257617728531856 0.014972419227738343 0.027700831024930733
1 0.33175728920409775 0.2721606648199446 0.017336485421591774 0.03185595567867039
1 0.31717888100866826 0.2693905817174515 0.013396375098502777 0.023545706371191133
1 0.37234042553191493 0.26385041551246535 0.016548463356973964 0.03739612188365654
1 0.4160756501182033 0.26523545706371193 0.01891252955082745 0.034626038781163465
1 0.3821907013396375 0.20706371191135736 0.014184397163120588 0.02631578947368421
1 0.4070133963750985 0.1745152354570637 0.01024428684003148 0.02770083102493076
1 0.4160756501182033 0.18282548476454294 0.012608353033884967 0.024930747922437657
1 0.4247438928289992 0.16204986149584488 0.012608353033884967 0.02770083102493076
1 0.4365642237982663 0.23545706371191139 0.017336485421591774 0.03601108033240999
1 0.4105594956658787 0.23337950138504154 0.022064617809298637 0.029085872576177285
1 0.42631993695823484 0.2084487534626039 0.01733648542159183 0.02631578947368421
1 0.48029944838455474 0.22160664819944598 0.019700551615445205 0.03878116343490304
1 0.4799054373522459 0.18628808864265928 0.018912529550827395 0.03185595567867036
1 0.46059889676910953 0.16689750692520774 0.010244286840031536 0.023545706371191133
1 0.44838455476753347 0.15789473684210525 0.014184397163120532 0.024930747922437685
1 0.466903073286052 0.15096952908587258 0.011820330969267157 0.02216066481994461
1 0.5070921985815603 0.18628808864265928 0.014972419227738343 0.03185595567867036
1 0.5307328605200945 0.19736842105263158 0.01654846335697402 0.03462603878116344
1 0.5405831363278172 0.15789473684210525 0.01576044129235621 0.033240997229916885
1 0.524428684003152 0.14681440443213295 0.011820330969267157 0.02216066481994458
1 0.4944838455476753 0.13642659279778394 0.013396375098502722 0.026315789473684195
1 0.512608353033885 0.14196675900277006 0.011820330969267157 0.02631578947368421
1 0.5646178092986605 0.17105263157894737 0.014972419227738398 0.029085872576177285
1 0.5559495665878644 0.14265927977839335 0.011820330969267157 0.02770083102493076
1 0.5914105594956658 0.14958448753462605 0.013396375098502777 0.027700831024930733
1 0.5811662726556344 0.11634349030470914 0.013396375098502666 0.02493074792243767
1 0.5965327029156816 0.10318559556786704 0.009456264775413725 0.020775623268698057
1 0.6063829787234043 0.1281163434903047 0.011820330969267157 0.023545706371191133
1 0.6225374310480694 0.14889196675900276 0.01576044129235621 0.029085872576177285
1 0.6201733648542159 0.13227146814404434 0.012608353033884967 0.023545706371191147
1 0.6422379826635146 0.11842105263157895 0.012608353033884967 0.023545706371191147
1 0.6627265563435776 0.12188365650969529 0.014184397163120588 0.02770083102493076
1 0.4948778565799842 0.296398891966759 0.023640661938534258 0.04432132963988922
1 0.5409771473601261 0.2991689750692521 0.024428684003152124 0.04432132963988916
1 0.5543735224586288 0.2562326869806094 0.01970055161544526 0.03878116343490304
1 0.6040189125295508 0.21745152354570635 0.01654846335697402 0.03878116343490304
1 0.6233254531126872 0.23614958448753465 0.01891252955082745 0.04570637119113577
1 0.6540583136327818 0.25761772853185594 0.02048857368006296 0.04155124653739614
1 0.6560283687943262 0.31509695290858725 0.029156816390858875 0.059556786703601095
1 0.6453900709219857 0.17382271468144045 0.01733648542159172 0.03462603878116344
1 0.664696611505122 0.20498614958448752 0.021276595744680882 0.03601108033240999
1 0.6895193065405831 0.1904432132963989 0.01576044129235621 0.03185595567867036
1 0.6851851851851851 0.15096952908587258 0.014972419227738398 0.03047091412742381
1 0.7178881008668243 0.15373961218836565 0.014184397163120588 0.02770083102493076
1 0.7281323877068557 0.2098337950138504 0.015760441292356098 0.029085872576177285
1 0.698581560283688 0.2278393351800554 0.01654846335697402 0.03185595567867036
1 0.7159180457052798 0.2596952908587258 0.022852639873916503 0.04847645429362882
1 0.7576832151300237 0.37049861495844877 0.029156816390858986 0.056786703601108046
1 0.7903861308116628 0.3054016620498615 0.023640661938534313 0.051246537396121894
1 0.7525610717100079 0.22437673130193905 0.01733648542159183 0.02770083102493076
1 0.7572892040977147 0.18005540166204986 0.014184397163120588 0.02770083102493076
1 0.7525610717100079 0.1481994459833795 0.012608353033884967 0.02770083102493076
1 0.7832939322301025 0.19736842105263158 0.01733648542159183 0.03185595567867036
1 0.7892040977147361 0.157202216066482 0.011820330969267157 0.02631578947368421
1 0.7947202521670607 0.13434903047091412 0.011820330969267157 0.024930747922437685
1 0.8159968479117414 0.15858725761772854 0.014972419227738398 0.029085872576177285
1 0.7994483845547675 0.18074792243767313 0.013396375098502777 0.02631578947368421
1 0.8238770685579195 0.23545706371191133 0.01654846335697402 0.04432132963988919
1 0.8617021276595744 0.2977839335180056 0.024428684003152124 0.04986149584487537
1 0.8995271867612293 0.2770083102493075 0.022852639873916503 0.04432132963988916
1 0.8569739952718676 0.23199445983379502 0.01654846335697402 0.03462603878116344
1 0.876280535855004 0.23199445983379502 0.01576044129235621 0.03185595567867036
1 0.8715524034672971 0.19598337950138506 0.014184397163120588 0.03185595567867036
1 0.8376674546887313 0.2126038781163435 0.01733648542159183 0.04016620498614959
1 0.863672182821119 0.15166204986149584 0.01733648542159183 0.03185595567867036
1 0.8380614657210401 0.18005540166204986 0.011820330969267157 0.03047091412742381
