1 0.4618055555555556 0.23503086419753086 0.1023148148148148 0.15339506172839507
1 0.5582175925925925 0.812037037037037 0.21134259259259258 0.35123456790123453
1 0.30266203703703703 0.6239197530864198 0.15162037037037035 0.24783950617283945
1 0.22280092592592593 0.45555555555555555 0.0872685185185185 0.13456790123456785
1 0.17094907407407406 0.4367283950617284 0.05810185185185188 0.09259259259259256
1 0.14212962962962963 0.40030864197530863 0.05740740740740741 0.09753086419753088
1 0.08923611111111111 0.42608024691358026 0.05902777777777777 0.07561728395061729
1 0.2646990740740741 0.408179012345679 0.03958333333333336 0.07561728395061729
1 0.3079861111111111 0.4092592592592592 0.04699074074074072 0.07777777777777778
1 0.7059027777777778 0.6183641975308642 0.1201388888888889 0.18919753086419744
1 0.6810185185185185 0.4600308641975308 0.05833333333333324 0.0935185185185185
1 0.7153935185185185 0.42669753086419754 0.05671296296296302 0.07870370370370372
1 0.8068287037037037 0.4580246913580247 0.05439814814814814 0.095679012345679
1 0.9296296296296296 0.6899691358024691 0.13009259259259254 0.20524691358024694
1 0.9381944444444444 0.5566358024691358 0.10370370370370363 0.15956790123456788
1 0.9254629629629629 0.4566358024691358 0.05601851851851858 0.07253086419753085
