1 0.19915254237288135 0.35333333333333333 0.044256120527306986 0.09333333333333338
1 0.2853107344632768 0.25416666666666665 0.024482109227871918 0.04500000000000001
1 0.3159133709981168 0.21833333333333332 0.014124293785310715 0.026666666666666672
1 0.3163841807909604 0.26666666666666666 0.01694915254237289 0.033333333333333326
1 0.33851224105461397 0.27 0.019774011299435068 0.03666666666666668
1 0.3465160075329567 0.22166666666666668 0.01883239171374762 0.033333333333333354
1 0.3724105461393597 0.21 0.01412429378531077 0.033333333333333326
1 0.3794726930320151 0.22999999999999998 0.020715630885122405 0.03
1 0.3912429378531073 0.19916666666666666 0.021657250470809797 0.04500000000000001
1 0.4317325800376648 0.2841666666666667 0.02354048964218458 0.05499999999999999
1 0.4246704331450094 0.21583333333333332 0.020715630885122405 0.04166666666666666
1 0.4265536723163842 0.17333333333333334 0.01694915254237289 0.03
1 0.4416195856873823 0.19583333333333336 0.01883239171374762 0.035
1 0.4609227871939736 0.21666666666666667 0.017890772128060284 0.03666666666666665
1 0.4637476459510358 0.19 0.017890772128060284 0.033333333333333326
1 0.4505649717514124 0.1725 0.017890772128060284 0.02833333333333335
1 0.4515065913370998 0.14750000000000002 0.0160075329566855 0.024999999999999994
1 0.4736346516007533 0.15416666666666667 0.015065913370998163 0.035
1 0.4967043314500941 0.19083333333333335 0.019774011299435013 0.035
1 0.504708097928437 0.17583333333333334 0.01694915254237289 0.02833333333333335
1 0.48822975517890776 0.13 0.014124293785310715 0.026666666666666672
1 0.5254237288135593 0.14166666666666666 0.01883239171374773 0.033333333333333326
1 0.551789077212806 0.16083333333333333 0.016949152542372836 0.035
1 0.5470809792843692 0.19416666666666665 0.020715630885122405 0.04166666666666666
1 0.5748587570621468 0.16583333333333333 0.016007532956685444 0.03833333333333333
1 0.5564971751412429 0.1225 0.013182674199623379 0.03166666666666666
1 0.583804143126177 0.11916666666666667 0.015065913370998052 0.02499999999999998
1 0.5814500941619586 0.13833333333333334 0.016007532956685555 0.023333333333333317
1 0.5927495291902072 0.10083333333333333 0.016007532956685555 0.024999999999999994
1 0.6087570621468926 0.11666666666666667 0.012241054613935987 0.026666666666666672
1 0.6186440677966101 0.09916666666666667 0.013182674199623379 0.024999999999999994
1 0.6224105461393596 0.14 0.016949152542372947 0.03333333333333334
1 0.6384180790960452 0.11083333333333334 0.013182674199623268 0.028333333333333335
1 0.6511299435028248 0.10083333333333333 0.016007532956685444 0.03166666666666666
1 0.6685499058380414 0.12 0.016949152542372836 0.030000000000000013
1 0.6935028248587571 0.09833333333333333 0.016007532956685444 0.03333333333333334
1 0.6581920903954802 0.1625 0.02259887005649719 0.044999999999999984
1 0.6666666666666666 0.2 0.020715630885122405 0.053333333333333316
1 0.6073446327683616 0.21000000000000002 0.026365348399246757 0.04666666666666666
1 0.6111111111111112 0.25416666666666665 0.030131826741996215 0.05500000000000002
1 0.5630885122410546 0.24916666666666665 0.026365348399246757 0.04833333333333331
1 0.5480225988700564 0.3075 0.03389830508474578 0.065
1 0.4943502824858757 0.2991666666666667 0.02824858757062143 0.051666666666666694
1 0.6826741996233521 0.3291666666666667 0.032015065913371 0.065
1 0.6115819209039548 0.3383333333333334 0.038606403013182744 0.07
1 0.6661958568738229 0.25166666666666665 0.019774011299435013 0.05000000000000002
1 0.71045197740113 0.2225 0.02354048964218458 0.04833333333333334
1 0.71939736346516 0.2833333333333333 0.030131826741996215 0.06666666666666665
1 0.7721280602636535 0.2858333333333334 0.026365348399246646 0.05499999999999999
1 0.698210922787194 0.18 0.01789077212806034 0.04000000000000001
1 0.6972693032015066 0.14416666666666667 0.01789077212806034 0.03833333333333333
1 0.713276836158192 0.13416666666666666 0.01789077212806023 0.04500000000000001
1 0.7358757062146892 0.12833333333333333 0.016007532956685444 0.033333333333333326
1 0.75 0.14416666666666667 0.01412429378531077 0.034999999999999976
1 0.737758945386064 0.1625 0.01789077212806034 0.03833333333333333
1 0.75 0.18833333333333335 0.01789077212806034 0.04666666666666666
1 0.7612994350282486 0.17916666666666667 0.01412429378531077 0.03833333333333333
1 0.7678907721280603 0.1325 0.016007532956685444 0.031666666666666676
1 0.7556497175141244 0.105 0.016007532956685444 0.026666666666666672
1 0.8036723163841808 0.1775 0.021657250470809797 0.04166666666666666
1 0.8130885122410546 0.1275 0.012241054613935987 0.031666666666666676
1 0.8060263653483992 0.1425 0.013182674199623379 0.021666666666666667
1 0.833804143126177 0.1375 0.016007532956685555 0.038333333333333344
1 0.8272128060263653 0.16916666666666666 0.016007532956685444 0.03833333333333333
1 0.8483992467043314 0.1875 0.016949152542372836 0.04833333333333334
1 0.8681732580037664 0.16583333333333333 0.01883239171374773 0.03833333333333333
1 0.8700564971751412 0.13583333333333333 0.015065913370998163 0.02833333333333332
1 0.8822975517890772 0.185 0.020715630885122405 0.04666666666666669
1 0.8738229755178908 0.2275 0.02259887005649719 0.051666666666666694
1 0.9190207156308852 0.28 0.024482109227871862 0.06
1 0.9246704331450094 0.18583333333333335 0.01883239171374762 0.04166666666666666
1 0.8987758945386064 0.16749999999999998 0.01412429378531077 0.035
1 0.9030131826741996 0.13166666666666665 0.015065913370998052 0.03
1 0.9274952919020716 0.14916666666666667 0.015065913370998052 0.031666666666666676
