1 0.14364364364364363 0.2662565905096661 0.02102102102102102 0.036906854130052735
1 0.37287287287287285 0.20035149384885764 0.017017017017017022 0.035149384885764495
1 0.41491491491491495 0.22495606326889278 0.01901901901901898 0.038664323374340975
1 0.45345345345345345 0.22583479789103691 0.020020020020020013 0.036906854130052735
1 0.6266266266266266 0.078207381370826 0.018018018018018056 0.03690685413005272
1 0.5695695695695695 0.16608084358523725 0.016016016016015988 0.036906854130052735
1 0.5665665665665666 0.18453427065026362 0.0160160160160161 0.03514938488576452
1 0.6306306306306306 0.22056239015817225 0.020020020020020013 0.04745166959578209
1 0.6226226226226226 0.2688927943760984 0.02202202202202208 0.04920913884007028
1 0.6451451451451451 0.29789103690685415 0.031031031031030998 0.06854130052724078
1 0.6816816816816818 0.17223198594024605 0.018018018018017945 0.04569420035149385
1 0.6881881881881882 0.21792618629173988 0.02302302302302306 0.059753954305799634
1 0.9454454454454455 0.2398945518453427 0.02102102102102099 0.05096660808435849
