1 0.03601496725912068 0.36661211129296234 0.03086997193638915 0.055646481178396046
1 0.254911131898971 0.27986906710310966 0.021515434985968224 0.039279869067103124
1 0.2885874649204865 0.26104746317512273 0.01777362020579981 0.040916530278232444
1 0.30028063610851263 0.25941080196399346 0.020579981290926086 0.040916530278232416
1 0.3246024321796071 0.27577741407528644 0.020579981290926086 0.037643207855973804
1 0.3437792329279701 0.2692307692307693 0.01964452759588403 0.037643207855973804
1 0.3157156220767072 0.22176759410801963 0.01777362020579981 0.03436988543371522
1 0.34284377923292797 0.22422258592471359 0.015902712815715647 0.029459901800327315
1 0.37043966323666977 0.22831423895253683 0.0168381665107577 0.03436988543371522
1 0.36950420954162766 0.20540098199672668 0.01870907390084192 0.031096563011456635
1 0.3830682881197381 0.19967266775777415 0.015902712815715647 0.029459901800327343
1 0.41347053320860616 0.2225859247135843 0.0168381665107577 0.039279869067103124
1 0.4069223573433115 0.2782324058919804 0.028063610851262855 0.05237315875613752
1 0.44013096351730585 0.22504091653027825 0.01777362020579981 0.047463175122749585
1 0.430776426566885 0.18985270049099834 0.01777362020579981 0.03273322422258593
1 0.412067352666043 0.17266775777414076 0.01590271281571559 0.031096563011456635
1 0.45088868101029 0.18821603927986907 0.0168381665107577 0.03273322422258593
1 0.46866230121608976 0.18576104746317512 0.01870907390084192 0.037643207855973804
1 0.4518241347053321 0.14893617021276595 0.0168381665107577 0.02618657937806873
1 0.4724041159962582 0.14484451718494273 0.014967259120673537 0.031096563011456607
1 0.48316183348924224 0.15875613747954173 0.01590271281571559 0.029459901800327315
1 0.4733395696913003 0.2332242225859247 0.02057998129092614 0.04418985270049097
1 0.4915809167446211 0.20049099836333878 0.01777362020579981 0.040916530278232416
1 0.5121608980355472 0.16202945990180034 0.015902712815715647 0.029459901800327343
1 0.4845650140318054 0.1309328968903437 0.011225444340505153 0.02291325695581016
1 0.5341440598690365 0.14157119476268412 0.013096351730589317 0.02782324058919805
1 0.5551917680074836 0.15220949263502453 0.015902712815715647 0.03273322422258593
1 0.569223573433115 0.1595744680851064 0.017773620205799756 0.040916530278232416
1 0.5603367633302152 0.11211129296235678 0.013096351730589428 0.027823240589198037
1 0.5884003741814781 0.11947626841243864 0.013096351730589317 0.02291325695581016
1 0.5846585594013096 0.13747954173486088 0.013096351730589317 0.029459901800327343
1 0.6108512628624883 0.15630114566284778 0.018709073900841866 0.03436988543371522
1 0.6071094480823199 0.13502454991816693 0.014967259120673537 0.027823240589198023
1 0.5916744621141253 0.09983633387888707 0.014031805425631427 0.02945990180032733
1 0.6178671655753041 0.11620294599018004 0.012160898035547318 0.02618657937806876
1 0.6389148737137511 0.11129296235679215 0.013096351730589428 0.02945990180032733
1 0.6492048643592142 0.11620294599018004 0.013096351730589317 0.02618657937806876
1 0.6749298409728719 0.11620294599018004 0.014031805425631538 0.029459901800327343
1 0.6987839101964453 0.09819967266775778 0.016838166510757757 0.03273322422258591
1 0.4822263797942002 0.3060556464811784 0.027128157156220745 0.05891980360065463
1 0.5318054256314313 0.20785597381342064 0.023386342376052416 0.039279869067103096
1 0.539756782039289 0.30114566284779054 0.026192703461178746 0.058919803600654685
1 0.5659494855004676 0.2528641571194763 0.022450888681010306 0.04418985270049097
1 0.607577174929841 0.2520458265139116 0.023386342376052305 0.049099836333878905
1 0.5996258185219832 0.3338788870703764 0.029934518241347075 0.06546644844517185
1 0.6800748362956034 0.3240589198036007 0.029934518241347075 0.058919803600654685
1 0.6580916744621141 0.2692307692307693 0.023386342376052305 0.04746317512274961
1 0.6216089803554724 0.20867430441898527 0.023386342376052305 0.04746317512274961
1 0.656688493919551 0.20376432078559736 0.026192703461178635 0.047463175122749585
1 0.6506080449017774 0.17430441898527005 0.017773620205799867 0.04091653027823239
1 0.6833489242282507 0.1563011456628478 0.019644527595883976 0.03764320785597383
1 0.6931711880261927 0.17757774140752863 0.020579981290926197 0.040916530278232416
1 0.6987839101964453 0.21358428805237317 0.024321796071094415 0.05073649754500817
1 0.7231057062675398 0.2675941080196399 0.031805425631431294 0.06055646481178395
1 0.7488306828811974 0.23567921440261866 0.027128157156220745 0.058919803600654685
1 0.784845650140318 0.2905073649754501 0.026192703461178635 0.06382978723404253
1 0.813844714686623 0.22176759410801963 0.026192703461178635 0.05400981996726678
1 0.7315247895229187 0.20049099836333878 0.018709073900841866 0.044189852700491
1 0.7118802619270346 0.13666121112929625 0.016838166510757646 0.03764320785597382
1 0.7310570626753976 0.15711947626841244 0.019644527595883976 0.03600654664484454
1 0.7343311506080449 0.12193126022913256 0.014967259120673537 0.027823240589198037
1 0.7511693171188026 0.11702127659574468 0.014967259120673537 0.02782324058919805
1 0.7492984097287184 0.14893617021276595 0.016838166510757757 0.039279869067103096
1 0.7609915809167447 0.16202945990180034 0.017773620205799756 0.03600654664484451
1 0.7670720299345183 0.12847790507364976 0.013096351730589317 0.031096563011456635
1 0.7829747427502338 0.11538461538461539 0.013096351730589317 0.031096563011456635
1 0.7965388213283442 0.13502454991816693 0.012160898035547318 0.03109656301145662
1 0.7965388213283442 0.17594108019639934 0.019644527595883976 0.037643207855973804
1 0.813844714686623 0.16612111292962356 0.016838166510757757 0.037643207855973804
1 0.8260056127221702 0.13338788870703763 0.016838166510757646 0.034369885433715205
1 0.8124415341440598 0.12520458265139117 0.015902712815715647 0.03436988543371523
1 0.8437792329279701 0.18821603927986907 0.020579981290926086 0.04255319148936171
1 0.8713751169317119 0.2225859247135843 0.019644527595884087 0.039279869067103124
1 0.9186155285313377 0.2815057283142389 0.028063610851262855 0.055646481178396046
1 0.8905519176800749 0.1890343698854337 0.016838166510757646 0.037643207855973804
1 0.8699719363891487 0.1669394435351882 0.018709073900841866 0.03600654664484451
1 0.8554724041159962 0.15711947626841244 0.014031805425631427 0.0327332242225859
1 0.8610851262862488 0.13502454991816693 0.014031805425631427 0.027823240589198023
1 0.8676333021515436 0.12438625204582651 0.014031805425631427 0.02618657937806873
1 0.8877455565949486 0.15057283142389527 0.014967259120673537 0.02618657937806876
1 0.8971000935453695 0.12929623567921442 0.011225444340505208 0.026186579378068744
1 0.9232927970065482 0.20049099836333878 0.013096351730589317 0.040916530278232416
1 0.9275023386342376 0.1718494271685761 0.012160898035547207 0.022913256955810146
1 0.9265668849391955 0.15548281505728315 0.010289990645463098 0.022913256955810146
