1 0.0551436515291937 0.3910569105691057 0.02687673772011122 0.06016260162601628
1 0.24559777571825764 0.2788617886178862 0.020389249304911927 0.03089430894308942
1 0.29240037071362374 0.275609756097561 0.017608897126969447 0.04715447154471547
1 0.2974976830398517 0.24065040650406505 0.02224281742354034 0.042276422764227634
1 0.36051899907321594 0.25691056910569104 0.022242817423540284 0.03577235772357723
1 0.39666357738646896 0.26504065040650404 0.016682113067655213 0.039024390243902446
1 0.38229842446709916 0.22601626016260162 0.017608897126969447 0.03252032520325204
1 0.3716404077849861 0.191869918699187 0.020389249304911983 0.03577235772357723
1 0.3962001853568119 0.1951219512195122 0.015755329008341035 0.03252032520325204
1 0.4054680259499537 0.17886178861788618 0.01946246524559775 0.03902439024390242
1 0.41936978683966636 0.17398373983739837 0.01575532900834109 0.03902439024390242
1 0.42910101946246526 0.16585365853658537 0.018535681186283626 0.03252032520325204
1 0.44300278035217794 0.22439024390243903 0.02409638554216864 0.04552845528455285
1 0.47544022242817424 0.21788617886178863 0.022242817423540284 0.042276422764227634
1 0.448563484708063 0.18536585365853658 0.020389249304911927 0.04227642276422766
1 0.4675625579240037 0.183739837398374 0.01575532900834109 0.03577235772357723
1 0.48146431881371643 0.16341463414634144 0.013901760889712678 0.03414634146341464
1 0.4712696941612604 0.14227642276422764 0.01204819277108432 0.03414634146341464
1 0.4865616311399444 0.14796747967479673 0.0129749768303985 0.029268292682926828
1 0.4907321594068582 0.1951219512195122 0.01946246524559775 0.039024390243902446
1 0.5273401297497683 0.1943089430894309 0.01853568118628357 0.04065040650406504
1 0.5134383688600557 0.16016260162601625 0.016682113067655213 0.03089430894308942
1 0.5037071362372567 0.14390243902439026 0.015755329008341035 0.027642276422764206
1 0.520389249304912 0.13739837398373983 0.012048192771084376 0.02439024390243902
1 0.5398517145505097 0.17398373983739837 0.013901760889712733 0.03252032520325204
1 0.561631139944393 0.17073170731707316 0.022242817423540284 0.03577235772357726
1 0.546339202965709 0.13008130081300812 0.013901760889712622 0.03252032520325203
1 0.561631139944393 0.11951219512195121 0.01853568118628357 0.03414634146341465
1 0.5843373493975903 0.13821138211382114 0.01575532900834109 0.03252032520325204
1 0.5838739573679332 0.1146341463414634 0.014828544949026856 0.024390243902439032
1 0.5945319740500463 0.1016260162601626 0.012048192771084376 0.027642276422764234
1 0.6088971269694161 0.13821138211382114 0.01853568118628357 0.03577235772357723
1 0.6149212233549584 0.10487804878048781 0.012048192771084376 0.021138211382113817
1 0.6214087117701576 0.13008130081300814 0.01575532900834098 0.035772357723577244
1 0.6408711770157554 0.1032520325203252 0.017608897126969447 0.030894308943089435
1 0.6408711770157554 0.1252032520325203 0.012048192771084376 0.032520325203252015
1 0.6584800741427248 0.13333333333333333 0.013901760889712622 0.03252032520325203
1 0.6510658016682114 0.16666666666666666 0.019462465245597804 0.04065040650406504
1 0.6654309545875811 0.10975609756097562 0.014828544949026856 0.030894308943089435
1 0.6997219647822057 0.1 0.016682113067655213 0.030894308943089435
1 0.5074142724745134 0.291869918699187 0.026876737720111288 0.06341463414634141
1 0.5625579240037071 0.2975609756097561 0.027803521779425355 0.05528455284552847
1 0.5773864689527339 0.23414634146341462 0.02409638554216864 0.04552845528455282
1 0.6190917516218721 0.2552845528455284 0.029657089898053712 0.05528455284552844
1 0.6302131603336423 0.29349593495934956 0.027803521779425466 0.05691056910569109
1 0.6946246524559778 0.3097560975609756 0.04170528266913809 0.07967479674796751
1 0.7414272474513438 0.3414634146341463 0.033364226135310426 0.07804878048780489
1 0.7326227988878591 0.25691056910569104 0.025023169601482764 0.05528455284552844
1 0.6997219647822057 0.2268292682926829 0.03151065801668207 0.05040650406504063
1 0.6765523632993513 0.17642276422764228 0.016682113067655213 0.03739837398373985
1 0.6566265060240963 0.2113821138211382 0.025023169601482764 0.042276422764227634
1 0.6265060240963856 0.2 0.020389249304911927 0.04552845528455285
1 0.7048192771084337 0.17317073170731706 0.017608897126969447 0.04715447154471544
1 0.7215013901760889 0.16422764227642278 0.019462465245597804 0.03577235772357726
1 0.7261353104726599 0.1975609756097561 0.02131603336422616 0.05040650406504066
1 0.752085264133457 0.2146341463414634 0.023169601482854518 0.04878048780487804
1 0.7775718257645969 0.2032520325203252 0.020389249304911927 0.042276422764227634
1 0.7766450417052826 0.16341463414634147 0.016682113067655213 0.03739837398373985
1 0.747914735866543 0.14308943089430895 0.016682113067655213 0.03577235772357723
1 0.76274328081557 0.13089430894308943 0.014828544949026856 0.03739837398373984
1 0.7344763670064876 0.10975609756097562 0.017608897126969336 0.040650406504065054
1 0.7863762743280815 0.27235772357723576 0.023169601482854407 0.053658536585365874
1 0.8063021316033364 0.3406504065040651 0.03707136237256714 0.07317073170731708
1 0.8373493975903614 0.283739837398374 0.025023169601482875 0.05691056910569103
1 0.8934198331788693 0.35609756097560974 0.03892493049119561 0.07154471544715446
1 0.911955514365153 0.29349593495934956 0.022242817423540395 0.06341463414634146
1 0.9091751621872104 0.26422764227642276 0.020389249304911927 0.047154471544715415
1 0.9253938832252084 0.24552845528455286 0.01575532900834109 0.042276422764227634
1 0.9156626506024097 0.21707317073170732 0.01853568118628368 0.05040650406504066
1 0.865616311399444 0.25853658536585367 0.02409638554216864 0.04878048780487801
1 0.8109360518999074 0.23902439024390243 0.02409638554216864 0.052032520325203224
1 0.819740500463392 0.18699186991869918 0.023169601482854518 0.04552845528455285
1 0.8758109360519 0.2056910569105691 0.01853568118628368 0.04065040650406504
1 0.8836886005560705 0.17317073170731706 0.013901760889712733 0.03414634146341464
1 0.8948100092678406 0.14390243902439026 0.013901760889712733 0.03089430894308945
1 0.9249304911955514 0.16178861788617888 0.011121408711770253 0.02439024390243902
1 0.8549582947173309 0.13983739837398373 0.013901760889712733 0.029268292682926828
1 0.8591288229842446 0.1772357723577236 0.016682113067655213 0.042276422764227634
1 0.8109360518999074 0.14390243902439023 0.01853568118628357 0.040650406504065026
1 0.8280815569972196 0.13577235772357724 0.01575532900834098 0.03739837398373984
1 0.8382761816496755 0.13902439024390245 0.012048192771084376 0.027642276422764206
