1 0.2784688995215311 0.2571669477234401 0.015311004784688997 0.028667790893760564
1 0.2937799043062201 0.26812816188870153 0.017224880382775143 0.030354131534570006
1 0.37177033492822964 0.26475548060708265 0.014354066985645952 0.03709949409780777
1 0.3602870813397129 0.22259696458684652 0.014354066985645952 0.030354131534569978
1 0.36602870813397126 0.19983136593591905 0.016267942583732042 0.028667790893760536
1 0.40717703349282297 0.22934232715008435 0.02392344497607657 0.0573355817875211
1 0.44066985645933016 0.22934232715008432 0.018181818181818188 0.040472175379426656
1 0.4660287081339713 0.23102866779089376 0.017224880382775143 0.03709949409780777
1 0.4449760765550239 0.1897133220910624 0.011483253588516762 0.03204047217537942
1 0.4090909090909091 0.1736930860033727 0.012440191387559807 0.020236087689713328
1 0.3971291866028708 0.19730185497470487 0.013397129186602907 0.03372681281618886
1 0.46220095693779906 0.15767284991568298 0.013397129186602852 0.025295109612141653
1 0.4650717703349282 0.193929173693086 0.015311004784688997 0.02360876897133221
1 0.5181818181818182 0.19983136593591905 0.02009569377990439 0.03204047217537942
1 0.4856459330143541 0.20404721753794267 0.014354066985645952 0.03372681281618889
1 0.4880382775119617 0.16947723440134907 0.015311004784688997 0.028667790893760536
1 0.5033492822966508 0.13237774030354132 0.009569377990430561 0.025295109612141667
1 0.5401913875598087 0.13406408094435077 0.012440191387559807 0.02192242833052277
1 0.5511961722488038 0.12647554806070826 0.011483253588516762 0.023608768971332197
1 0.5617224880382775 0.13659359190556492 0.011483253588516762 0.026981450252951095
1 0.5851674641148326 0.1711635750421585 0.014354066985645897 0.028667790893760536
1 0.5387559808612441 0.19139966273187184 0.015311004784689053 0.02192242833052277
1 0.5244019138755981 0.1711635750421585 0.011483253588516762 0.02192242833052277
1 0.5990430622009569 0.16020236087689715 0.013397129186602852 0.026981450252951095
1 0.5794258373205742 0.14165261382799327 0.012440191387559807 0.026981450252951095
1 0.5837320574162679 0.12478920741989882 0.013397129186602963 0.02698145025295108
1 0.5923444976076555 0.10370994940978077 0.011483253588516762 0.02192242833052277
1 0.6062200956937799 0.11467116357504216 0.012440191387559807 0.02360876897133221
1 0.6377990430622009 0.10708263069139966 0.010526315789473717 0.02192242833052277
1 0.6382775119617224 0.13659359190556492 0.011483253588516762 0.02360876897133221
1 0.6483253588516746 0.13659359190556492 0.012440191387559807 0.02360876897133221
1 0.6645933014354067 0.1163575042158516 0.012440191387559807 0.026981450252951095
1 0.6956937799043063 0.10708263069139966 0.011483253588516762 0.028667790893760536
1 0.6133971291866029 0.21922428330522764 0.019138755980861233 0.037099494097807745
1 0.5220095693779905 0.28077571669477236 0.020095693779904278 0.04553119730185495
1 0.5583732057416269 0.2588532883642496 0.018181818181818188 0.0354131534569983
1 0.5607655502392345 0.30101180438448566 0.021052631578947434 0.042158516020236125
1 0.6014354066985645 0.3313659359190556 0.02392344497607657 0.052276559865092775
1 0.6090909090909091 0.26391231028667794 0.020095693779904278 0.04553119730185501
1 0.6703349282296651 0.21079258010118043 0.016267942583732098 0.03709949409780777
1 0.6535885167464115 0.1753794266441821 0.015311004784688942 0.03372681281618886
1 0.6712918660287082 0.16694772344013492 0.012440191387559807 0.030354131534569978
1 0.6856459330143541 0.18381112984822934 0.014354066985645897 0.030354131534569978
1 0.692822966507177 0.23018549747048905 0.019138755980861233 0.03541315345699833
1 0.6775119617224881 0.3077571669477234 0.028708133971291905 0.04553119730185495
1 0.7430622009569379 0.35497470489038785 0.03157894736842104 0.062394603709949426
1 0.7856459330143541 0.39376053962900504 0.028708133971291905 0.07588532883642496
1 0.8875598086124402 0.3608768971332209 0.02775119617224875 0.0708263069139966
1 0.9066985645933014 0.30101180438448566 0.02200956937799048 0.05902192242833049
1 0.9066985645933014 0.260539629005059 0.018181818181818188 0.03204047217537939
1 0.9167464114832535 0.23355817875210794 0.017224880382775143 0.04553119730185498
1 0.9129186602870814 0.20404721753794267 0.017224880382775143 0.040472175379426656
1 0.9172248803827752 0.15851602023608768 0.012440191387559807 0.026981450252951095
1 0.8110047846889952 0.3136593591905565 0.02583732057416266 0.050590219224283306
1 0.762200956937799 0.27318718381112983 0.023923444976076458 0.05059021922428328
1 0.7239234449760765 0.25463743676222594 0.02392344497607657 0.04721753794266442
1 0.7220095693779904 0.19983136593591905 0.02009569377990439 0.0354131534569983
1 0.7602870813397129 0.21585160202360876 0.018181818181818188 0.04384485666104551
1 0.7755980861244018 0.20320404721753793 0.014354066985646008 0.03204047217537945
1 0.7980861244019138 0.24198988195615517 0.022966507177033524 0.038785834738617214
1 0.8157894736842105 0.209106239460371 0.016267942583731987 0.03372681281618889
1 0.8674641148325359 0.209106239460371 0.014354066985646008 0.03709949409780777
1 0.8617224880382774 0.25463743676222594 0.018181818181818188 0.04721753794266442
1 0.8885167464114833 0.1854974704890388 0.014354066985645897 0.03372681281618886
1 0.8813397129186603 0.16863406408094433 0.013397129186602852 0.026981450252951095
1 0.8885167464114833 0.1475548060708263 0.016267942583731987 0.03204047217537942
1 0.8483253588516746 0.16694772344013492 0.012440191387559807 0.026981450252951095
1 0.8531100478468899 0.13659359190556492 0.012440191387559807 0.02360876897133221
1 0.8210526315789474 0.14333895446880268 0.013397129186602852 0.02360876897133221
1 0.8258373205741627 0.12731871838111297 0.011483253588516762 0.021922428330522756
1 0.7918660287081339 0.15851602023608768 0.014354066985645897 0.030354131534569978
1 0.7727272727272727 0.16694772344013492 0.014354066985645897 0.030354131534569978
1 0.7430622009569379 0.1543001686340641 0.014354066985646008 0.028667790893760564
1 0.7593301435406699 0.1315345699831366 0.012440191387559807 0.02698145025295111
1 0.7354066985645933 0.12141652613827993 0.014354066985645897 0.026981450252951095
