1 0.8113374667847653 0.32839313572542905 0.03897254207263068 0.08892355694227766
1 0.6129317980513729 0.10920436817472698 0.01594331266607618 0.028081123244929798
1 0.5589016829052259 0.12012480499219969 0.01594331266607618 0.0249609984399376
1 0.7050487156775909 0.12714508580343215 0.010628875110717417 0.020280811232449306
1 0.7590788308237378 0.13260530421216848 0.01417183348095663 0.0249609984399376
1 0.7953941541186891 0.1357254290171607 0.01594331266607618 0.024960998439937612
1 0.8542958370239149 0.15210608424336974 0.015057573073516406 0.035881435257410305
1 0.879096545615589 0.1591263650546022 0.015057573073516406 0.034321372854914184
1 0.7480070859167405 0.1435257410296412 0.01860053144375562 0.028081123244929784
1 0.7772364924712134 0.14274570982839313 0.016829052258635957 0.029641185647425905
1 0.8064658990256864 0.16068642745709827 0.02037201062887517 0.028081123244929812
1 0.8232949512843224 0.16146645865834636 0.015057573073516406 0.02652106084243369
1 0.9105403011514615 0.18096723868954756 0.019486271036315284 0.031201248049921998
1 0.49557130203720107 0.13494539781591264 0.013286093888396855 0.02340093603744149
1 0.5203720106288752 0.13884555382215288 0.018600531443755508 0.021840873634945412
1 0.5469441984056687 0.14508580343213728 0.018600531443755508 0.0187207488299532
1 0.5779450841452614 0.1341653666146646 0.018600531443755508 0.031201248049921998
1 0.596102745792737 0.1435257410296412 0.023029229406554497 0.028081123244929784
1 0.6510186005314438 0.1419656786271451 0.017714791851195733 0.034321372854914184
1 0.6634189548272807 0.12792511700468018 0.01594331266607618 0.024960998439937584
1 0.6873339238263951 0.18174726989079565 0.024800708591674048 0.042121684867394676
1 0.7112488928255093 0.1544461778471139 0.019486271036315284 0.028081123244929812
1 0.45792736935341005 0.15288611544461778 0.012400354295837024 0.0249609984399376
1 0.4813994685562445 0.16146645865834633 0.018600531443755564 0.029641185647425905
1 0.5212577502214348 0.17550702028081122 0.018600531443755508 0.03900156006240249
1 0.5770593445527015 0.19032761310452417 0.02214348981399472 0.028081123244929784
1 0.43224092116917623 0.17316692667706707 0.017714791851195788 0.031201248049921998
1 0.3755535872453498 0.18954758190327614 0.02125775022143489 0.029641185647425877
1 0.4145261293179805 0.18252730109204368 0.02302922940655444 0.0374414976599064
1 0.46767050487156775 0.21528861154446177 0.023029229406554497 0.031201248049921998
1 0.49822852081488045 0.2043681747269891 0.02214348981399472 0.034321372854914184
1 0.354295837023915 0.20358814352574103 0.02125775022143489 0.03588143525741028
1 0.31886625332152346 0.20748829953198128 0.023029229406554497 0.0374414976599064
1 0.6262178919397696 0.21450858034321374 0.024800708591674048 0.04524180967238689
1 0.6554472984942428 0.19812792511700467 0.023029229406554497 0.04056162246489861
1 0.6527900797165633 0.23790951638065522 0.030115146147032812 0.0546021840873635
1 0.7147918511957485 0.18798751950078002 0.019486271036315395 0.03900156006240249
1 0.7311780336581045 0.17862714508580343 0.015057573073516295 0.03900156006240252
1 0.7652790079716563 0.18876755070202808 0.023029229406554497 0.0374414976599064
1 0.7223206377325067 0.22386895475819032 0.02214348981399472 0.042121684867394704
1 0.7887511071744907 0.2043681747269891 0.015057573073516295 0.03744149765990637
1 0.8268379096545615 0.18486739469578783 0.015057573073516406 0.03276131045241809
1 0.9348981399468557 0.17628705148205928 0.016829052258635957 0.028081123244929784
1 0.9340124003542958 0.22854914196567863 0.016829052258635957 0.042121684867394704
1 0.8578387953941542 0.21060842433697347 0.016829052258635957 0.034321372854914184
1 0.8795394154118689 0.23322932917316694 0.01594331266607618 0.05148205928237132
1 0.9149689991142604 0.25117004680187205 0.021257750221434946 0.0436817472698908
1 0.870239149689991 0.27769110764430577 0.018600531443755508 0.03432137285491421
1 0.4477413640389725 0.24882995319812792 0.023914968999114272 0.03276131045241809
1 0.5540301151461471 0.2823712948517941 0.025686448184233934 0.040561622464898583
1 0.533215234720992 0.22542901716068642 0.023029229406554497 0.03900156006240249
1 0.6235606731620904 0.17628705148205928 0.024800708591674048 0.0249609984399376
1 0.6244464127546501 0.15600624024961 0.024800708591674048 0.021840873634945412
1 0.5659875996457042 0.15600624024961 0.0265721877767936 0.0249609984399376
1 0.537643932683791 0.18954758190327614 0.019486271036315284 0.029641185647425877
1 0.4446412754650133 0.21060842433697347 0.02125775022143489 0.03744149765990637
