1 0.9650000000000001 0.7213855421686747 0.06999999999999995 0.12349397590361444
1 0.854 0.7183734939759037 0.07200000000000006 0.13554216867469882
1 0.7050000000000001 0.6656626506024097 0.06599999999999995 0.12048192771084343
1 0.581 0.6445783132530121 0.061999999999999944 0.11445783132530118
1 0.44 0.6174698795180723 0.06799999999999995 0.12048192771084332
1 0.359 0.677710843373494 0.07400000000000001 0.11445783132530118
1 0.157 0.6506024096385542 0.07 0.12048192771084332
1 0.07100000000000001 0.5436746987951808 0.054000000000000006 0.08132530120481929
1 0.023999999999999997 0.47590361445783136 0.039999999999999994 0.07228915662650609
1 0.087 0.4743975903614458 0.041999999999999996 0.06325301204819272
1 0.076 0.42771084337349397 0.044000000000000004 0.04819277108433734
1 0.033 0.42168674698795183 0.030000000000000002 0.05421686746987947
1 0.113 0.4246987951807229 0.03 0.06024096385542166
1 0.15000000000000002 0.4743975903614458 0.04000000000000001 0.08132530120481923
1 0.173 0.4307228915662651 0.04600000000000001 0.04819277108433734
1 0.19 0.49096385542168675 0.032 0.07228915662650603
1 0.23099999999999998 0.5 0.05000000000000002 0.07831325301204822
1 0.22799999999999998 0.43975903614457834 0.032 0.05421686746987947
1 0.28800000000000003 0.4307228915662651 0.035999999999999976 0.060240963855421714
1 0.345 0.5060240963855421 0.04199999999999998 0.07228915662650598
1 0.346 0.4442771084337349 0.03199999999999997 0.06325301204819272
1 0.4 0.4593373493975904 0.043999999999999984 0.0753012048192771
1 0.443 0.5 0.038000000000000034 0.060240963855421714
1 0.514 0.4969879518072289 0.040000000000000036 0.07228915662650598
1 0.537 0.463855421686747 0.038000000000000034 0.06626506024096385
1 0.588 0.5331325301204819 0.04400000000000004 0.07831325301204822
1 0.605 0.4743975903614458 0.03400000000000003 0.06927710843373497
1 0.658 0.4789156626506024 0.03600000000000003 0.0662650602409639
1 0.6890000000000001 0.5331325301204819 0.04599999999999993 0.09036144578313249
1 0.772 0.5617469879518072 0.05600000000000005 0.08734939759036142
1 0.756 0.4759036144578313 0.03600000000000003 0.06024096385542166
1 0.8200000000000001 0.4849397590361446 0.03199999999999992 0.05421686746987958
1 0.87 0.5256024096385542 0.040000000000000036 0.06927710843373491
1 0.91 0.5135542168674699 0.040000000000000036 0.06927710843373497
1 0.964 0.5572289156626506 0.04800000000000004 0.07831325301204817
1 0.9359999999999999 0.30873493975903615 0.03199999999999992 0.051204819277108404
1 0.904 0.3117469879518072 0.03200000000000003 0.051204819277108404
1 0.886 0.3042168674698795 0.02400000000000002 0.04216867469879515
1 0.858 0.3117469879518072 0.028000000000000025 0.04518072289156627
1 0.8240000000000001 0.3012048192771084 0.02399999999999991 0.042168674698795205
1 0.789 0.3072289156626506 0.026000000000000023 0.04216867469879515
1 0.775 0.28463855421686746 0.026000000000000023 0.039156626506024084
1 0.8069999999999999 0.2786144578313253 0.017999999999999905 0.03313253012048195
1 0.852 0.2756024096385542 0.020000000000000018 0.039156626506024084
1 0.837 0.1822289156626506 0.02200000000000002 0.03915662650602411
1 0.808 0.1686746987951807 0.019999999999999907 0.04216867469879518
1 0.772 0.17319277108433734 0.028000000000000025 0.045180722891566244
1 0.748 0.13855421686746988 0.020000000000000018 0.030120481927710843
1 0.73 0.16566265060240964 0.020000000000000018 0.03614457831325302
1 0.715 0.17018072289156627 0.018000000000000016 0.027108433734939763
1 0.692 0.16566265060240964 0.019999999999999907 0.03614457831325302
1 0.668 0.17319277108433734 0.020000000000000018 0.03313253012048192
1 0.655 0.1746987951807229 0.018000000000000016 0.03614457831325302
1 0.628 0.17018072289156627 0.016000000000000014 0.04518072289156627
1 0.615 0.17018072289156627 0.018000000000000016 0.03313253012048192
1 0.579 0.17319277108433734 0.014000000000000012 0.03313253012048192
1 0.558 0.17620481927710843 0.019999999999999907 0.027108433734939763
1 0.515 0.1490963855421687 0.02200000000000002 0.03313253012048192
1 0.498 0.1671686746987952 0.020000000000000018 0.03313253012048192
1 0.474 0.1671686746987952 0.01599999999999996 0.03313253012048192
1 0.736 0.3042168674698795 0.02400000000000002 0.054216867469879526
1 0.749 0.2605421686746988 0.018000000000000016 0.039156626506024084
1 0.711 0.2876506024096386 0.02200000000000002 0.039156626506024084
1 0.692 0.2816265060240964 0.02399999999999991 0.03915662650602414
1 0.67 0.2876506024096386 0.02400000000000002 0.04518072289156627
1 0.652 0.2756024096385542 0.020000000000000018 0.039156626506024084
1 0.626 0.286144578313253 0.02400000000000002 0.03614457831325302
1 0.621 0.2545180722891566 0.02200000000000002 0.03313253012048192
1 0.606 0.2816265060240964 0.016000000000000014 0.03915662650602414
1 0.578 0.26656626506024095 0.020000000000000018 0.03915662650602411
1 0.5589999999999999 0.27259036144578314 0.02199999999999991 0.027108433734939763
1 0.508 0.28915662650602414 0.02400000000000002 0.042168674698795205
1 0.528 0.286144578313253 0.02400000000000002 0.04216867469879515
1 0.502 0.2620481927710843 0.020000000000000018 0.03614457831325299
1 0.478 0.2710843373493976 0.019999999999999962 0.03614457831325302
1 0.46299999999999997 0.3042168674698795 0.025999999999999968 0.04216867469879515
1 0.435 0.2891566265060241 0.026000000000000023 0.03614457831325302
1 0.441 0.2530120481927711 0.026000000000000023 0.042168674698795205
1 0.40900000000000003 0.26957831325301207 0.021999999999999964 0.03313253012048195
1 0.375 0.26957831325301207 0.02200000000000002 0.039156626506024084
1 0.35 0.26957831325301207 0.023999999999999966 0.0451807228915663
1 0.327 0.286144578313253 0.02200000000000002 0.04216867469879515
1 0.22599999999999998 0.29216867469879515 0.036000000000000004 0.042168674698795205
1 0.199 0.2710843373493976 0.034 0.048192771084337366
1 0.15100000000000002 0.29518072289156627 0.025999999999999995 0.04819277108433734
1 0.115 0.29518072289156627 0.03 0.04216867469879515
1 0.126 0.26957831325301207 0.024000000000000007 0.0451807228915663
1 0.087 0.2786144578313253 0.02600000000000001 0.03313253012048195
1 0.064 0.29066265060240964 0.024 0.03915662650602414
1 0.046 0.2740963855421687 0.024 0.03614457831325302
1 0.060000000000000005 0.2439759036144578 0.020000000000000004 0.030120481927710857
1 0.027 0.2620481927710843 0.022 0.030120481927710857
1 0.014 0.2996987951807229 0.024 0.051204819277108404
1 0.075 0.1671686746987952 0.021999999999999992 0.03313253012048192
1 0.119 0.1822289156626506 0.022000000000000006 0.03313253012048192
1 0.156 0.17319277108433734 0.02400000000000002 0.03915662650602411
1 0.178 0.1746987951807229 0.01999999999999999 0.03614457831325302
1 0.194 0.17018072289156627 0.016000000000000014 0.027108433734939763
1 0.21100000000000002 0.17319277108433734 0.017999999999999988 0.03915662650602411
1 0.239 0.1716867469879518 0.021999999999999992 0.03012048192771083
1 0.27 0.1716867469879518 0.016000000000000014 0.03614457831325302
1 0.28600000000000003 0.17319277108433734 0.023999999999999966 0.03915662650602411
1 0.33 0.1686746987951807 0.016000000000000014 0.030120481927710857
1 0.366 0.1686746987951807 0.020000000000000018 0.030120481927710857
1 0.349 0.17921686746987953 0.013999999999999957 0.03313253012048192
1 0.314 0.16566265060240964 0.016000000000000014 0.03012048192771083
1 0.406 0.15512048192771083 0.019999999999999962 0.03313253012048192
1 0.437 0.1716867469879518 0.02200000000000002 0.03614457831325302
