1 0.2024793388429752 0.2409090909090909 0.05123966942148761 0.09393939393939396
1 0.34628099173553717 0.23787878787878788 0.0347107438016529 0.07575757575757575
1 0.4247933884297521 0.2181818181818182 0.049586776859504134 0.09696969696969696
1 0.515702479338843 0.23030303030303031 0.03636363636363632 0.0787878787878788
1 0.5925619834710744 0.1984848484848485 0.06776859504132227 0.11818181818181817
1 0.5380165289256198 0.2196969696969697 0.024793388429752095 0.05757575757575756
1 0.6743801652892563 0.19696969696969696 0.046280991735537236 0.10303030303030303
1 0.7570247933884298 0.19999999999999998 0.056198347107438096 0.10909090909090907
1 0.8314049586776859 0.13333333333333336 0.09256198347107436 0.17575757575757578
1 0.731404958677686 0.2 0.028099173553719048 0.07272727272727272
1 0.9239669421487603 0.19545454545454544 0.036363636363636376 0.08181818181818182
