1 0.8493055555555555 0.7527777777777778 0.13055555555555554 0.19074074074074066
1 0.9291666666666667 0.5175925925925926 0.07222222222222219 0.1296296296296296
1 0.9520833333333334 0.4291666666666667 0.04861111111111105 0.06574074074074071
1 0.9361111111111111 0.39537037037037037 0.03750000000000009 0.051851851851851816
1 0.8128472222222223 0.3949074074074074 0.02847222222222212 0.04537037037037034
1 0.7461805555555556 0.4458333333333333 0.039583333333333415 0.06388888888888894
1 0.7444444444444445 0.4115740740740741 0.02777777777777779 0.037962962962962976
1 0.6979166666666667 0.3759259259259259 0.023611111111111138 0.04444444444444445
1 0.6552083333333334 0.30046296296296293 0.025694444444444353 0.03611111111111115
1 0.6024305555555556 0.45138888888888884 0.039583333333333304 0.07500000000000001
1 0.5329861111111112 0.5092592592592593 0.053472222222222254 0.0888888888888889
1 0.26493055555555556 0.6027777777777779 0.08958333333333335 0.1444444444444445
1 0.03576388888888889 0.5685185185185185 0.06458333333333333 0.12777777777777777
1 0.024305555555555556 0.4393518518518519 0.043055555555555555 0.08055555555555555
1 0.06423611111111112 0.39722222222222225 0.03263888888888889 0.046296296296296335
1 0.16145833333333331 0.4 0.03819444444444445 0.061111111111111116
1 0.20902777777777778 0.38333333333333336 0.030555555555555558 0.040740740740740744
1 0.28923611111111114 0.39537037037037037 0.028472222222222177 0.03888888888888886
1 0.3177083333333333 0.4194444444444444 0.029861111111111116 0.05740740740740741
1 0.3038194444444444 0.36898148148148147 0.024305555555555525 0.0398148148148148
1 0.4013888888888889 0.4027777777777778 0.036111111111111094 0.04814814814814816
1 0.4003472222222222 0.3662037037037037 0.020138888888888873 0.028703703703703676
1 0.49722222222222223 0.3851851851851852 0.0222222222222222 0.03888888888888886
1 0.5086805555555556 0.3662037037037037 0.015972222222222276 0.03425925925925927
1 0.5715277777777779 0.3847222222222222 0.022222222222222254 0.041666666666666685
1 0.5954861111111112 0.41712962962962963 0.03125 0.04722222222222222
