1 0.3868120456905504 0.4121996303142329 0.04465212876427832 0.09242144177449163
1 0.2710280373831776 0.22181146025878 0.016614745586708224 0.03327171903881701
1 0.29439252336448596 0.21626617375231055 0.01765316718587745 0.03327171903881701
1 0.3265835929387331 0.2097966728280961 0.015576323987538943 0.03142329020332718
1 0.3442367601246106 0.16728280961182995 0.011422637590861873 0.027726432532347495
1 0.3489096573208723 0.20887245841035118 0.016614745586708224 0.029574861367837352
1 0.3670820353063344 0.2024029574861368 0.01349948078920038 0.027726432532347495
1 0.37175493250259606 0.22181146025878 0.01869158878504673 0.03696857670979667
1 0.3857736240913811 0.24306839186691315 0.019730010384215957 0.042513863216266184
1 0.3888888888888889 0.20332717190388172 0.017653167185877505 0.029574861367837352
1 0.3790238836967809 0.1635859519408503 0.012461059190031154 0.024029574861367836
1 0.40965732087227413 0.1589648798521257 0.013499480789200435 0.025878003696857693
1 0.4158878504672897 0.17929759704251386 0.01349948078920038 0.029574861367837324
1 0.4184839044652129 0.15157116451016636 0.010384215991692591 0.01848428835489835
1 0.44184839044652124 0.1423290203327172 0.013499480789200435 0.025878003696857665
1 0.4371754932502596 0.19408502772643255 0.016614745586708224 0.03327171903881701
1 0.46417445482866043 0.19500924214417745 0.01869158878504673 0.0388170055452865
1 0.44132917964693663 0.17744916820702403 0.012461059190031154 0.025878003696857665
1 0.440809968847352 0.2365988909426987 0.017653167185877505 0.03696857670979667
1 0.48130841121495327 0.12846580406654345 0.011422637590861928 0.024029574861367836
1 0.48494288681204567 0.14048059149722736 0.014537902388369661 0.025878003696857665
1 0.490134994807892 0.17190388170055454 0.014537902388369661 0.029574861367837352
1 0.49636552440290754 0.12014787430683918 0.010384215991692591 0.022181146025877993
1 0.5109034267912772 0.14417744916820702 0.012461059190031154 0.025878003696857665
1 0.5218068535825545 0.17190388170055454 0.01349948078920038 0.029574861367837352
1 0.5399792315680165 0.15711645101663585 0.014537902388369717 0.029574861367837352
1 0.5482866043613707 0.1266173752310536 0.012461059190031154 0.03142329020332717
1 0.5706126687435098 0.12846580406654345 0.013499480789200491 0.024029574861367836
1 0.5529595015576324 0.17837338262476893 0.017653167185877505 0.03142329020332715
1 0.5181723779854621 0.12846580406654345 0.010384215991692591 0.01663585951940852
1 0.5856697819314642 0.1589648798521257 0.01661474558670817 0.03327171903881701
1 0.5981308411214953 0.1487985212569316 0.012461059190031154 0.027726432532347522
1 0.618380062305296 0.133086876155268 0.015576323987538943 0.025878003696857665
1 0.59865005192108 0.13123844731977818 0.011422637590861817 0.022181146025878007
1 0.5939771547248183 0.11460258780036969 0.010384215991692702 0.014787430683918676
1 0.6292834890965733 0.10905730129390018 0.010384215991692591 0.018484288354898334
1 0.6370716510903427 0.10905730129390018 0.011422637590861928 0.02587800369685768
1 0.6464174454828661 0.10628465804066543 0.011422637590861928 0.027726432532347495
1 0.6526479750778816 0.13863216266173753 0.01349948078920038 0.029574861367837338
1 0.6412253374870197 0.15064695009242146 0.011422637590861928 0.027726432532347495
1 0.5924195223260644 0.2208872458410351 0.017653167185877394 0.03512014787430684
1 0.5955347871235721 0.21072088724584104 0.019730010384216068 0.025878003696857665
1 0.6365524402907581 0.24491682070240295 0.01869158878504673 0.03512014787430684
1 0.652128764278297 0.23844731977818853 0.01869158878504673 0.029574861367837324
1 0.661993769470405 0.17282809611829944 0.015576323987538943 0.03142329020332718
1 0.6853582554517135 0.10258780036968576 0.010384215991692591 0.020332717190388164
1 0.690031152647975 0.11922365988909427 0.015576323987538943 0.027726432532347495
1 0.7097611630321911 0.10720887245841035 0.01349948078920038 0.029574861367837338
1 0.7004153686396677 0.1756007393715342 0.015576323987538943 0.03327171903881698
1 0.717030114226376 0.17744916820702403 0.015576323987538943 0.029574861367837324
1 0.7341640706126688 0.1414048059149723 0.012461059190031154 0.027726432532347495
1 0.7440290758047767 0.15711645101663585 0.01349948078920038 0.03327171903881701
1 0.7538940809968848 0.1922365988909427 0.014537902388369717 0.03327171903881701
1 0.735202492211838 0.23105360443622922 0.01869158878504673 0.040665434380776355
1 0.6921079958463137 0.25046210720887246 0.019730010384216068 0.042513863216266184
1 0.6962616822429906 0.30591497227356745 0.028037383177570097 0.057301293900184846
1 0.7647975077881619 0.3419593345656192 0.028037383177570097 0.05914972273567465
1 0.7990654205607477 0.2837338262476895 0.023883696780893082 0.046210720887245815
1 0.8307372793354102 0.24399260628465802 0.01869158878504673 0.044362292051755986
1 0.7736240913811008 0.24306839186691312 0.022845275181723745 0.0388170055452865
1 0.8021806853582554 0.19963031423290203 0.015576323987538943 0.0369685767097967
1 0.7933541017653167 0.16173752310536044 0.010384215991692702 0.024029574861367836
1 0.7819314641744548 0.1210720887245841 0.010384215991692591 0.027726432532347495
1 0.8089304257528557 0.1321626617375231 0.010384215991692702 0.024029574861367836
1 0.8229491173416408 0.1321626617375231 0.009345794392523366 0.024029574861367836
1 0.8400830737279336 0.14972273567467653 0.012461059190031154 0.025878003696857665
1 0.8333333333333333 0.16635859519408502 0.011422637590861817 0.029574861367837324
1 0.8203530633437175 0.19870609981515713 0.014537902388369717 0.027726432532347495
1 0.8421599169262721 0.21534195933456562 0.01661474558670817 0.042513863216266184
1 0.8561786085150571 0.21164510166358594 0.015576323987538943 0.03512014787430684
1 0.8727933541017653 0.17837338262476893 0.01349948078920038 0.03142329020332715
1 0.8779854620976116 0.1598890942698706 0.011422637590861928 0.03142329020332718
1 0.8566978193146417 0.14695009242144177 0.010384215991692702 0.027726432532347522
1 0.9106957424714434 0.14417744916820702 0.012461059190031154 0.025878003696857665
1 0.9101765316718587 0.1645101663585952 0.011422637590861928 0.025878003696857665
1 0.9023883696780893 0.18022181146025879 0.012461059190031154 0.03142329020332718
1 0.9044652128764279 0.21256931608133087 0.014537902388369717 0.029574861367837324
1 0.8977154724818276 0.22735674676524953 0.017653167185877505 0.044362292051756014
1 0.9460020768431983 0.17467652495378927 0.010384215991692591 0.020332717190388178
1 0.9579439252336448 0.17744916820702403 0.011422637590861817 0.01848428835489835
1 0.9335410176531672 0.20055452865064693 0.012461059190031154 0.027726432532347495
1 0.9293873312564902 0.24029574861367836 0.01661474558670817 0.03327171903881698
1 0.9132917964693665 0.3512014787430684 0.023883696780893082 0.05914972273567465
