1 0.050347222222222224 0.48032407407407407 0.045138888888888895 0.06117724867724866
1 0.08978174603174603 0.5403439153439153 0.05505952380952381 0.06944444444444442
1 0.3152281746031746 0.5302579365079365 0.059523809523809534 0.08300264550264552
1 0.29055059523809523 0.48379629629629634 0.04141865079365081 0.06613756613756616
1 0.42237103174603174 0.5924272486772487 0.10218253968253965 0.14715608465608465
1 0.48710317460317465 0.5548941798941799 0.04811507936507936 0.09193121693121697
1 0.4588293650793651 0.4636243386243386 0.03670634920634924 0.06216931216931215
1 0.5610119047619048 0.4971891534391535 0.03224206349206349 0.05522486772486773
1 0.6297123015873016 0.49520502645502645 0.04960317460317454 0.08498677248677244
1 0.6997767857142857 0.5734126984126984 0.078125 0.13558201058201058
1 0.8373015873015873 0.5257936507936507 0.048115079365079305 0.08201058201058198
