1 0.055424528301886794 0.2797494780793319 0.016509433962264147 0.03340292275574114
1 0.32075471698113206 0.40709812108559496 0.04009433962264153 0.09185803757828809
1 0.2647405660377359 0.20772442588726514 0.020047169811320764 0.03549060542797494
1 0.2971698113207547 0.2150313152400835 0.021226415094339646 0.037578288100208745
1 0.3113207547169812 0.18997912317327767 0.014150943396226412 0.03340292275574114
1 0.3313679245283019 0.21816283924843424 0.01650943396226412 0.03549060542797494
1 0.36674528301886794 0.16805845511482254 0.021226415094339646 0.048016701461377875
1 0.40860849056603776 0.18475991649269313 0.02476415094339618 0.04384133611691024
1 0.5636792452830188 0.1722338204592902 0.018867924528301883 0.048016701461377875
1 0.6845518867924528 0.33507306889352817 0.022405660377358583 0.05219206680584554
1 0.5495283018867925 0.07411273486430062 0.011792452830188704 0.022964509394572022
