1 0.141875 0.4896421845574388 0.06624999999999999 0.11676082862523535
1 0.40625 0.5094161958568738 0.04500000000000004 0.07721280602636532
1 0.44625000000000004 0.4708097928436912 0.03999999999999998 0.06779661016949157
1 0.5018750000000001 0.5169491525423728 0.05625000000000002 0.08851224105461392
1 0.543125 0.4849340866290019 0.04125000000000001 0.07344632768361581
1 0.6575 0.4821092278719397 0.03749999999999998 0.07156308851224102
1 0.675625 0.480225988700565 0.053749999999999964 0.09416195856873816
1 0.799375 0.4868173258003766 0.0412499999999999 0.06591337099811673
1 0.87 0.4764595103578154 0.04249999999999998 0.06779661016949151
1 0.95875 0.5470809792843692 0.06499999999999995 0.09981167608286251
