1 0.0425 0.495 0.08 0.13000000000000006
1 0.043750000000000004 0.44166666666666665 0.052500000000000005 0.05666666666666664
1 0.245 0.3766666666666667 0.05000000000000002 0.06
1 0.2925 0.30333333333333334 0.02999999999999997 0.046666666666666634
1 0.29500000000000004 0.41833333333333333 0.034999999999999976 0.050000000000000044
1 0.3175 0.405 0.030000000000000027 0.043333333333333335
1 0.355 0.43666666666666665 0.05499999999999999 0.053333333333333344
1 0.37 0.4116666666666667 0.030000000000000027 0.043333333333333335
1 0.4625 0.41333333333333333 0.03999999999999998 0.06
1 0.545 0.415 0.10500000000000004 0.13
1 0.775 0.505 0.07499999999999996 0.07666666666666666
1 0.64625 0.505 0.0625 0.09000000000000002
1 0.7337499999999999 0.42666666666666664 0.03749999999999998 0.04666666666666669
1 0.77125 0.44 0.03249999999999997 0.046666666666666634
1 0.8162499999999999 0.44 0.03749999999999998 0.053333333333333344
1 0.8400000000000001 0.455 0.04500000000000004 0.06333333333333335
1 0.87625 0.5 0.05249999999999999 0.06666666666666665
1 0.9762500000000001 0.48833333333333334 0.03749999999999998 0.06333333333333335
1 0.9762500000000001 0.43833333333333335 0.03749999999999998 0.0566666666666667
