1 0.20272812793979303 0.487012987012987 0.038570084666039506 0.08766233766233772
1 0.3047977422389464 0.24837662337662336 0.020696142991533384 0.038961038961038946
1 0.3264346190028222 0.26704545454545453 0.020696142991533384 0.040584415584415584
1 0.3447789275634995 0.2800324675324675 0.017873941674506122 0.037337662337662336
1 0.43603010348071497 0.2849025974025974 0.021636876763875823 0.04707792207792211
1 0.389934148635936 0.2077922077922078 0.015992474129821244 0.03246753246753245
1 0.4285042333019755 0.21834415584415584 0.017873941674506122 0.03084415584415584
1 0.4548447789275635 0.21753246753246752 0.015992474129821244 0.02922077922077923
1 0.47742238946378174 0.21996753246753248 0.01411100658513642 0.027597402597402593
1 0.4830667920978363 0.19561688311688313 0.0159924741298213 0.027597402597402593
1 0.4557855126999059 0.1875 0.01411100658513642 0.02759740259740262
1 0.4379115710253998 0.17694805194805197 0.01411100658513642 0.02922077922077923
1 0.46425211665098776 0.15746753246753248 0.012229539040451542 0.022727272727272735
1 0.4830667920978363 0.1680194805194805 0.0159924741298213 0.027597402597402593
1 0.5061147695202257 0.17045454545454547 0.013170272812793926 0.02922077922077923
1 0.49529633113828786 0.14042207792207792 0.01411100658513642 0.024350649350649345
1 0.5399811853245531 0.1477272727272727 0.013170272812793926 0.022727272727272735
1 0.5470366886171214 0.13311688311688313 0.012229539040451542 0.02922077922077923
1 0.5682031984948259 0.12337662337662338 0.013170272812793926 0.02922077922077923
1 0.5672624647224835 0.1590909090909091 0.013170272812794037 0.025974025974025983
1 0.5893697083725306 0.16477272727272727 0.01411100658513642 0.03084415584415584
1 0.5832549388523047 0.13392857142857142 0.013170272812793926 0.027597402597402607
1 0.6157102539981185 0.14042207792207792 0.012229539040451542 0.024350649350649345
1 0.6185324553151459 0.1112012987012987 0.012229539040451542 0.024350649350649345
1 0.6284101599247414 0.1185064935064935 0.015051740357478915 0.025974025974025983
1 0.6566321730950142 0.06412337662337662 0.011288805268109159 0.017857142857142856
1 0.6961429915333961 0.0625 0.013170272812793926 0.024350649350649345
1 0.4929444967074318 0.32792207792207795 0.02822201317027284 0.048701298701298745
1 0.5564440263405457 0.3222402597402597 0.02539981185324558 0.05357142857142855
1 0.6269990592662277 0.3116883116883117 0.02539981185324547 0.06818181818181818
1 0.58137347130762 0.2556818181818182 0.02069614299153333 0.040584415584415584
1 0.6157102539981185 0.2532467532467533 0.0235183443085607 0.04545454545454547
1 0.6279397930385701 0.21103896103896103 0.0235183443085607 0.04545454545454544
1 0.6679209783631233 0.26461038961038963 0.022577610536218318 0.04545454545454544
1 0.6792097836312323 0.21347402597402598 0.026340545625587963 0.04707792207792208
1 0.7097836312323612 0.2077922077922078 0.019755409219190945 0.04220779220779222
1 0.7271872060206961 0.286525974025974 0.026340545625587963 0.05681818181818182
1 0.7892756349952963 0.31737012987012986 0.026340545625587963 0.05032467532467533
1 0.7013170272812794 0.11120129870129869 0.01411100658513642 0.030844155844155827
1 0.6966133584195673 0.16233766233766234 0.017873941674506177 0.038961038961038974
1 0.7271872060206961 0.14366883116883117 0.016933207902163683 0.037337662337662336
1 0.7577610536218251 0.18587662337662336 0.017873941674506066 0.03084415584415587
1 0.7648165569143932 0.15665584415584416 0.01881467544684856 0.03084415584415584
1 0.7634054562558796 0.12337662337662336 0.012229539040451542 0.02597402597402597
1 0.751175917215428 0.12418831168831168 0.017873941674506066 0.037337662337662336
1 0.8226716839134525 0.13555194805194806 0.01411100658513642 0.030844155844155854
1 0.8396048918156162 0.15665584415584416 0.01411100658513642 0.03084415584415584
1 0.8137347130761994 0.19480519480519481 0.016933207902163683 0.02922077922077923
1 0.8626528692380057 0.19155844155844154 0.015051740357478804 0.038961038961038946
1 0.8838193791157103 0.23133116883116883 0.017873941674506066 0.043831168831168804
1 0.8993414863593603 0.19561688311688313 0.01881467544684856 0.040584415584415584
1 0.9379115710253998 0.20535714285714285 0.01881467544684856 0.040584415584415584
