1 0.17409090909090907 0.20840064620355414 0.022727272727272735 0.03554119547657511
1 0.18363636363636365 0.2431340872374798 0.01999999999999999 0.056542810985460434
1 0.20136363636363636 0.3788368336025848 0.044545454545454555 0.10500807754442648
1 0.2909090909090909 0.21890145395799676 0.023636363636363622 0.030694668820678506
1 0.30272727272727273 0.17609046849757673 0.018181818181818188 0.03231017770597738
1 0.3922727272727273 0.1938610662358643 0.013636363636363669 0.03554119547657514
1 0.40454545454545454 0.1962843295638126 0.016363636363636358 0.03715670436187399
1 0.4168181818181818 0.2172859450726979 0.020909090909090877 0.04361873990306947
1 0.5672727272727273 0.1631663974151858 0.025454545454545396 0.05169628432956383
1 0.6086363636363636 0.09935379644588045 0.010000000000000009 0.01777059773828757
1 0.6554545454545455 0.11712439418416802 0.01636363636363647 0.02746365105008078
1 0.7527272727272727 0.14135702746365103 0.014545454545454528 0.024232633279483023
1 0.7677272727272728 0.14781906300484654 0.011818181818181839 0.02746365105008078
1 0.8200000000000001 0.2617124394184168 0.019999999999999907 0.04846526655896605
1 0.8672727272727272 0.1938610662358643 0.014545454545454528 0.03231017770597738
1 0.9395454545454546 0.1825525040387722 0.013636363636363669 0.03231017770597738
1 0.8886363636363637 0.2536348949919225 0.019090909090909047 0.03554119547657514
1 0.9186363636363637 0.252827140549273 0.017272727272727217 0.037156704361874016
