1 0.06086142322097378 0.3985024958402662 0.035580524344569285 0.07487520798668884
1 0.25936329588014984 0.28535773710482526 0.020599250936329583 0.03494176372712149
1 0.28838951310861427 0.27121464226289516 0.018726591760299616 0.03993344425956741
1 0.30711610486891383 0.2562396006655574 0.020599250936329583 0.043261231281197965
1 0.3202247191011236 0.22046589018302828 0.016853932584269704 0.0382695507487521
1 0.34456928838951306 0.21630615640599002 0.018726591760299616 0.03993344425956741
1 0.34691011235955055 0.2778702163061564 0.023408239700374533 0.05324459234608986
1 0.39981273408239704 0.29950083194675536 0.02808988764044945 0.05324459234608986
1 0.38108614232209737 0.21963394342762063 0.018726591760299616 0.03993344425956741
1 0.38857677902621723 0.20049916805324458 0.016853932584269704 0.03494176372712146
1 0.41479400749063666 0.22545757071547423 0.018726591760299616 0.038269550748752074
1 0.44241573033707865 0.22296173044925124 0.023408239700374533 0.03993344425956741
1 0.48923220973782766 0.22628951747088186 0.023408239700374478 0.04658901830282863
1 0.4143258426966292 0.16888519134775376 0.015917602996254665 0.028286189683860236
1 0.4339887640449438 0.194675540765391 0.01591760299625472 0.029950083194675542
1 0.46207865168539325 0.21131447587354407 0.017790262172284632 0.033277870216306155
1 0.44803370786516855 0.1572379367720466 0.015917602996254665 0.03494176372712149
1 0.48642322097378277 0.19217970049916805 0.015917602996254665 0.03161397670549085
1 0.48220973782771537 0.17554076539101499 0.01685393258426965 0.028286189683860236
1 0.4747191011235955 0.14725457570715472 0.01310861423220977 0.028286189683860236
1 0.48782771535580527 0.13394342762063227 0.013108614232209714 0.028286189683860236
1 0.5074906367041199 0.1647254575707155 0.01685393258426965 0.029950083194675542
1 0.5388576779026217 0.20133111480865223 0.017790262172284632 0.03993344425956738
1 0.5374531835205992 0.16056572379367723 0.01872659176029967 0.03494176372712146
1 0.5220037453183521 0.1389351081530782 0.014044943820224698 0.03494176372712146
1 0.5304307116104869 0.12728785357737105 0.014044943820224698 0.02828618968386025
1 0.5519662921348314 0.14725457570715472 0.014044943820224698 0.028286189683860236
1 0.5711610486891385 0.16389351081530784 0.014981273408239626 0.03494176372712146
1 0.5833333333333333 0.14975041597337768 0.016853932584269704 0.029950083194675542
1 0.5613295880149813 0.11480865224625623 0.012172284644194842 0.02662229617304493
1 0.5945692883895131 0.11980033277870217 0.01310861423220977 0.026622296173044915
1 0.6006554307116105 0.10149750415973377 0.012172284644194842 0.026622296173044915
1 0.6189138576779026 0.12312811980033278 0.013108614232209659 0.029950083194675528
1 0.6296816479400749 0.15224625623960064 0.015917602996254665 0.03494176372712146
1 0.6156367041198502 0.1064891846921797 0.01217228464419473 0.029950083194675542
1 0.6409176029962547 0.09983361064891846 0.015917602996254665 0.033277870216306155
1 0.6385767790262172 0.12562396006655574 0.013108614232209659 0.02828618968386022
1 0.675561797752809 0.11231281198003328 0.014044943820224698 0.03161397670549085
1 0.6952247191011236 0.09816971713810316 0.014044943820224809 0.033277870216306155
1 0.5374531835205993 0.30698835274542424 0.029962546816479363 0.06821963394342762
1 0.4934456928838951 0.2920133111480865 0.029962546816479363 0.05823627287853578
1 0.5636704119850187 0.25207986688851913 0.022471910112359494 0.051580698835274524
1 0.6039325842696629 0.3261231281198004 0.03183520599250933 0.059900166389351084
1 0.602996254681648 0.26206322795341097 0.02434456928838946 0.05158069883527455
1 0.6109550561797752 0.21131447587354407 0.0252808988764045 0.04326123128119799
1 0.6484082397003745 0.17637271214642264 0.0196629213483146 0.04326123128119799
1 0.6741573033707865 0.2038269550748752 0.02434456928838946 0.051580698835274524
1 0.6633895131086143 0.2579034941763727 0.0252808988764045 0.053244592346089886
1 0.6764981273408239 0.3361064891846922 0.0365168539325843 0.06988352745424292
1 0.6802434456928839 0.15224625623960067 0.017790262172284632 0.041597337770382714
1 0.6938202247191012 0.18136439267886856 0.02059925093632964 0.04326123128119799
1 0.7106741573033708 0.1422628951747088 0.01872659176029967 0.038269550748752074
1 0.7322097378277154 0.12479201331114809 0.014981273408239737 0.03660565723793678
1 0.7392322097378277 0.17970049916805325 0.01966292134831471 0.04326123128119799
1 0.697565543071161 0.22795341098169716 0.022471910112359605 0.049916805324459246
1 0.720505617977528 0.28369384359400995 0.029026217228464435 0.05158069883527455
1 0.7476591760299626 0.22878535773710482 0.023408239700374533 0.05158069883527455
1 0.7879213483146067 0.27703826955074873 0.027153558052434468 0.06156405990016639
1 0.7387640449438202 0.1530782029950083 0.016853932584269704 0.033277870216306155
1 0.7448501872659177 0.1281198003327787 0.014044943820224698 0.029950083194675556
1 0.7504681647940075 0.10898502495840266 0.017790262172284632 0.028286189683860236
1 0.7626404494382022 0.16139767054908488 0.015917602996254776 0.03660565723793677
1 0.797752808988764 0.17387687188019968 0.02059925093632964 0.0449251247920133
1 0.7823033707865168 0.1314475873544093 0.014044943820224698 0.029950083194675556
1 0.821629213483146 0.22795341098169716 0.021535580524344566 0.05324459234608986
1 0.7818352059925093 0.11314475873544094 0.011235955056179803 0.01996672212978369
1 0.7991573033707866 0.1389351081530782 0.014044943820224698 0.028286189683860236
1 0.8103932584269663 0.1264559068219634 0.01217228464419473 0.026622296173044915
1 0.8188202247191011 0.1680532445923461 0.015917602996254665 0.03660565723793677
1 0.8328651685393258 0.12728785357737105 0.017790262172284632 0.03161397670549086
1 0.851123595505618 0.194675540765391 0.01872659176029967 0.04658901830282863
1 0.8745318352059925 0.21880199667221298 0.02059925093632964 0.05158069883527455
1 0.8735955056179776 0.17470881863560733 0.016853932584269704 0.033277870216306155
1 0.8590823970037453 0.16056572379367723 0.01217228464419473 0.03494176372712146
1 0.8661048689138577 0.1281198003327787 0.014981273408239626 0.029950083194675556
1 0.9021535580524345 0.13061564059900166 0.01217228464419473 0.03161397670549086
1 0.8918539325842696 0.19966722129783693 0.014044943820224698 0.04326123128119799
1 0.9260299625468165 0.2895174708818635 0.02621722846441954 0.05657237936772047
1 0.9302434456928839 0.20133111480865223 0.015917602996254665 0.046589018302828605
1 0.9250936329588015 0.1805324459234609 0.01310861423220977 0.028286189683860236
1 0.9302434456928839 0.1547420965058236 0.014044943820224698 0.033277870216306155
1 0.8965355805243446 0.17387687188019968 0.017790262172284743 0.03494176372712146
