1 0.07444444444444445 0.6288014311270125 0.12000000000000001 0.24508050089445443
1 0.05 0.4284436493738819 0.05333333333333333 0.11270125223613597
1 0.10777777777777778 0.44633273703041143 0.07333333333333332 0.12343470483005364
1 0.08222222222222222 0.36493738819320215 0.05777777777777777 0.08944543828264762
1 0.12777777777777777 0.368515205724508 0.05111111111111109 0.11449016100178894
1 0.17888888888888888 0.7620751341681574 0.15777777777777777 0.2790697674418605
1 0.24444444444444444 0.5966010733452594 0.10666666666666663 0.19499105545617174
1 0.2672222222222222 0.40518783542039355 0.06111111111111109 0.10554561717352418
1 0.31333333333333335 0.4025044722719141 0.04666666666666669 0.11806797853309486
1 0.38555555555555554 0.24776386404293382 0.06444444444444447 0.1341681574239714
1 0.42000000000000004 0.5438282647584973 0.08000000000000002 0.1252236135957066
1 0.4288888888888889 0.5080500894454383 0.0888888888888889 0.13953488372093026
1 0.45499999999999996 0.7316636851520573 0.16333333333333327 0.27191413237924866
1 0.5511111111111111 0.6135957066189625 0.1333333333333333 0.2540250447227191
1 0.5172222222222222 0.49463327370304117 0.09444444444444444 0.1377459749552773
1 0.6422222222222222 0.5277280858676208 0.07999999999999996 0.15026833631484787
1 0.6488888888888888 0.44364937388193204 0.07111111111111112 0.1252236135957066
1 0.685 0.38640429338103754 0.05888888888888888 0.10733452593917708
1 0.6994444444444445 0.4150268336314848 0.04777777777777781 0.12164579606440074
1 0.7611111111111111 0.5116279069767442 0.08666666666666667 0.146690518783542
1 0.7972222222222223 0.4508050089445438 0.0722222222222223 0.11091234347048301
1 0.8494444444444444 0.43202146690518783 0.061111111111111116 0.10196779964221825
1 0.8966666666666667 0.3953488372093023 0.05555555555555547 0.10375670840787121
1 0.9066666666666667 0.36583184257602863 0.05777777777777782 0.08407871198568873
