1 0.2683333333333333 0.6387499999999999 0.12333333333333335 0.21250000000000002
1 0.19083333333333335 0.5237499999999999 0.07833333333333334 0.11249999999999993
1 0.0925 0.49 0.065 0.09499999999999997
1 0.029166666666666667 0.46499999999999997 0.051666666666666666 0.09499999999999997
1 0.058333333333333334 0.4075 0.03666666666666666 0.04999999999999999
1 0.10666666666666666 0.40625 0.046666666666666676 0.07250000000000001
1 0.14 0.40625 0.026666666666666644 0.04749999999999999
1 0.185 0.42375 0.04666666666666669 0.07750000000000001
1 0.21666666666666667 0.41125 0.03 0.057499999999999996
1 0.25833333333333336 0.44875 0.05666666666666667 0.09249999999999997
1 0.29000000000000004 0.42500000000000004 0.03999999999999998 0.08000000000000002
1 0.3108333333333333 0.40625 0.034999999999999976 0.0625
1 0.24416666666666667 0.38625 0.018333333333333368 0.03250000000000003
1 0.3466666666666667 0.38375000000000004 0.023333333333333317 0.03750000000000003
1 0.33999999999999997 0.36125 0.026666666666666672 0.04249999999999998
1 0.36 0.49250000000000005 0.06 0.09500000000000003
1 0.38 0.4325 0.043333333333333335 0.07999999999999996
1 0.3783333333333333 0.38749999999999996 0.02999999999999997 0.06
1 0.4408333333333333 0.42375 0.041666666666666685 0.0625
1 0.47583333333333333 0.4375 0.05833333333333335 0.08999999999999997
1 0.47750000000000004 0.38625 0.031666666666666676 0.05249999999999999
1 0.5083333333333333 0.405 0.02999999999999997 0.07
1 0.5449999999999999 0.48875 0.09999999999999998 0.14750000000000002
1 0.6583333333333333 0.69875 0.15999999999999992 0.3125
1 0.8466666666666667 0.62875 0.08333333333333326 0.16749999999999998
1 0.8658333333333333 0.53125 0.07833333333333337 0.1175
1 0.9016666666666666 0.50125 0.04999999999999993 0.09249999999999997
1 0.9216666666666666 0.4675 0.046666666666666634 0.08500000000000002
1 0.9433333333333334 0.43625 0.036666666666666625 0.0625
1 0.8574999999999999 0.41875 0.03166666666666662 0.05249999999999999
1 0.8333333333333334 0.4175 0.030000000000000027 0.05499999999999999
1 0.8141666666666667 0.43875 0.03500000000000003 0.05750000000000005
1 0.7833333333333334 0.4475 0.043333333333333335 0.07500000000000001
1 0.7483333333333333 0.47624999999999995 0.053333333333333344 0.08249999999999996
1 0.6616666666666666 0.48750000000000004 0.06999999999999995 0.10500000000000004
1 0.6958333333333333 0.4 0.02833333333333332 0.05499999999999999
1 0.6658333333333333 0.405 0.03500000000000003 0.05499999999999999
1 0.6074999999999999 0.42375 0.03166666666666662 0.0625
1 0.6191666666666666 0.39625 0.02833333333333332 0.04249999999999998
1 0.5741666666666667 0.4 0.021666666666666612 0.044999999999999984
1 0.5475 0.41375 0.03166666666666673 0.057499999999999996
1 0.5416666666666667 0.38 0.026666666666666727 0.030000000000000027
1 0.6708333333333334 0.275 0.028333333333333433 0.044999999999999984
