1 0.13 0.5236686390532544 0.11 0.19526627218934905
1 0.1325 0.35650887573964496 0.08166666666666668 0.1272189349112426
1 0.3258333333333333 0.15976331360946744 0.048333333333333284 0.10059171597633135
1 0.325 0.3343195266272189 0.05666666666666664 0.1301775147928994
1 0.36416666666666664 0.46597633136094674 0.11166666666666664 0.21005917159763315
1 0.24916666666666665 0.8446745562130178 0.315 0.31065088757396453
1 0.48250000000000004 0.3224852071005917 0.05499999999999999 0.10059171597633138
1 0.46416666666666667 0.29142011834319526 0.03833333333333333 0.07988165680473375
1 0.5391666666666667 0.31952662721893493 0.04166666666666674 0.0650887573964497
1 0.5766666666666667 0.5044378698224852 0.09000000000000008 0.18639053254437876
1 0.6591666666666667 0.32100591715976334 0.06499999999999995 0.10946745562130172
1 0.7233333333333334 0.4245562130177515 0.08666666666666667 0.16272189349112431
1 0.74 0.3254437869822485 0.06000000000000005 0.10650887573964496
1 0.7766666666666666 0.7958579881656804 0.21000000000000008 0.39644970414201175
1 0.88 0.4201183431952663 0.08000000000000007 0.17159763313609472
1 0.925 0.4097633136094675 0.06999999999999995 0.1390532544378698
