1 0.09108989657915673 0.5723905723905724 0.043754972155926816 0.1010101010101011
1 0.2247414478918059 0.29292929292929293 0.019888623707239456 0.047138047138047146
1 0.20962609387430392 0.27861952861952866 0.015115354017501997 0.04882154882154882
1 0.27724741447891804 0.265993265993266 0.01670644391408116 0.033670033670033656
1 0.27128082736674625 0.24074074074074073 0.015910898965791564 0.037037037037037035
1 0.3027048528241846 0.22053872053872053 0.01511535401750197 0.043771043771043766
1 0.3269689737470167 0.23484848484848486 0.015910898965791564 0.048821548821548794
1 0.345266507557677 0.22306397306397308 0.014319809069212375 0.0521885521885522
1 0.3643595863166269 0.265993265993266 0.015910898965791564 0.03703703703703701
1 0.38782816229116945 0.25673400673400676 0.01511535401750197 0.03872053872053874
1 0.43516308671439935 0.30808080808080807 0.020684168655529023 0.0505050505050505
1 0.4634049323786794 0.2550505050505051 0.018297533810660294 0.04208754208754212
1 0.35879077167859985 0.20707070707070707 0.01431980906921243 0.04040404040404039
1 0.3822593476531424 0.20117845117845118 0.01670644391408116 0.03872053872053871
1 0.42362768496420045 0.1994949494949495 0.015115354017502025 0.03872053872053871
1 0.42800318217979316 0.16835016835016836 0.014319809069212375 0.033670033670033656
1 0.44749403341288785 0.1675084175084175 0.011933174224343646 0.028619528619528628
1 0.4713603818615752 0.17845117845117844 0.01511535401750197 0.037037037037037035
1 0.48846459824980115 0.21043771043771042 0.0175019888623707 0.040404040404040414
1 0.4852824184566428 0.1557239057239057 0.01431980906921243 0.03535353535353533
1 0.5119331742243437 0.18013468013468015 0.01511535401750197 0.037037037037037035
1 0.5175019888623708 0.15993265993265993 0.01670644391408116 0.037037037037037035
1 0.5401750198886237 0.2382154882154882 0.015910898965791564 0.03872053872053871
1 0.5600636435958632 0.21548821548821548 0.015910898965791564 0.037037037037037035
1 0.550914876690533 0.16666666666666669 0.01511535401750208 0.033670033670033656
1 0.5481304693715194 0.1388888888888889 0.012728719172633185 0.03198653198653198
1 0.5700079554494829 0.14141414141414144 0.01352426412092278 0.040404040404040414
1 0.5898965791567223 0.12878787878787878 0.011933174224343701 0.03535353535353536
1 0.5986475735879078 0.1590909090909091 0.01511535401750208 0.03198653198653201
1 0.6046141607000796 0.18181818181818182 0.012728719172633296 0.037037037037037035
1 0.6109785202863962 0.20707070707070707 0.014319809069212375 0.03367003367003368
1 0.4590294351630867 0.18013468013468015 0.011137629276054106 0.037037037037037035
1 0.620922832140016 0.13131313131313133 0.013524264120922891 0.040404040404040414
1 0.6384248210023866 0.14983164983164982 0.01511535401750197 0.033670033670033656
1 0.656722354813047 0.13383838383838384 0.013524264120922891 0.03872053872053871
1 0.6833731105807478 0.1430976430976431 0.012728719172633296 0.033670033670033656
1 0.7040572792362769 0.15993265993265993 0.012728719172633185 0.037037037037037035
1 0.647175815433572 0.18855218855218855 0.013524264120922891 0.037037037037037035
1 0.6785998408910103 0.1717171717171717 0.012728719172633296 0.037037037037037035
1 0.5731901352426412 0.17929292929292928 0.01670644391408116 0.03198653198653198
1 0.5648369132856006 0.3468013468013468 0.019093078758949944 0.05050505050505055
1 0.6002386634844868 0.38383838383838387 0.024661893396976886 0.057239057239057256
1 0.6070007955449483 0.3063973063973064 0.02545743834526648 0.0572390572390572
1 0.6519490851233094 0.2567340067340067 0.018297533810660238 0.04882154882154882
1 0.6885441527446301 0.22474747474747475 0.01670644391408116 0.03872053872053871
1 0.6503579952267303 0.4099326599326599 0.024661893396976886 0.05892255892255893
1 0.709626093874304 0.42003367003367004 0.02545743834526648 0.062289562289562284
1 0.7859984089101034 0.452020202020202 0.02704852824184556 0.0723905723905724
1 0.860381861575179 0.4898989898989899 0.027844073190135266 0.07407407407407407
1 0.8727128082736675 0.4132996632996633 0.020684168655529023 0.06565656565656569
1 0.9451073985680192 0.4511784511784512 0.02545743834526648 0.06397306397306401
1 0.713206046141607 0.2685185185185185 0.021479713603818618 0.04882154882154882
1 0.7330946698488464 0.23569023569023567 0.01670644391408116 0.043771043771043766
1 0.7362768496420048 0.19276094276094277 0.01511535401750197 0.03535353535353536
1 0.7605409705648369 0.18771043771043772 0.012728719172633296 0.03535353535353536
1 0.7680986475735878 0.2154882154882155 0.011933174224343701 0.030303030303030304
1 0.7863961813842482 0.2542087542087542 0.01511535401750208 0.043771043771043794
1 0.7422434367541766 0.297979797979798 0.020684168655529023 0.04713804713804709
1 0.8054892601431981 0.30892255892255893 0.01829753381066035 0.05218855218855217
1 0.8090692124105012 0.23232323232323232 0.015910898965791564 0.03703703703703706
1 0.7983293556085919 0.19528619528619529 0.01352426412092278 0.037037037037037035
1 0.8309466984884646 0.21885521885521886 0.01193317422434359 0.037037037037037035
1 0.8619729514717582 0.23905723905723905 0.013524264120922891 0.037037037037037035
1 0.8703261734287987 0.22643097643097643 0.012728719172633296 0.03872053872053871
1 0.8878281622911695 0.25841750841750843 0.012728719172633296 0.04208754208754209
1 0.8969769291964995 0.24326599326599324 0.011933174224343701 0.03535353535353533
1 0.879077167859984 0.3005050505050505 0.015910898965791564 0.04545454545454547
1 0.8560063643595863 0.31734006734006737 0.019093078758949833 0.038720538720538766
1 0.852824184566428 0.36952861952861954 0.015910898965791564 0.05555555555555558
1 0.9152744630071599 0.3383838383838384 0.01511535401750197 0.0505050505050505
1 0.9172633253778839 0.27609427609427606 0.014319809069212375 0.04040404040404039
1 0.9423229912490056 0.25925925925925924 0.013524264120922891 0.03703703703703706
1 0.9705648369132855 0.255050505050505 0.012728719172633185 0.03198653198653198
1 0.9610182975338106 0.3779461279461279 0.017501988862370754 0.04882154882154882
1 0.962211614956245 0.3425925925925926 0.01511535401750208 0.03535353535353536
1 0.9614160700079555 0.30892255892255893 0.011933174224343701 0.03872053872053871
