1 0.3206627680311891 0.17757774140752863 0.01949317738791423 0.031096563011456635
1 0.37231968810916183 0.1546644844517185 0.017543859649122806 0.031096563011456635
1 0.40594541910331383 0.17430441898527005 0.022417153996101336 0.03436988543371522
1 0.3538011695906432 0.25777414075286414 0.021442495126705652 0.04091653027823239
1 0.37524366471734893 0.2872340425531915 0.025341130604288498 0.04418985270049097
1 0.4064327485380117 0.2815057283142389 0.029239766081871343 0.04255319148936171
1 0.4673489278752436 0.18821603927986907 0.018518518518518545 0.03273322422258593
1 0.4936647173489279 0.18985270049099834 0.0146198830409357 0.03600654664484451
1 0.4834307992202729 0.1988543371522095 0.017543859649122806 0.03436988543371522
1 0.5063352826510721 0.20621931260229132 0.018518518518518545 0.039279869067103096
1 0.4770955165692008 0.23158756137479541 0.02436647173489276 0.03764320785597383
1 0.5019493177387915 0.2414075286415712 0.021442495126705707 0.04746317512274961
1 0.5082846003898636 0.3060556464811784 0.028265107212475604 0.05237315875613746
1 0.5994152046783625 0.1432078559738134 0.01949317738791423 0.031096563011456635
1 0.6286549707602339 0.2635024549918167 0.025341130604288553 0.049099836333878905
1 0.7368421052631579 0.19476268412438624 0.023391812865497075 0.04582651391162029
1 0.7826510721247564 0.2332242225859247 0.02729044834307992 0.05400981996726678
