1 0.111 0.257372654155496 0.05000000000000002 0.08579088471849863
1 0.20900000000000002 0.2225201072386059 0.05000000000000002 0.07506702412868632
1 0.29000000000000004 0.225201072386059 0.055999999999999994 0.08042895442359249
1 0.39 0.21983914209115282 0.05199999999999999 0.09115281501340483
1 0.44899999999999995 0.2037533512064343 0.045999999999999985 0.06970509383378015
1 0.296 0.403485254691689 0.148 0.18498659517426275
1 0.56 0.18498659517426275 0.04399999999999993 0.08042895442359249
1 0.62 0.20509383378016086 0.052000000000000046 0.0777479892761394
1 0.687 0.24664879356568364 0.05799999999999994 0.09651474530831097
1 0.663 0.22386058981233242 0.04200000000000004 0.07238605898123326
1 0.79 0.2640750670241287 0.05999999999999994 0.09383378016085789
1 0.889 0.2734584450402145 0.08200000000000007 0.11796246648793565
