1 0.12066666666666667 0.688 0.04133333333333333 0.06399999999999995
1 0.13733333333333334 0.648 0.04266666666666667 0.06000000000000005
1 0.198 0.698 0.038666666666666655 0.05599999999999994
1 0.202 0.659 0.033333333333333354 0.05400000000000005
1 0.26866666666666666 0.6559999999999999 0.038666666666666655 0.06799999999999995
1 0.304 0.647 0.040000000000000036 0.05800000000000005
1 0.3726666666666667 0.661 0.035999999999999976 0.05399999999999994
1 0.3953333333333333 0.636 0.02799999999999997 0.05600000000000005
1 0.45333333333333337 0.739 0.05066666666666669 0.08200000000000007
1 0.5026666666666666 0.7689999999999999 0.04799999999999993 0.09399999999999997
1 0.524 0.743 0.040000000000000036 0.08200000000000007
1 0.45599999999999996 0.64 0.03466666666666668 0.06000000000000005
1 0.43933333333333335 0.636 0.02799999999999997 0.052000000000000046
1 0.43666666666666665 0.688 0.02799999999999997 0.051999999999999935
1 0.5086666666666667 0.623 0.030666666666666675 0.05800000000000005
1 0.5926666666666667 0.6599999999999999 0.03066666666666662 0.06399999999999995
1 0.588 0.738 0.04266666666666663 0.07600000000000007
1 0.624 0.771 0.05600000000000005 0.08200000000000007
1 0.6553333333333333 0.7290000000000001 0.06266666666666665 0.08599999999999997
1 0.6286666666666667 0.654 0.03066666666666673 0.06400000000000006
1 0.61 0.607 0.022666666666666613 0.04200000000000004
1 0.6493333333333333 0.611 0.02400000000000002 0.050000000000000044
1 0.6826666666666666 0.615 0.02400000000000002 0.04200000000000004
1 0.716 0.6839999999999999 0.04533333333333334 0.06799999999999995
1 0.9753333333333334 0.921 0.04933333333333334 0.122
1 0.9146666666666667 0.6970000000000001 0.034666666666666734 0.061999999999999944
1 0.892 0.6659999999999999 0.026666666666666616 0.06399999999999995
1 0.9259999999999999 0.653 0.04133333333333333 0.062000000000000055
1 0.9666666666666667 0.6679999999999999 0.03200000000000003 0.06399999999999995
