1 0.18 0.4954819277108433 0.036000000000000004 0.05722891566265059
1 0.16699999999999998 0.45933734939759036 0.03 0.03915662650602414
1 0.13 0.46084337349397586 0.027999999999999983 0.042168674698795205
1 0.14800000000000002 0.3870481927710844 0.023999999999999994 0.03313253012048195
1 0.185 0.39457831325301207 0.018000000000000016 0.03614457831325302
1 0.191 0.35240963855421686 0.018000000000000016 0.030120481927710885
1 0.22599999999999998 0.4367469879518072 0.023999999999999994 0.03614457831325302
1 0.237 0.46084337349397586 0.025999999999999995 0.04819277108433734
1 0.243 0.3810240963855422 0.014000000000000012 0.027108433734939763
1 0.276 0.44126506024096385 0.019999999999999962 0.033132530120481896
1 0.267 0.4939759036144578 0.026000000000000023 0.04216867469879515
1 0.274 0.5301204819277109 0.03999999999999998 0.06626506024096385
1 0.278 0.39457831325301207 0.01599999999999996 0.03012048192771083
1 0.309 0.4322289156626506 0.018000000000000016 0.027108433734939763
1 0.33999999999999997 0.49849397590361444 0.023999999999999966 0.04518072289156633
1 0.398 0.516566265060241 0.03999999999999998 0.0753012048192771
1 0.42100000000000004 0.4969879518072289 0.02999999999999997 0.060240963855421714
1 0.374 0.4608433734939759 0.020000000000000018 0.03614457831325302
1 0.353 0.44126506024096385 0.018000000000000016 0.033132530120481896
1 0.33599999999999997 0.3870481927710843 0.01599999999999996 0.027108433734939763
1 0.366 0.3885542168674699 0.01200000000000001 0.02409638554216864
1 0.388 0.4141566265060241 0.016000000000000014 0.027108433734939763
1 0.4 0.43524096385542166 0.01599999999999996 0.027108433734939708
1 0.404 0.4006024096385542 0.011999999999999955 0.024096385542168697
1 0.423 0.42168674698795183 0.014000000000000012 0.024096385542168697
1 0.439 0.4367469879518072 0.014000000000000012 0.02409638554216864
1 0.433 0.4608433734939759 0.02200000000000002 0.03614457831325302
1 0.471 0.47289156626506024 0.021999999999999964 0.03614457831325302
1 0.483 0.5075301204819277 0.026000000000000023 0.051204819277108404
1 0.479 0.44277108433734935 0.018000000000000016 0.03012048192771083
1 0.457 0.4186746987951807 0.014000000000000012 0.024096385542168697
1 0.426 0.39759036144578314 0.016000000000000014 0.01807228915662651
1 0.472 0.39006024096385544 0.01599999999999996 0.027108433734939763
1 0.508 0.4171686746987952 0.016000000000000014 0.027108433734939763
1 0.499 0.3885542168674699 0.014000000000000012 0.030120481927710885
1 0.514 0.3855421686746988 0.01200000000000001 0.01807228915662651
1 0.513 0.4457831325301205 0.018000000000000016 0.02409638554216864
1 0.521 0.4683734939759036 0.02200000000000002 0.03915662650602414
1 0.5489999999999999 0.49698795180722893 0.029999999999999916 0.048192771084337394
1 0.523 0.5271084337349398 0.038000000000000034 0.07228915662650603
1 0.539 0.42168674698795183 0.014000000000000012 0.03012048192771083
1 0.529 0.3990963855421687 0.014000000000000012 0.027108433734939763
1 0.55 0.3960843373493976 0.01200000000000001 0.027108433734939763
1 0.562 0.43524096385542166 0.015999999999999903 0.03313253012048195
1 0.569 0.47590361445783136 0.017999999999999905 0.042168674698795205
1 0.599 0.4969879518072289 0.030000000000000027 0.05421686746987947
1 0.583 0.4246987951807229 0.014000000000000012 0.03614457831325302
1 0.574 0.4036144578313253 0.01200000000000001 0.03012048192771083
1 0.588 0.39759036144578314 0.01200000000000001 0.02409638554216864
1 0.606 0.4066265060240964 0.01200000000000001 0.02409638554216864
1 0.603 0.4457831325301205 0.014000000000000012 0.03012048192771083
1 0.623 0.4623493975903614 0.018000000000000016 0.03313253012048195
1 0.642 0.5240963855421686 0.03600000000000003 0.07228915662650598
1 0.618 0.42319277108433734 0.016000000000000014 0.033132530120481896
1 0.636 0.4006024096385542 0.01200000000000001 0.024096385542168697
1 0.666 0.3870481927710843 0.016000000000000014 0.027108433734939763
1 0.668 0.42771084337349397 0.016000000000000014 0.03012048192771083
1 0.653 0.4457831325301205 0.018000000000000016 0.03012048192771083
1 0.675 0.46987951807228917 0.02200000000000002 0.03614457831325302
1 0.663 0.5060240963855421 0.02200000000000002 0.042168674698795205
1 0.7 0.5075301204819277 0.02400000000000002 0.051204819277108404
1 0.699 0.45331325301204817 0.018000000000000016 0.03313253012048195
1 0.711 0.43222891566265065 0.014000000000000012 0.021084337349397575
1 0.705 0.3855421686746988 0.014000000000000012 0.024096385542168697
1 0.741 0.3885542168674699 0.014000000000000012 0.02409638554216864
1 0.729 0.4578313253012048 0.02200000000000002 0.03614457831325302
1 0.743 0.4292168674698795 0.014000000000000012 0.033132530120481896
1 0.757 0.4442771084337349 0.018000000000000016 0.03313253012048195
1 0.738 0.5030120481927711 0.02400000000000002 0.04819277108433734
1 0.789 0.5135542168674699 0.026000000000000023 0.05120481927710846
1 0.8009999999999999 0.5436746987951807 0.041999999999999926 0.07530120481927716
1 0.788 0.47891566265060237 0.02400000000000002 0.042168674698795205
1 0.802 0.45481927710843373 0.020000000000000018 0.030120481927710885
1 0.798 0.42771084337349397 0.016000000000000014 0.03012048192771083
1 0.789 0.39457831325301207 0.014000000000000012 0.024096385542168697
1 0.831 0.3870481927710843 0.02200000000000002 0.027108433734939763
1 0.843 0.45180722891566266 0.018000000000000016 0.03614457831325302
1 0.857 0.42319277108433734 0.018000000000000016 0.027108433734939763
1 0.87 0.38403614457831325 0.020000000000000018 0.033132530120481896
1 0.876 0.44728915662650603 0.020000000000000018 0.039156626506024084
1 0.865 0.48042168674698793 0.030000000000000027 0.039156626506024084
1 0.845 0.5210843373493976 0.030000000000000027 0.05421686746987958
