1 0.1988888888888889 0.3253968253968254 0.04222222222222222 0.08730158730158732
1 0.3211111111111111 0.2152777777777778 0.020000000000000018 0.0376984126984127
1 0.375 0.1865079365079365 0.01666666666666672 0.031746031746031744
1 0.3844444444444444 0.16666666666666669 0.01777777777777778 0.03968253968253968
1 0.40222222222222226 0.19940476190476192 0.019999999999999962 0.0376984126984127
1 0.42444444444444446 0.20634920634920634 0.01777777777777778 0.035714285714285726
1 0.42444444444444446 0.18452380952380953 0.015555555555555545 0.035714285714285726
1 0.4305555555555556 0.15476190476190477 0.016666666666666663 0.031746031746031744
1 0.41333333333333333 0.27182539682539686 0.02444444444444449 0.047619047619047616
1 0.39944444444444444 0.2628968253968254 0.02111111111111108 0.04563492063492061
1 0.45111111111111113 0.20436507936507936 0.020000000000000018 0.04365079365079366
1 0.45166666666666666 0.16071428571428573 0.016666666666666663 0.031746031746031744
1 0.4588888888888889 0.16865079365079366 0.01777777777777778 0.031746031746031744
1 0.4683333333333334 0.18055555555555555 0.016666666666666663 0.0357142857142857
1 0.48833333333333334 0.2251984126984127 0.02111111111111108 0.04563492063492064
1 0.47833333333333333 0.13095238095238096 0.012222222222222245 0.02777777777777779
1 0.4938888888888889 0.13095238095238096 0.012222222222222245 0.02777777777777779
1 0.515 0.1875 0.018888888888888955 0.037698412698412676
1 0.5261111111111112 0.16765873015873017 0.018888888888888844 0.0376984126984127
1 0.5466666666666666 0.19146825396825395 0.01777777777777778 0.04166666666666666
1 0.5594444444444444 0.16865079365079366 0.014444444444444482 0.035714285714285726
1 0.5516666666666666 0.13988095238095238 0.014444444444444482 0.029761904761904767
1 0.5661111111111111 0.13690476190476192 0.016666666666666607 0.035714285714285726
1 0.5883333333333334 0.16765873015873017 0.01666666666666672 0.0376984126984127
1 0.48777777777777775 0.07936507936507936 0.013333333333333364 0.01984126984126984
1 0.5494444444444444 0.061507936507936505 0.012222222222222245 0.01984126984126984
1 0.5894444444444444 0.11904761904761904 0.016666666666666607 0.031746031746031744
1 0.5966666666666667 0.1507936507936508 0.015555555555555545 0.019841269841269854
1 0.6327777777777778 0.125 0.010000000000000009 0.023809523809523822
1 0.6372222222222221 0.10615079365079365 0.012222222222222245 0.025793650793650785
1 0.6877777777777778 0.11805555555555555 0.015555555555555545 0.029761904761904767
1 0.7066666666666667 0.11607142857142858 0.01333333333333342 0.029761904761904767
1 0.7383333333333333 0.06746031746031746 0.014444444444444371 0.031746031746031744
1 0.5922222222222222 0.26289682539682535 0.022222222222222254 0.049603174603174593
1 0.6138888888888889 0.3005952380952381 0.02777777777777779 0.06150793650793651
1 0.615 0.2569444444444444 0.02777777777777779 0.05753968253968253
1 0.6433333333333333 0.21031746031746032 0.020000000000000018 0.047619047619047616
1 0.6722222222222223 0.18948412698412698 0.019999999999999907 0.04166666666666666
1 0.7172222222222222 0.18055555555555558 0.018888888888888955 0.03968253968253968
1 0.72 0.1597222222222222 0.015555555555555545 0.03373015873015875
1 0.7316666666666667 0.14682539682539683 0.014444444444444482 0.031746031746031744
1 0.7372222222222222 0.16666666666666669 0.014444444444444482 0.035714285714285726
1 0.7505555555555555 0.20634920634920634 0.02111111111111108 0.043650793650793634
1 0.7577777777777778 0.2599206349206349 0.020000000000000018 0.047619047619047616
1 0.731111111111111 0.29563492063492064 0.0311111111111112 0.059523809523809534
1 0.7744444444444445 0.1646825396825397 0.015555555555555545 0.03968253968253968
1 0.7855555555555556 0.18055555555555558 0.01777777777777778 0.03968253968253968
1 0.7922222222222222 0.2103174603174603 0.019999999999999907 0.03968253968253968
1 0.7983333333333333 0.16170634920634921 0.012222222222222134 0.03373015873015872
1 0.7905555555555556 0.14087301587301587 0.014444444444444482 0.039682539682539694
1 0.8233333333333334 0.1746031746031746 0.020000000000000018 0.043650793650793634
1 0.8605555555555555 0.11706349206349206 0.018888888888888844 0.039682539682539694
1 0.8844444444444445 0.19246031746031744 0.015555555555555545 0.035714285714285726
1 0.9022222222222223 0.19146825396825395 0.015555555555555545 0.04166666666666666
1 0.8866666666666667 0.25297619047619047 0.019999999999999907 0.04960317460317462
1 0.8783333333333334 0.28174603174603174 0.023333333333333317 0.05555555555555558
1 0.8511111111111112 0.2748015873015873 0.022222222222222254 0.05357142857142855
1 0.8444444444444446 0.22817460317460317 0.01777777777777778 0.04365079365079366
1 0.8516666666666667 0.3333333333333333 0.03222222222222215 0.06349206349206349
1 0.9083333333333333 0.2926587301587301 0.02111111111111108 0.05357142857142855
1 0.9183333333333333 0.3263888888888889 0.025555555555555554 0.06150793650793651
1 0.9394444444444445 0.2390873015873016 0.01666666666666672 0.04563492063492064
1 0.9477777777777778 0.19146825396825395 0.015555555555555656 0.04166666666666666
1 0.9483333333333333 0.13988095238095238 0.01666666666666672 0.041666666666666685
1 0.935 0.13095238095238093 0.014444444444444371 0.03968253968253968
1 0.9133333333333333 0.14186507936507936 0.015555555555555545 0.03769841269841272
