1 0.17212347988774557 0.3402662229617305 0.03928905519176801 0.07487520798668884
1 0.20346117867165575 0.3627287853577371 0.03086997193638913 0.0632279534109817
1 0.25163704396632364 0.28369384359400995 0.022450888681010278 0.03494176372712149
1 0.28952291861552854 0.2653910149750416 0.019644527595883976 0.03494176372712149
1 0.3068288119738073 0.22296173044925124 0.016838166510757757 0.04326123128119802
1 0.32179607109448083 0.24625623960066556 0.016838166510757757 0.033277870216306155
1 0.34752104770813846 0.28036605657237934 0.021515434985968196 0.028286189683860263
1 0.33816651075771753 0.21547420965058234 0.01777362020579981 0.03161397670549085
1 0.3681010289990645 0.25374376039933444 0.01777362020579981 0.021630615640598982
1 0.3666978484565014 0.22379367720465893 0.022450888681010306 0.028286189683860236
1 0.3811973807296539 0.20049916805324458 0.01964452759588403 0.041597337770382686
1 0.40224508886810106 0.17138103161397672 0.0168381665107577 0.029950083194675542
1 0.421421889616464 0.18386023294509152 0.017773620205799867 0.03161397670549085
1 0.4293732460243218 0.21963394342762063 0.020579981290926086 0.04326123128119802
1 0.45135640785781106 0.23211314475873546 0.01964452759588403 0.038269550748752074
1 0.46725912067352665 0.25207986688851913 0.023386342376052416 0.03494176372712143
1 0.4766136576239476 0.21131447587354407 0.01964452759588403 0.03993344425956738
1 0.4775491113189897 0.18136439267886856 0.01964452759588403 0.03660565723793677
1 0.45042095416276895 0.1772046589018303 0.015902712815715647 0.03494176372712146
1 0.4401309635173059 0.1930116472545757 0.015902712815715647 0.029950083194675542
1 0.4405986903648269 0.15474209650582363 0.0168381665107577 0.036605657237936795
1 0.46492048643592143 0.15391014975041595 0.014967259120673537 0.03161397670549085
1 0.480355472404116 0.13727121464226288 0.014031805425631483 0.03494176372712146
1 0.49579045837231056 0.14559068219633942 0.009354536950420989 0.02163061564059901
1 0.5079513564078578 0.15224625623960064 0.013096351730589317 0.03161397670549085
1 0.5037418147801683 0.17054908485856907 0.014031805425631372 0.03161397670549085
1 0.5121608980355472 0.20465890183028285 0.023386342376052416 0.03660565723793677
1 0.5439663236669785 0.16389351081530784 0.019644527595883976 0.03494176372712146
1 0.5715622076707203 0.17387687188019968 0.020579981290926197 0.038269550748752074
1 0.5313376987839102 0.1281198003327787 0.018709073900841866 0.029950083194675556
1 0.5533208606173994 0.10399334442595674 0.017773620205799756 0.03161397670549085
1 0.5888681010289991 0.12063227953410982 0.012160898035547318 0.02828618968386022
1 0.608980355472404 0.14642262895174707 0.020579981290926086 0.04326123128119799
1 0.6164639850327409 0.10981697171381032 0.011225444340505208 0.02662229617304493
1 0.6197380729653882 0.0956738768718802 0.015902712815715647 0.02163061564059901
1 0.6281571562207671 0.11730449251247921 0.015902712815715647 0.02828618968386022
1 0.6440598690364827 0.10066555740432612 0.012160898035547207 0.03161397670549085
1 0.666510757717493 0.11647254575707154 0.015902712815715647 0.029950083194675542
1 0.6884939195509823 0.09650582362728785 0.018709073900841866 0.033277870216306155
1 0.500467726847521 0.29284525790349414 0.02432179607109447 0.05324459234608986
1 0.5275958840037418 0.34775374376039936 0.029934518241347075 0.05657237936772047
1 0.5640785781103835 0.2504159733777038 0.022450888681010195 0.04825291181364391
1 0.6019644527595884 0.26955074875207985 0.027128157156220745 0.059900166389351084
1 0.5898035547240412 0.3594009983361065 0.030869971936389073 0.06988352745424292
1 0.6604303086997194 0.36356073211314477 0.0336763330215154 0.064891846921797
1 0.656688493919551 0.29783693843594006 0.028063610851262855 0.05657237936772047
1 0.6290926099158092 0.2054908485856905 0.019644527595884087 0.0449251247920133
1 0.656688493919551 0.2129783693843594 0.024321796071094415 0.049916805324459246
1 0.6646398503274088 0.17387687188019968 0.025257249766136525 0.0449251247920133
1 0.6833489242282507 0.2221297836938436 0.021515434985968196 0.05158069883527455
1 0.6898971000935454 0.1821963394342762 0.019644527595883976 0.038269550748752074
1 0.7310570626753976 0.29617304492512475 0.023386342376052416 0.059900166389351084
1 0.7572497661365762 0.302828618968386 0.030869971936389184 0.05324459234608986
1 0.7731524789522919 0.21713810316139767 0.021515434985968196 0.04492512479201333
1 0.7399438727782974 0.20133111480865223 0.018709073900841866 0.03660565723793677
1 0.7235734331150608 0.18136439267886856 0.015902712815715647 0.029950083194675542
1 0.6950420954162769 0.14475873544093176 0.016838166510757757 0.03660565723793677
1 0.7179607109448083 0.1422628951747088 0.015902712815715536 0.03161397670549085
1 0.7343311506080449 0.1589018302828619 0.016838166510757757 0.0382695507487521
1 0.7488306828811974 0.17221297836938437 0.014031805425631427 0.03161397670549085
1 0.7507015902712816 0.1422628951747088 0.015902712815715647 0.03494176372712146
1 0.8040224508886811 0.2504159733777038 0.025257249766136636 0.05490848585690514
1 0.7862488306828812 0.1896838602329451 0.019644527595884087 0.04326123128119802
1 0.8110383536014967 0.16888519134775376 0.014967259120673426 0.0449251247920133
1 0.8016838166510758 0.12146422628951747 0.016838166510757757 0.03327787021630614
1 0.7899906454630496 0.1439267886855241 0.015902712815715536 0.03161397670549085
1 0.7768942937324602 0.12479201331114809 0.012160898035547207 0.026622296173044915
1 0.7609915809167447 0.129783693843594 0.015902712815715536 0.03327787021630617
1 0.7478952291861554 0.10815307820299501 0.010289990645463098 0.023294509151414317
1 0.7324602432179608 0.12312811980033278 0.014967259120673426 0.029950083194675528
1 0.8320860617399439 0.13560732113144758 0.019644527595883976 0.03161397670549085
1 0.8405051449953227 0.15973377703826958 0.015902712815715647 0.029950083194675542
1 0.8358278765201123 0.18136439267886856 0.017773620205799867 0.03993344425956738
1 0.8760523854069224 0.21048252911813642 0.023386342376052416 0.041597337770382686
1 0.8676333021515436 0.17304492512479203 0.014031805425631427 0.03660565723793677
1 0.8610851262862488 0.14475873544093176 0.014031805425631427 0.03993344425956738
1 0.8849391955098223 0.1697171381031614 0.014967259120673537 0.03993344425956738
1 0.8868101028999065 0.14891846921797003 0.016838166510757757 0.028286189683860236
1 0.891955098222638 0.13727121464226288 0.014031805425631427 0.024958402662229623
1 0.9242282507015903 0.1572379367720466 0.013096351730589317 0.03494176372712149
1 0.921421889616464 0.19966722129783693 0.013096351730589317 0.03993344425956738
1 0.912067352666043 0.21547420965058234 0.020579981290926086 0.03494176372712146
1 0.912535079513564 0.2670549084858569 0.027128157156220745 0.04825291181364394
