1 0.12461538461538461 0.21824480369515012 0.08307692307692308 0.12240184757505773
1 0.07538461538461538 0.4284064665127021 0.055384615384615386 0.09006928406466513
1 0.3223076923076923 0.42378752886836024 0.0476923076923077 0.0762124711316397
1 0.29615384615384616 0.4214780600461894 0.041538461538461524 0.07621247113163976
1 0.38846153846153847 0.3868360277136259 0.041538461538461524 0.08083140877598155
1 0.4738461538461538 0.4930715935334873 0.08000000000000002 0.12240184757505768
1 0.5069230769230769 0.3868360277136259 0.0476923076923077 0.08083140877598155
1 0.5692307692307692 0.3960739030023095 0.05230769230769228 0.07159353348729791
1 0.5746153846153845 0.5277136258660509 0.11846153846153851 0.1824480369515012
1 0.6715384615384615 0.42609699769053117 0.056923076923076854 0.10854503464203236
1 0.7192307692307692 0.41454965357967666 0.0476923076923077 0.07159353348729791
1 0.6730769230769231 0.2863741339491917 0.038461538461538436 0.0646651270207852
1 0.8423076923076923 0.6431870669745958 0.11230769230769222 0.19168591224018472
1 0.8938461538461538 0.558891454965358 0.0953846153846154 0.16166281755196305
1 0.9315384615384615 0.47113163972286376 0.0692307692307692 0.10623556581986149
1 0.9015384615384615 0.39953810623556585 0.06153846153846154 0.092378752886836
