1 0.04833333333333333 0.64125 0.09333333333333334 0.13749999999999996
1 0.07166666666666666 0.5237499999999999 0.05333333333333333 0.07750000000000001
1 0.07583333333333334 0.6074999999999999 0.07833333333333334 0.09999999999999998
1 0.2025 0.52625 0.03833333333333336 0.07749999999999996
1 0.22583333333333333 0.5487500000000001 0.044999999999999984 0.08750000000000002
1 0.26166666666666666 0.5475 0.060000000000000026 0.11499999999999999
1 0.2841666666666667 0.6287499999999999 0.09833333333333333 0.12750000000000006
1 0.29 0.50125 0.033333333333333326 0.05750000000000005
1 0.3275 0.53875 0.041666666666666685 0.0625
1 0.3625 0.49 0.03500000000000003 0.05499999999999994
1 0.3933333333333333 0.49 0.03666666666666668 0.06
1 0.4058333333333334 0.5662499999999999 0.05499999999999999 0.08750000000000002
1 0.45916666666666667 0.5925 0.06499999999999995 0.10499999999999998
1 0.4508333333333333 0.51875 0.041666666666666685 0.0675
1 0.5291666666666667 0.43500000000000005 0.04499999999999993 0.065
1 0.5383333333333333 0.6275 0.08000000000000002 0.14
1 0.5233333333333333 0.5625 0.06 0.09499999999999997
1 0.565 0.49624999999999997 0.029999999999999916 0.04750000000000004
1 0.595 0.51625 0.033333333333333326 0.05750000000000005
1 0.6291666666666667 0.505 0.03166666666666673 0.05499999999999999
1 0.6275 0.605 0.07166666666666666 0.09499999999999997
1 0.6516666666666666 0.78 0.11666666666666659 0.18500000000000005
1 0.7483333333333333 0.61625 0.08333333333333337 0.13750000000000007
1 0.6841666666666667 0.5225 0.03833333333333333 0.07
1 0.7791666666666667 0.5562499999999999 0.04833333333333334 0.07750000000000001
1 0.8775 0.53875 0.05500000000000005 0.07250000000000001
1 0.9341666666666666 0.5875 0.06500000000000006 0.09499999999999997
1 0.855 0.73875 0.1233333333333333 0.16249999999999998
