1 0.4807121661721068 0.18861209964412812 0.02571711177052427 0.05338078291814946
1 0.5089020771513353 0.2615658362989324 0.034619188921859556 0.06405693950177935
1 0.536597428288823 0.199288256227758 0.022749752720079064 0.03558718861209964
1 0.6211671612265084 0.19572953736654802 0.01978239366963397 0.03914590747330962
1 0.6706231454005935 0.21174377224199287 0.017804154302670683 0.03558718861209967
1 0.6562809099901088 0.1930604982206406 0.01285855588526208 0.030249110320284683
1 0.6592482690405539 0.2491103202846975 0.020771513353115667 0.04982206405693951
1 0.6963402571711177 0.19750889679715303 0.017804154302670572 0.03558718861209964
1 0.7433234421364985 0.2001779359430605 0.01879327398615238 0.033807829181494664
1 0.7156280909990109 0.2633451957295374 0.024727992087042572 0.04982206405693951
1 0.7660731948565777 0.23398576512455516 0.01879327398615227 0.04448398576512455
1 0.8155291790306627 0.251779359430605 0.01879327398615227 0.04448398576512455
1 0.7339268051434223 0.3540925266903915 0.023738872403560762 0.07117437722419934
1 0.8120672601384767 0.3905693950177936 0.029673590504450953 0.07651245551601427
1 0.8877349159248269 0.4137010676156584 0.028684470820969254 0.08362989323843412
