1 0.17643805309734512 0.45817120622568097 0.043141592920353994 0.08365758754863811
1 0.2676991150442478 0.2140077821011673 0.015486725663716838 0.0311284046692607
1 0.32577433628318586 0.17412451361867703 0.018805309734513276 0.03696498054474709
1 0.35398230088495575 0.17315175097276264 0.019911504424778736 0.035019455252918275
1 0.30420353982300885 0.20038910505836577 0.019911504424778736 0.0311284046692607
1 0.3036504424778761 0.23151750972762647 0.014380530973451322 0.038910505836575876
1 0.34513274336283184 0.19552529182879377 0.01769911504424776 0.03696498054474706
1 0.3915929203539823 0.14688715953307394 0.013274336283185861 0.03307392996108949
1 0.4413716814159292 0.14007782101167315 0.013274336283185861 0.0311284046692607
1 0.41537610619469023 0.14591439688715951 0.014380530973451322 0.04280155642023345
1 0.4231194690265486 0.15175097276264593 0.014380530973451322 0.0350194552529183
1 0.49557522123893805 0.10700389105058365 0.013274336283185806 0.023346303501945526
1 0.4695796460176991 0.12937743190661477 0.014380530973451322 0.02140077821011674
1 0.47787610619469023 0.13424124513618677 0.013274336283185806 0.0311284046692607
1 0.39491150442477874 0.1877431906614786 0.022123893805309713 0.04085603112840469
1 0.4070796460176991 0.193579766536965 0.013274336283185806 0.029182879377431914
1 0.38440265486725667 0.26459143968871596 0.018805309734513276 0.05058365758754865
1 0.39988938053097345 0.21595330739299612 0.014380530973451322 0.038910505836575876
1 0.4402654867256637 0.17315175097276264 0.015486725663716838 0.023346303501945526
1 0.4679203539823009 0.17996108949416342 0.019911504424778792 0.03307392996108949
1 0.4988938053097345 0.16828793774319067 0.015486725663716783 0.025291828793774312
1 0.5105088495575221 0.14202334630350194 0.0165929203539823 0.0311284046692607
1 0.5165929203539823 0.11575875486381322 0.01106194690265494 0.025291828793774312
1 0.5547566371681416 0.11186770428015563 0.014380530973451267 0.021400778210116725
1 0.5237831858407079 0.16634241245136186 0.0165929203539823 0.03307392996108949
1 0.5464601769911505 0.14591439688715954 0.017699115044247815 0.0311284046692607
1 0.5929203539823009 0.10019455252918288 0.017699115044247815 0.025291828793774326
1 0.5663716814159292 0.14299610894941633 0.022123893805309658 0.04474708171206225
1 0.5608407079646018 0.17120622568093385 0.015486725663716894 0.0311284046692607
1 0.6028761061946902 0.14105058365758755 0.015486725663716783 0.03307392996108949
1 0.5890486725663717 0.2091439688715953 0.023230088495575285 0.04085603112840466
1 0.5879424778761062 0.16342412451361868 0.0165929203539823 0.04280155642023348
1 0.586283185840708 0.13618677042801555 0.019911504424778736 0.042801556420233464
1 0.6471238938053097 0.10311284046692606 0.013274336283185861 0.0311284046692607
1 0.6410398230088495 0.14883268482490272 0.01880530973451333 0.04085603112840469
1 0.6426991150442478 0.18093385214007784 0.017699115044247815 0.038910505836575876
1 0.6205752212389382 0.23151750972762647 0.028761061946902644 0.066147859922179
1 0.6775442477876106 0.16731517509727628 0.0165929203539823 0.0350194552529183
1 0.6803097345132743 0.09533073929961089 0.013274336283185861 0.023346303501945526
1 0.6952433628318584 0.10700389105058367 0.014380530973451267 0.027237354085603113
1 0.7051991150442478 0.09241245136186771 0.0165929203539823 0.0291828793774319
1 0.6891592920353982 0.20038910505836577 0.019911504424778736 0.038910505836575876
1 0.6869469026548674 0.24124513618677043 0.019911504424778736 0.04669260700389105
1 0.7024336283185841 0.29961089494163423 0.030973451327433676 0.0622568093385214
1 0.7295353982300885 0.13326848249027237 0.014380530973451267 0.036964980544747075
1 0.7206858407079646 0.16731517509727628 0.0165929203539823 0.023346303501945526
1 0.7494469026548674 0.12743190661478598 0.012168141592920345 0.02140077821011674
1 0.730641592920354 0.22373540856031127 0.01880530973451322 0.04280155642023345
1 0.7649336283185841 0.11089494163424124 0.012168141592920345 0.027237354085603113
1 0.7533185840707965 0.17996108949416342 0.019911504424778736 0.04085603112840469
1 0.7566371681415929 0.22665369649805447 0.02212389380530977 0.04085603112840469
1 0.7787610619469028 0.1254863813229572 0.013274336283185861 0.03307392996108949
1 0.7859513274336283 0.1546692607003891 0.0165929203539823 0.025291828793774312
1 0.8003318584070795 0.1245136186770428 0.012168141592920345 0.023346303501945512
1 0.8141592920353982 0.1215953307392996 0.011061946902654829 0.0291828793774319
1 0.7986725663716814 0.18968871595330739 0.017699115044247815 0.029182879377431914
1 0.7948008849557522 0.2704280155642024 0.025442477876106206 0.04669260700389105
1 0.8434734513274336 0.1468871595330739 0.014380530973451378 0.03696498054474709
1 0.8224557522123894 0.18968871595330739 0.021017699115044253 0.03696498054474709
1 0.842367256637168 0.20428015564202334 0.021017699115044253 0.038910505836575876
1 0.8307522123893805 0.23638132295719844 0.019911504424778736 0.04474708171206229
1 0.8722345132743363 0.16439688715953307 0.0165929203539823 0.044747081712062264
1 0.9092920353982301 0.13813229571984437 0.011061946902654829 0.019455252918287952
1 0.9115044247787611 0.17704280155642024 0.011061946902654829 0.0311284046692607
1 0.8971238938053098 0.21108949416342412 0.015486725663716783 0.03696498054474706
1 0.9164823008849557 0.3463035019455253 0.02765486725663724 0.054474708171206254
1 0.9325221238938053 0.24221789883268485 0.017699115044247815 0.03696498054474709
1 0.9413716814159292 0.2169260700389105 0.019911504424778848 0.03307392996108949
1 0.9369469026548672 0.19844357976653698 0.017699115044247815 0.04280155642023345
1 0.9502212389380531 0.17704280155642022 0.022123893805309658 0.05058365758754865
1 0.5293141592920354 0.14299610894941633 0.014380530973451267 0.029182879377431914
1 0.7411504424778761 0.36867704280155644 0.028761061946902644 0.060311284046692615
1 0.6211283185840708 0.13132295719844359 0.014380530973451267 0.029182879377431914
