1 0.2121380846325167 0.3606719367588933 0.05011135857461024 0.09683794466403167
1 0.3290645879732739 0.19960474308300397 0.018930957683741645 0.03557312252964426
1 0.3680400890868597 0.1225296442687747 0.018930957683741645 0.031620553359683806
1 0.41146993318485525 0.1857707509881423 0.014476614699331869 0.027667984189723327
1 0.4304008908685969 0.17193675889328064 0.01670378619153673 0.03557312252964426
1 0.44042316258351893 0.1432806324110672 0.012249443207126953 0.03359683794466403
1 0.45267260579064583 0.1442687747035573 0.010022271714922037 0.02371541501976282
1 0.47160356347438753 0.1551383399209486 0.014476614699331813 0.03359683794466403
1 0.4615812917594655 0.17094861660079053 0.01670378619153673 0.02964426877470358
1 0.46492204899777284 0.2015810276679842 0.018930957683741645 0.03162055335968378
1 0.46380846325167036 0.14031620553359686 0.014476614699331869 0.023715415019762848
1 0.4866369710467706 0.14624505928853754 0.015590200445434299 0.0276679841897233
1 0.5094654788418709 0.1442687747035573 0.012249443207126842 0.02371541501976282
1 0.49721603563474387 0.13636363636363635 0.010022271714921982 0.01976284584980237
1 0.522271714922049 0.13043478260869565 0.013363028953229494 0.027667984189723313
1 0.522271714922049 0.1867588932806324 0.015590200445434355 0.03359683794466403
1 0.5434298440979956 0.19565217391304346 0.020044543429844186 0.03557312252964426
1 0.5439866369710468 0.15711462450592886 0.012249443207126953 0.029644268774703553
1 0.5701559020044543 0.13438735177865613 0.013363028953229383 0.03162055335968379
1 0.5796213808463251 0.12845849802371542 0.016703786191536785 0.03162055335968379
1 0.5991091314031181 0.1383399209486166 0.017817371937639215 0.03162055335968379
1 0.5851893095768375 0.16205533596837945 0.016703786191536785 0.03557312252964426
1 0.6208240534521159 0.17094861660079053 0.018930957683741645 0.03359683794466403
1 0.6169265033407573 0.1067193675889328 0.011135857461024523 0.023715415019762848
1 0.6425389755011136 0.12252964426877469 0.013363028953229383 0.027667984189723313
1 0.6520044543429844 0.14130434782608697 0.014476614699331813 0.025691699604743073
1 0.6586859688195992 0.11462450592885376 0.010022271714921982 0.023715415019762834
1 0.6692650334075724 0.11758893280632411 0.011135857461024523 0.021739130434782622
1 0.6904231625835189 0.11264822134387352 0.013363028953229494 0.031620553359683806
1 0.7110244988864143 0.12154150197628458 0.012249443207126953 0.025691699604743087
1 0.5957683741648108 0.24308300395256915 0.022271714922048935 0.051383399209486175
1 0.6330734966592427 0.21146245059288538 0.023385300668151476 0.05138339920948615
1 0.660913140311804 0.22035573122529645 0.021158129175946505 0.0533596837944664
1 0.6675946547884186 0.20652173913043476 0.018930957683741645 0.03359683794466403
1 0.6887527839643652 0.17292490118577075 0.018930957683741645 0.03359683794466403
1 0.7099109131403119 0.18181818181818182 0.016703786191536785 0.03162055335968378
1 0.7416481069042317 0.20652173913043478 0.024498886414253906 0.04545454545454547
1 0.7405345211581291 0.17490118577075098 0.015590200445434355 0.03754940711462451
1 0.755011135857461 0.1432806324110672 0.013363028953229383 0.025691699604743073
1 0.7594654788418709 0.13339920948616601 0.011135857461024412 0.021739130434782608
1 0.7689309576837416 0.1798418972332016 0.016703786191536674 0.039525691699604765
1 0.7800668151447662 0.1442687747035573 0.014476614699331813 0.035573122529644285
1 0.7978841870824054 0.16699604743083002 0.014476614699331813 0.03359683794466403
1 0.8073496659242761 0.15810276679841898 0.013363028953229383 0.03162055335968378
1 0.8273942093541202 0.13339920948616601 0.013363028953229383 0.029644268774703567
1 0.8262806236080178 0.1808300395256917 0.015590200445434244 0.03754940711462451
1 0.8407572383073496 0.18774703557312253 0.015590200445434355 0.03162055335968378
1 0.8095768374164811 0.20355731225296442 0.017817371937639215 0.03557312252964426
1 0.7889755011135857 0.21837944664031622 0.018930957683741645 0.04150197628458499
1 0.715478841870824 0.16798418972332016 0.016703786191536785 0.027667984189723327
1 0.8697104677060135 0.29051383399209485 0.020044543429844075 0.05138339920948615
1 0.8853006681514477 0.23023715415019763 0.017817371937639215 0.04150197628458496
1 0.8925389755011135 0.20553359683794467 0.021158129175946505 0.03952569169960474
1 0.873608017817372 0.15711462450592886 0.010022271714922093 0.029644268774703553
1 0.8502227171492205 0.15217391304347827 0.012249443207126953 0.031620553359683806
1 0.9170378619153675 0.17885375494071148 0.014476614699331813 0.03359683794466403
1 0.938195991091314 0.19466403162055335 0.012249443207126953 0.02964426877470358
1 0.9376391982182628 0.17193675889328064 0.011135857461024523 0.01976284584980237
1 0.9175946547884186 0.26679841897233203 0.017817371937639215 0.04743083003952567
