1 0.0875 0.3421875 0.16999999999999998 0.309375
1 0.31125 0.3703125 0.1275 0.16562500000000002
1 0.38249999999999995 0.3828125 0.04999999999999999 0.09687500000000004
1 0.42625 0.4140625 0.04749999999999999 0.07187500000000002
1 0.48 0.4171875 0.04499999999999993 0.07187500000000002
1 0.41500000000000004 0.30625 0.02999999999999997 0.05624999999999997
1 0.80125 0.415625 0.03749999999999998 0.07500000000000001
1 0.8425 0.4015625 0.05500000000000005 0.078125
1 0.90625 0.3875 0.08749999999999991 0.125
1 0.9724999999999999 0.415625 0.05500000000000005 0.08124999999999999
