1 0.5616666666666666 0.34875 0.030000000000000027 0.04749999999999999
1 0.6399999999999999 0.45999999999999996 0.043333333333333335 0.07
1 0.7424999999999999 0.4475 0.04500000000000004 0.065
1 0.8066666666666666 0.5225 0.06000000000000005 0.10499999999999998
1 0.8441666666666666 0.4675 0.03833333333333333 0.07500000000000001
1 0.8983333333333334 0.475 0.053333333333333344 0.09000000000000002
1 0.9608333333333334 0.47625 0.05166666666666664 0.08750000000000002
1 0.9758333333333333 0.55375 0.04833333333333334 0.10750000000000004
1 0.49916666666666665 0.51125 0.07166666666666671 0.10749999999999993
1 0.42666666666666664 0.6 0.11000000000000004 0.16500000000000004
1 0.37250000000000005 0.5237499999999999 0.065 0.09750000000000003
1 0.375 0.45999999999999996 0.033333333333333326 0.065
1 0.3275 0.47125 0.03833333333333333 0.057499999999999996
1 0.26416666666666666 0.47 0.05833333333333335 0.08000000000000002
1 0.23083333333333333 0.49875 0.05500000000000002 0.07749999999999996
1 0.16 0.53125 0.08000000000000002 0.09749999999999998
1 0.15583333333333332 0.48124999999999996 0.05499999999999999 0.07249999999999995
1 0.1 0.5125000000000001 0.053333333333333344 0.09500000000000003
1 0.05249999999999999 0.4425 0.048333333333333325 0.07499999999999996
1 0.022500000000000003 0.495 0.04166666666666667 0.11499999999999999
