1 0.15434782608695652 0.7069632495164411 0.15217391304347827 0.20696324951644096
1 0.2942028985507247 0.5899419729206963 0.08115942028985507 0.12765957446808518
1 0.5355072463768116 0.736943907156673 0.16376811594202895 0.2437137330754352
1 0.644927536231884 0.5696324951644101 0.1420289855072464 0.2147001934235977
1 0.24855072463768116 0.36943907156673117 0.053623188405797106 0.08897485493230178
1 0.29057971014492756 0.3452611218568665 0.027536231884058016 0.04061895551257255
1 0.31304347826086953 0.4400386847195358 0.03478260869565214 0.06769825918762085
1 0.3427536231884058 0.4381044487427466 0.036231884057971064 0.05609284332688591
1 0.39057971014492754 0.4439071566731141 0.042028985507246375 0.056092843326885855
1 0.37246376811594206 0.4148936170212766 0.03478260869565214 0.048355899419729176
1 0.4217391304347826 0.41586073500967113 0.023188405797101463 0.04642166344294002
1 0.4420289855072464 0.40135396518375244 0.023188405797101463 0.044487427466150864
1 0.5065217391304347 0.41102514506769827 0.030434782608695643 0.04835589941972923
1 0.5253623188405797 0.35493230174081236 0.02753623188405796 0.04061895551257255
1 0.5347826086956522 0.41586073500967113 0.02898550724637683 0.04255319148936171
1 0.5652173913043479 0.3520309477756286 0.02608695652173909 0.038684719535783396
1 0.5920289855072465 0.33462282398452614 0.033333333333333326 0.04642166344294002
1 0.636231884057971 0.3858800773694391 0.034782608695652195 0.048355899419729176
1 0.6355072463768117 0.425531914893617 0.04492753623188406 0.05029013539651839
1 0.7333333333333334 0.3646034816247582 0.0434782608695653 0.0676982591876209
1 0.8398550724637681 0.46034816247582205 0.05942028985507242 0.08510638297872342
1 0.9101449275362319 0.46131528046421666 0.049275362318840665 0.08704061895551263
1 0.8695652173913044 0.39264990328820115 0.02608695652173909 0.046421663442940075
1 0.8072463768115943 0.39361702127659576 0.04057971014492756 0.06382978723404253
