1 0.03461538461538462 0.6 0.04153846153846154 0.09499999999999997
1 0.019230769230769232 0.35625 0.016923076923076923 0.03749999999999998
1 0.10538461538461538 0.57875 0.041538461538461524 0.07250000000000001
1 0.10538461538461538 0.45999999999999996 0.038461538461538464 0.065
1 0.08846153846153845 0.34625 0.020000000000000004 0.03749999999999998
1 0.11 0.3225 0.01692307692307693 0.040000000000000036
1 0.13307692307692306 0.3375 0.016923076923076916 0.034999999999999976
1 0.14846153846153848 0.41125 0.026153846153846166 0.04749999999999999
1 0.16846153846153847 0.54875 0.032307692307692315 0.0625
1 0.19692307692307692 0.515 0.03076923076923077 0.050000000000000044
1 0.17461538461538462 0.3825 0.020000000000000018 0.04500000000000004
1 0.18923076923076923 0.3075 0.015384615384615385 0.030000000000000027
1 0.2053846153846154 0.3675 0.01692307692307693 0.03500000000000003
1 0.20461538461538462 0.345 0.015384615384615385 0.024999999999999967
1 0.22384615384615386 0.33375 0.013846153846153869 0.02749999999999997
1 0.2253846153846154 0.42625 0.026153846153846166 0.0625
1 0.24230769230769228 0.395 0.016923076923076902 0.034999999999999976
1 0.2561538461538462 0.5487500000000001 0.032307692307692315 0.0675
1 0.2946153846153846 0.50375 0.026153846153846194 0.05250000000000005
1 0.2723076923076923 0.46499999999999997 0.024615384615384595 0.044999999999999984
1 0.28923076923076924 0.44 0.021538461538461506 0.03500000000000003
1 0.26076923076923075 0.36875 0.013846153846153841 0.02250000000000002
1 0.24538461538461537 0.3275 0.010769230769230753 0.025000000000000022
1 0.3007692307692308 0.29625 0.013846153846153841 0.02250000000000002
1 0.2853846153846154 0.395 0.01692307692307693 0.02999999999999997
1 0.30846153846153845 0.36375 0.013846153846153841 0.027500000000000024
1 0.33 0.39875 0.01692307692307693 0.02749999999999997
1 0.32307692307692304 0.43374999999999997 0.018461538461538474 0.03250000000000003
1 0.33153846153846156 0.47125 0.019999999999999962 0.04249999999999998
1 0.34076923076923077 0.53 0.029230769230769282 0.065
1 0.37615384615384617 0.50875 0.02307692307692305 0.05250000000000005
1 0.3830769230769231 0.47125 0.021538461538461562 0.04249999999999998
1 0.3615384615384616 0.435 0.018461538461538474 0.03500000000000003
1 0.37153846153846154 0.39875 0.013846153846153841 0.02749999999999997
1 0.3776923076923077 0.37375 0.013846153846153841 0.027500000000000024
1 0.37153846153846154 0.305 0.010769230769230753 0.025000000000000022
1 0.42153846153846153 0.29374999999999996 0.012307692307692297 0.02250000000000002
1 0.4330769230769231 0.36124999999999996 0.013846153846153841 0.027500000000000024
1 0.42846153846153845 0.39625 0.01692307692307693 0.03249999999999997
1 0.4146153846153846 0.42125 0.01692307692307693 0.03249999999999997
1 0.42846153846153845 0.47 0.020000000000000018 0.034999999999999976
1 0.4276923076923077 0.51625 0.027692307692307683 0.05750000000000005
1 0.45692307692307693 0.48375 0.024615384615384595 0.05249999999999999
1 0.47307692307692306 0.425 0.01692307692307693 0.03500000000000003
1 0.46307692307692305 0.38875000000000004 0.015384615384615385 0.03250000000000003
1 0.4869230769230769 0.36124999999999996 0.013846153846153841 0.02250000000000002
1 0.48384615384615387 0.29625 0.013846153846153841 0.02250000000000002
1 0.51 0.32 0.010769230769230753 0.025000000000000022
1 0.5330769230769231 0.4225 0.020000000000000018 0.034999999999999976
1 0.5084615384615385 0.46875 0.023076923076923106 0.04249999999999998
1 0.5130769230769231 0.5275 0.029230769230769227 0.06
1 0.5423076923076924 0.5037499999999999 0.026153846153846083 0.04749999999999999
1 0.5653846153846154 0.47 0.01692307692307693 0.03999999999999998
1 0.5446153846153846 0.37124999999999997 0.012307692307692353 0.027500000000000024
1 0.56 0.31 0.015384615384615441 0.030000000000000027
1 0.5938461538461539 0.32125000000000004 0.012307692307692242 0.02250000000000002
1 0.5715384615384616 0.38625 0.01692307692307693 0.027500000000000024
1 0.6000000000000001 0.43125 0.018461538461538418 0.03750000000000003
1 0.5815384615384616 0.505 0.024615384615384595 0.050000000000000044
1 0.61 0.515 0.026153846153846194 0.06000000000000005
1 0.6276923076923078 0.47375 0.018461538461538418 0.03749999999999998
1 0.6523076923076923 0.50625 0.027692307692307794 0.05249999999999999
1 0.6230769230769231 0.39125 0.01538461538461533 0.027500000000000024
1 0.6492307692307693 0.36624999999999996 0.012307692307692242 0.027500000000000024
1 0.6853846153846154 0.31125 0.013846153846153841 0.027500000000000024
1 0.6707692307692308 0.3875 0.01538461538461533 0.030000000000000027
1 0.6576923076923077 0.43625 0.020000000000000018 0.03750000000000003
1 0.6892307692307692 0.47250000000000003 0.021538461538461506 0.03999999999999998
1 0.71 0.52375 0.03230769230769226 0.06250000000000006
1 0.7246153846153847 0.47750000000000004 0.018461538461538418 0.034999999999999976
1 0.7015384615384616 0.4325 0.01846153846153853 0.040000000000000036
1 0.7146153846153847 0.395 0.020000000000000018 0.02999999999999997
1 0.7276923076923076 0.36624999999999996 0.021538461538461617 0.02250000000000002
1 0.7515384615384615 0.39875 0.013846153846153841 0.02749999999999997
1 0.7615384615384615 0.42874999999999996 0.021538461538461617 0.03750000000000003
1 0.7569230769230769 0.48624999999999996 0.024615384615384706 0.04249999999999993
1 0.813076923076923 0.53625 0.038461538461538436 0.0625
1 0.8038461538461539 0.47125 0.023076923076923106 0.04249999999999998
1 0.8292307692307692 0.4325 0.01846153846153853 0.03500000000000003
1 0.8023076923076924 0.40125 0.01692307692307693 0.02749999999999997
1 0.7984615384615384 0.33375 0.012307692307692353 0.02749999999999997
1 0.8361538461538461 0.3225 0.013846153846153841 0.025000000000000022
1 0.8746153846153846 0.32625000000000004 0.013846153846153841 0.03250000000000003
1 0.8630769230769231 0.39625 0.01538461538461533 0.02749999999999997
1 0.8784615384615384 0.43625 0.021538461538461617 0.04250000000000004
1 0.8607692307692307 0.5075000000000001 0.029230769230769282 0.05500000000000005
1 0.8923076923076922 0.4875 0.015384615384615441 0.03500000000000003
1 0.9123076923076923 0.485 0.018461538461538418 0.04499999999999993
1 0.9215384615384616 0.52 0.03076923076923077 0.06000000000000005
1 0.9446153846153846 0.5525 0.03384615384615386 0.06000000000000005
1 0.9199999999999999 0.32375 0.015384615384615441 0.03250000000000003
