1 0.1951844262295082 0.23708487084870847 0.019467213114754106 0.04612546125461253
1 0.4123975409836066 0.2177121771217712 0.02151639344262296 0.040590405904059046
1 0.6296106557377049 0.13653136531365315 0.015368852459016313 0.03321033210332104
1 0.6495901639344263 0.1392988929889299 0.016393442622950838 0.03136531365313654
1 0.6531762295081966 0.12361623616236163 0.013319672131147597 0.029520295202952046
1 0.7566598360655737 0.1392988929889299 0.013319672131147486 0.035055350553505546
1 0.7730532786885246 0.14760147601476015 0.015368852459016313 0.03321033210332103
1 0.8975409836065573 0.22324723247232472 0.016393442622950727 0.03690036900369004
1 0.8299180327868853 0.25276752767527677 0.024590163934426146 0.05535055350553503
1 0.8939549180327868 0.25 0.01946721311475408 0.04243542435424352
1 0.9252049180327868 0.25276752767527677 0.020491803278688603 0.047970479704797064
