1 0.016796875000000003 0.23958333333333331 0.032031250000000004 0.09305555555555553
1 0.06015625 0.2791666666666667 0.0421875 0.08611111111111114
1 0.10703125000000001 0.23680555555555555 0.053125000000000006 0.10694444444444448
1 0.2109375 0.3333333333333333 0.06093749999999998 0.12777777777777777
1 0.1984375 0.22847222222222222 0.037500000000000006 0.07916666666666666
1 0.259765625 0.2618055555555555 0.04296875 0.0847222222222222
1 0.309375 0.41527777777777775 0.07656249999999998 0.16666666666666669
1 0.310546875 0.24583333333333332 0.04296875 0.08055555555555555
1 0.380859375 0.19583333333333333 0.03359374999999998 0.06388888888888888
1 0.44296875 0.2715277777777778 0.08906249999999999 0.16805555555555557
1 0.56171875 0.26805555555555555 0.03593750000000007 0.07222222222222219
1 0.656640625 0.21944444444444444 0.030468750000000044 0.061111111111111116
1 0.6734375 0.2916666666666667 0.042187500000000044 0.0888888888888889
1 0.653125 0.5215277777777778 0.10781249999999998 0.2541666666666667
1 0.7835937500000001 0.38055555555555554 0.07656249999999998 0.15555555555555556
1 0.756640625 0.30138888888888893 0.05234375000000002 0.08611111111111108
1 0.7671874999999999 0.2423611111111111 0.04531249999999998 0.07083333333333336
1 0.96484375 0.2569444444444444 0.04843749999999991 0.10000000000000003
1 0.932421875 0.32152777777777775 0.07109375000000007 0.1291666666666667
