1 0.2747148288973384 0.39901477832512317 0.05323193916349808 0.09523809523809523
1 0.4781368821292776 0.11576354679802955 0.017110266159695797 0.03776683087027914
1 0.502851711026616 0.16995073891625617 0.017110266159695797 0.03448275862068964
1 0.7248098859315589 0.16091954022988508 0.012357414448669113 0.026272577996715923
1 0.7718631178707225 0.16174055829228243 0.01520912547528519 0.03119868637110018
1 0.8022813688212929 0.18472906403940886 0.01520912547528519 0.03119868637110018
1 0.8075095057034221 0.16995073891625617 0.01615969581749055 0.02463054187192118
1 0.856939163498099 0.18555008210180624 0.012357414448669224 0.026272577996715923
1 0.8887832699619772 0.29146141215106736 0.017110266159695797 0.04433497536945813
1 0.9510456273764258 0.23727422003284074 0.014258555133079831 0.03448275862068967
