1 0.081 0.5826666666666667 0.07 0.1200000000000001
1 0.14 0.5106666666666667 0.06000000000000001 0.08266666666666672
1 0.199 0.4026666666666667 0.038000000000000006 0.04800000000000004
1 0.431 0.492 0.04200000000000004 0.07200000000000001
1 0.515 0.5533333333333333 0.07000000000000006 0.09333333333333327
1 0.40700000000000003 0.45333333333333337 0.033999999999999975 0.0586666666666667
1 0.38 0.43866666666666665 0.028000000000000025 0.04533333333333334
1 0.36 0.4093333333333333 0.02400000000000002 0.040000000000000036
1 0.452 0.38666666666666666 0.028000000000000025 0.03733333333333333
1 0.481 0.4093333333333333 0.025999999999999968 0.040000000000000036
1 0.511 0.41866666666666663 0.026000000000000023 0.042666666666666686
1 0.55 0.43333333333333335 0.03199999999999992 0.05066666666666669
1 0.55 0.39066666666666666 0.020000000000000018 0.040000000000000036
1 0.578 0.4 0.020000000000000018 0.03199999999999997
1 0.623 0.45866666666666667 0.030000000000000027 0.058666666666666645
1 0.637 0.4186666666666667 0.02200000000000002 0.03733333333333333
1 0.685 0.42666666666666664 0.025999999999999912 0.042666666666666686
1 0.729 0.416 0.026000000000000023 0.03733333333333333
1 0.715 0.5053333333333334 0.038000000000000034 0.07733333333333337
1 0.774 0.45199999999999996 0.03200000000000003 0.055999999999999994
1 0.837 0.544 0.07399999999999995 0.09066666666666673
1 0.864 0.476 0.040000000000000036 0.07200000000000001
1 0.895 0.45333333333333337 0.04200000000000004 0.05333333333333329
1 0.979 0.5373333333333333 0.04200000000000004 0.08266666666666667
