1 0.0205078125 0.28839590443686003 0.033203125 0.047781569965870296
1 0.115234375 0.2892491467576792 0.046875 0.046075085324232046
1 0.150390625 0.341296928327645 0.05078125 0.05802047781569969
1 0.1435546875 0.4974402730375427 0.072265625 0.06655290102389078
1 0.044921875 0.6757679180887372 0.08203125 0.11945392491467577
1 0.3505859375 0.7508532423208192 0.205078125 0.19795221843003408
1 0.2734375 0.32849829351535836 0.04296875 0.03583617747440271
1 0.298828125 0.34982935153583616 0.046875 0.04436860068259385
1 0.390625 0.36860068259385664 0.05078125 0.04436860068259385
1 0.9111328125 0.3907849829351536 0.072265625 0.07849829351535836
