1 0.06810897435897437 0.6080843585237259 0.05608974358974359 0.12302284710017575
1 0.20032051282051283 0.304920913884007 0.019230769230769246 0.05448154657293497
1 0.22996794871794873 0.29261862917398945 0.025641025641025633 0.05799648506151145
1 0.2732371794871795 0.2530755711775044 0.019230769230769218 0.04217926186291743
1 0.31009615384615385 0.25131810193321613 0.01762820512820512 0.04217926186291737
1 0.3265224358974359 0.24340949033391915 0.01842948717948717 0.057996485061511394
1 0.3104967948717948 0.22056239015817225 0.01842948717948717 0.04745166959578209
1 0.3529647435897436 0.21968365553602812 0.01842948717948717 0.04569420035149385
1 0.3729967948717948 0.27152899824253074 0.01842948717948717 0.047451669595782064
1 0.3926282051282052 0.2469244288224956 0.01762820512820512 0.047451669595782064
1 0.3653846153846154 0.20913884007029876 0.01762820512820512 0.04569420035149385
1 0.39302884615384615 0.19683655536028122 0.016826923076923073 0.0421792618629174
1 0.43830128205128205 0.3312829525483304 0.02564102564102566 0.061511423550087874
1 0.43229166666666663 0.20298769771529 0.01842948717948717 0.04042179261862916
1 0.43669871794871795 0.1687170474516696 0.014423076923076927 0.0421792618629174
1 0.4559294871794872 0.17223198594024605 0.014423076923076927 0.03163444639718804
1 0.4963942307692307 0.164323374340949 0.02323717948717946 0.04393673110720561
1 0.4955929487179487 0.21528998242530756 0.016826923076923073 0.04393673110720564
1 0.47275641025641024 0.2565905096660808 0.020833333333333315 0.05623901581722321
1 0.5228365384615384 0.17750439367311072 0.018429487179487225 0.049209138840070304
1 0.5548878205128205 0.22847100175746923 0.020032051282051322 0.03866432337434095
1 0.5580929487179487 0.1695957820738137 0.013621794871794823 0.04042179261862916
1 0.5544871794871795 0.13708260105448156 0.014423076923076872 0.03163444639718806
1 0.578926282051282 0.14147627416520211 0.016826923076923128 0.036906854130052735
1 0.5805288461538461 0.20298769771529 0.018429487179487225 0.047451669595782064
1 0.5817307692307692 0.1748681898066784 0.014423076923076983 0.03339191564147628
1 0.5997596153846154 0.12829525483304044 0.01522435897435892 0.0421792618629174
1 0.6081730769230769 0.1616871704745167 0.012820512820512886 0.03514938488576452
1 0.6149839743589743 0.18453427065026362 0.016826923076923128 0.04569420035149385
1 0.6237980769230769 0.21089630931458697 0.01522435897435892 0.049209138840070304
1 0.6310096153846154 0.13620386643233745 0.016826923076923017 0.04042179261862919
1 0.6582532051282051 0.15377855887521968 0.01522435897435892 0.04393673110720564
1 0.6662660256410257 0.13971880492091387 0.013621794871794934 0.04042179261862919
1 0.6650641025641025 0.1898066783831283 0.011217948717948678 0.0421792618629174
1 0.6754807692307692 0.2451669595782074 0.019230769230769273 0.05448154657293494
1 0.6959134615384616 0.21704745166959577 0.016826923076923128 0.04393673110720561
1 0.6899038461538461 0.17223198594024602 0.01602564102564097 0.035149384885764495
1 0.6895032051282051 0.14235500878734622 0.016826923076923017 0.042179261862917386
1 0.7123397435897436 0.16432337434094904 0.01602564102564097 0.036906854130052735
1 0.6165865384615384 0.3031634446397188 0.024839743589743613 0.057996485061511394
1 0.577724358974359 0.35500878734622143 0.028846153846153855 0.07029876977152899
1 0.6117788461538461 0.3927943760984183 0.0328525641025641 0.06854130052724078
1 0.6586538461538463 0.4270650263620387 0.03044871794871795 0.07732864674868195
1 0.7319711538461539 0.4209138840070299 0.0328525641025641 0.08963093145869949
1 0.7303685897435898 0.2741652021089631 0.020032051282051322 0.05623901581722318
1 0.7483974358974359 0.30843585237258353 0.02083333333333326 0.05448154657293497
1 0.7435897435897436 0.24428822495606328 0.017628205128205066 0.049209138840070304
1 0.750400641025641 0.2056239015817223 0.016826923076923017 0.03866432337434095
1 0.7740384615384615 0.19420035149384884 0.017628205128205177 0.04745166959578209
1 0.796073717948718 0.22583479789103691 0.020032051282051322 0.050966608084358545
1 0.8112980769230769 0.19947275922671354 0.018429487179487114 0.05096660808435852
1 0.8209134615384616 0.21265377855887524 0.015224358974359031 0.0421792618629174
1 0.8233173076923077 0.24428822495606328 0.016826923076923128 0.04569420035149385
1 0.7908653846153846 0.2820738137082601 0.02083333333333337 0.061511423550087874
1 0.8145032051282051 0.3110720562390158 0.0248397435897435 0.06326889279437614
1 0.8004807692307692 0.4815465729349736 0.033653846153846145 0.09490333919156413
1 0.8697916666666666 0.5166959578207382 0.03125 0.10544815465729351
1 0.8890224358974359 0.4226713532513181 0.023237179487179516 0.07205623901581726
1 0.8637820512820513 0.38137082601054484 0.022435897435897467 0.06326889279437614
1 0.8713942307692308 0.3268892794376098 0.018429487179487114 0.0456942003514938
1 0.8882211538461539 0.30579964850615116 0.018429487179487225 0.05272407732864676
1 0.8705929487179487 0.24340949033391915 0.013621794871794823 0.04042179261862916
1 0.8802083333333333 0.23198594024604569 0.01522435897435892 0.035149384885764495
1 0.9022435897435898 0.2390158172231986 0.019230769230769162 0.04569420035149385
1 0.9030448717948718 0.27680140597539543 0.012820512820512775 0.047451669595782064
1 0.9242788461538461 0.35852372583479786 0.02163461538461542 0.07029876977152899
1 0.9326923076923077 0.28383128295254834 0.014423076923076872 0.05096660808435849
1 0.953525641025641 0.25922671353251314 0.014423076923076983 0.04042179261862916
1 0.984375 0.2697715289982425 0.012019230769230838 0.047451669595782064
1 0.9735576923076923 0.3330404217926186 0.01602564102564097 0.050966608084358545
1 0.9743589743589745 0.38576449912126537 0.02083333333333337 0.05799648506151145
1 0.9507211538461539 0.3945518453427065 0.02163461538461542 0.0720562390158172
1 0.9543269230769231 0.4956063268892794 0.024038461538461564 0.0913884007029877
