1 0.1331738437001595 0.5464632454923717 0.03987240829346092 0.08044382801664351
1 0.22647527910685805 0.33495145631067963 0.017543859649122806 0.03467406380027738
1 0.2567783094098884 0.3363384188626907 0.01913875598086126 0.04022191400832176
1 0.27751196172248804 0.37031900138696255 0.020733652312599715 0.03883495145631066
1 0.3233652312599681 0.36615811373092927 0.0215311004784689 0.04438280166435504
1 0.2850877192982456 0.30097087378640774 0.019936204146730474 0.03328710124826634
1 0.3437001594896332 0.32316227461858527 0.017543859649122806 0.03328710124826634
1 0.34688995215311 0.2912621359223301 0.014354066985645952 0.030513176144244092
1 0.3803827751196172 0.33356449375866853 0.019138755980861233 0.04022191400832176
1 0.4003189792663477 0.32732316227461855 0.019138755980861233 0.030513176144244147
1 0.3991228070175439 0.29403606102635227 0.016746411483253565 0.0277392510402219
1 0.3871610845295056 0.2524271844660194 0.016746411483253565 0.03328710124826628
1 0.41666666666666663 0.2565880721220527 0.013556618819776711 0.02496532593619971
1 0.42902711323763953 0.27184466019417475 0.01594896331738438 0.03328710124826628
1 0.4298245614035088 0.30513176144244103 0.020733652312599715 0.03606102635228853
1 0.43779904306220097 0.33495145631067963 0.022328548644338087 0.04022191400832176
1 0.49242424242424243 0.3162274618585298 0.01993620414673042 0.03606102635228853
1 0.46291866028708134 0.3030513176144244 0.019936204146730474 0.04022191400832181
1 0.45454545454545453 0.23994452149791956 0.01594896331738438 0.030513176144244092
1 0.46570972886762363 0.2621359223300971 0.015948963317384324 0.03328710124826628
1 0.4944178628389154 0.2552011095700416 0.017543859649122806 0.03328710124826628
1 0.5083732057416268 0.2711511789181692 0.015151515151515138 0.03190013869625519
1 0.5083732057416268 0.2420249653259362 0.01674641148325362 0.026352288488210807
1 0.5299043062200957 0.24687933425797504 0.015151515151515138 0.03328710124826628
1 0.5430622009569378 0.2801664355062413 0.01754385964912286 0.03328710124826628
1 0.5633971291866029 0.2565880721220527 0.013556618819776656 0.030513176144244092
1 0.5602073365231259 0.2302357836338419 0.011961722488038284 0.02496532593619974
1 0.5546251993620415 0.21775312066574204 0.011961722488038173 0.02219140083217755
1 0.5717703349282297 0.23370319001386963 0.011164274322169043 0.026352288488210807
1 0.5841307814992025 0.24895977808599168 0.015151515151515249 0.029126213592232997
1 0.5897129186602872 0.21914008321775313 0.011961722488038284 0.02496532593619974
1 0.5937001594896332 0.20527045769764216 0.013556618819776656 0.02496532593619971
1 0.6144338118022328 0.21220527045769766 0.013556618819776767 0.02773925104022193
1 0.6244019138755981 0.22399445214979197 0.011164274322169043 0.029126213592233025
1 0.6283891547049442 0.24133148404993066 0.014354066985645897 0.0277392510402219
1 0.6539074960127592 0.2274618585298197 0.01594896331738438 0.02773925104022193
1 0.6559011164274322 0.20527045769764216 0.011961722488038284 0.02219140083217752
1 0.6686602870813396 0.22191400832177532 0.011961722488038284 0.02773925104022193
1 0.5267145135566188 0.34396671289875175 0.023125996810207328 0.04715672676837723
1 0.4704944178628389 0.39875173370319 0.028708133971291905 0.05963938973647709
1 0.5307017543859649 0.40499306518723993 0.029505582137161035 0.0554785020804438
1 0.5729665071770335 0.4403606102635229 0.031100478468899517 0.06518723994452152
1 0.5873205741626795 0.37586685159500693 0.027910685805422664 0.04993065187239942
1 0.5873205741626795 0.3238557558945908 0.023125996810207328 0.03744798890429962
1 0.6251993620414673 0.29542302357836336 0.020733652312599604 0.04160887656033291
1 0.6535087719298246 0.27739251040221913 0.01674641148325362 0.03328710124826628
1 0.6794258373205742 0.29819694868238555 0.01754385964912286 0.03883495145631072
1 0.689792663476874 0.29403606102635227 0.01594896331738438 0.03606102635228847
1 0.6471291866028708 0.3647711511789182 0.02631578947368418 0.0554785020804438
1 0.6722488038277512 0.35298196948682387 0.022328548644338087 0.05409153952843271
1 0.6216108452950558 0.4576976421636616 0.031100478468899517 0.06657420249653262
1 0.7033492822966507 0.3932038834951456 0.027113237639553422 0.05409153952843271
1 0.6826156299840511 0.5305131761442441 0.03508771929824561 0.06518723994452147
1 0.7687400318979266 0.42024965325936203 0.02551834130781505 0.06102635228848824
1 0.8090111642743221 0.492371705963939 0.03588516746411485 0.07212205270457694
1 0.8237639553429028 0.45284327323162277 0.027113237639553422 0.054091539528432764
1 0.6905901116427433 0.24757281553398058 0.012759170653907526 0.029126213592232997
1 0.713317384370016 0.2510402219140083 0.01674641148325351 0.03328710124826628
1 0.7169059011164274 0.23647711511789182 0.014354066985646008 0.029126213592232997
1 0.7304625199362041 0.22954230235783635 0.011164274322169154 0.029126213592233025
1 0.7496012759170654 0.2739251040221914 0.014354066985645897 0.03190013869625519
1 0.7448165869218502 0.2621359223300971 0.012759170653907526 0.02219140083217752
1 0.7679425837320574 0.2656033287101248 0.01594896331738438 0.029126213592232997
1 0.7619617224880383 0.23439667128987518 0.015151515151515138 0.0277392510402219
1 0.7906698564593302 0.2447988904299584 0.015151515151515138 0.026352288488210807
1 0.7950558213716108 0.29819694868238555 0.01754385964912275 0.04160887656033291
1 0.7922647527910686 0.3522884882108183 0.023125996810207328 0.04438280166435504
1 0.8249601275917066 0.30859916782246877 0.01674641148325362 0.03744798890429962
1 0.8213716108452951 0.25589459084604715 0.014354066985645897 0.03190013869625519
1 0.8333333333333334 0.2697642163661581 0.014354066985645897 0.03467406380027738
1 0.8556618819776715 0.24965325936199723 0.014354066985645897 0.0277392510402219
1 0.8712121212121212 0.2711511789181692 0.013556618819776656 0.03190013869625519
1 0.8604465709728868 0.30998613037447986 0.014354066985645897 0.03190013869625524
1 0.8500797448165869 0.34674063800277394 0.020733652312599715 0.04438280166435504
1 0.8381180223285487 0.3710124826629681 0.020733652312599715 0.04576976421636614
1 0.8959330143540669 0.4521497919556172 0.029505582137161146 0.05825242718446605
1 0.888755980861244 0.38210818307905686 0.0247208931419457 0.05409153952843271
1 0.9090909090909092 0.3488210818307906 0.01754385964912275 0.04022191400832176
1 0.9086921850079746 0.32454923717059636 0.021531100478468956 0.04715672676837729
1 0.8891547049441786 0.30097087378640774 0.01594896331738438 0.030513176144244147
1 0.9154704944178629 0.2711511789181692 0.012759170653907526 0.026352288488210807
