1 0.07790368271954674 0.4575411913814955 0.057601510859301236 0.08111533586818759
1 0.15627950897072712 0.43599493029150826 0.050047214353163366 0.0659062103929024
1 0.1964117091595845 0.5190114068441065 0.08687440982058545 0.1001267427122941
1 0.2271010387157696 0.4157160963244614 0.04438149197355995 0.060836501901140705
1 0.28234183191690276 0.40874524714828897 0.04154863078375831 0.06210392902408113
1 0.301699716713881 0.517743979721166 0.07648725212464591 0.10773130544993664
1 0.37063267233238906 0.426489226869455 0.0538243626062323 0.07477820025348547
1 0.3937677053824363 0.41508238276299114 0.04532577903682722 0.06210392902408113
1 0.45514636449480644 0.4036755386565273 0.03588290840415487 0.046894803548795994
1 0.4636449480642115 0.3079847908745247 0.02455146364494809 0.03295310519645117
1 0.5033050047214354 0.4220532319391635 0.04532577903682722 0.055766793409378956
1 0.4943342776203966 0.4619771863117871 0.05760151085930115 0.07731305449936632
1 0.5174693106704438 0.38593155893536124 0.03021718602455148 0.044359949302915036
1 0.5377714825306893 0.376425855513308 0.029272898961284266 0.04309252217997461
1 0.43342776203966005 0.6730038022813688 0.1454202077431539 0.24081115335868186
1 0.5868744098205854 0.5519645120405576 0.08781869688385269 0.13054499366286437
1 0.591123701605288 0.4575411913814955 0.05288007554296503 0.0659062103929024
1 0.6100094428706326 0.3802281368821293 0.03777148253068929 0.04309252217997467
1 0.6935788479697829 0.3891001267427123 0.038715769593956506 0.0659062103929024
1 0.6964117091595845 0.44550063371356147 0.053824362606232246 0.07477820025348547
1 0.7559017941454202 0.47655259822560203 0.0632672332389046 0.08871989860583018
1 0.9098205854579793 0.7908745247148289 0.16525023607176592 0.2585551330798479
1 0.8739376770538243 0.3992395437262357 0.03682719546742208 0.05069708491761721
1 0.8932955618508027 0.37262357414448666 0.03777148253068929 0.04309252217997467
1 0.9154863078375826 0.41191381495564006 0.044381491973560006 0.05323193916349811
1 0.947119924457035 0.3935361216730038 0.03588290840415487 0.05196451204055769
1 0.9787535410764873 0.41191381495564006 0.04249291784702547 0.0659062103929024
