1 0.5645454545454546 0.4680232558139535 0.023636363636363678 0.04069767441860461
1 0.4618181818181818 0.7906976744186047 0.11636363636363639 0.2209302325581396
1 0.22636363636363638 0.8502906976744187 0.18363636363636363 0.27034883720930225
1 0.16 0.7034883720930233 0.07636363636363637 0.11627906976744184
1 0.11727272727272728 0.6715116279069767 0.052727272727272734 0.10465116279069764
1 0.09545454545454546 0.617732558139535 0.030909090909090914 0.05523255813953487
1 0.016363636363636365 0.5973837209302326 0.02909090909090909 0.061046511627906974
1 0.042727272727272725 0.5901162790697674 0.027272727272727275 0.046511627906976716
1 0.15454545454545454 0.6075581395348837 0.032727272727272716 0.05813953488372092
1 0.19 0.5988372093023255 0.04181818181818181 0.05813953488372092
1 0.23363636363636364 0.627906976744186 0.038181818181818206 0.05232558139534893
1 0.21272727272727274 0.6700581395348837 0.04363636363636364 0.06686046511627908
1 0.2554545454545455 0.7005813953488372 0.06 0.11046511627906974
1 0.2318181818181818 0.6031976744186047 0.027272727272727282 0.05523255813953487
1 0.2909090909090909 0.617732558139535 0.032727272727272716 0.061046511627906974
1 0.3209090909090909 0.6627906976744187 0.034545454545454546 0.06395348837209303
1 0.3236363636363636 0.622093023255814 0.02909090909090911 0.05232558139534893
1 0.3527272727272728 0.625 0.025454545454545452 0.058139534883721034
1 0.3718181818181818 0.6366279069767442 0.030909090909090886 0.05813953488372092
1 0.3809090909090909 0.7078488372093024 0.052727272727272734 0.10755813953488369
1 0.41454545454545455 0.629360465116279 0.025454545454545452 0.06686046511627908
1 0.4409090909090909 0.6366279069767442 0.030909090909090886 0.06976744186046513
1 0.4672727272727273 0.632267441860465 0.025454545454545452 0.061046511627906974
1 0.49363636363636365 0.627906976744186 0.027272727272727337 0.06395348837209303
1 0.5472727272727274 0.686046511627907 0.043636363636363584 0.09883720930232553
1 0.7772727272727273 0.6526162790697674 0.027272727272727226 0.05523255813953487
1 0.5827272727272728 0.6366279069767442 0.034545454545454546 0.06395348837209303
1 0.8127272727272727 0.6482558139534884 0.032727272727272716 0.06395348837209303
1 0.8563636363636363 0.6555232558139534 0.036363636363636376 0.07848837209302328
1 0.8881818181818182 0.6424418604651163 0.030909090909090997 0.06976744186046513
1 0.9690909090909091 0.6758720930232558 0.043636363636363695 0.10755813953488369
1 0.9381818181818182 0.6598837209302326 0.032727272727272716 0.07558139534883723
1 0.9163636363636364 0.6511627906976745 0.029090909090909056 0.06976744186046513
