1 0.07649842271293375 0.5139103554868625 0.044164037854889586 0.09737248840803703
1 0.2302839116719243 0.24884080370942813 0.018927444794952702 0.04636785162287482
1 0.24605678233438488 0.24961360123647605 0.02050473186119875 0.04482225656877897
1 0.26537854889589907 0.23724884080370945 0.013406940063091455 0.04173106646058736
1 0.3225552050473186 0.22720247295208656 0.01577287066246058 0.04018547140649151
1 0.3186119873817035 0.2009273570324575 0.018927444794952675 0.03091190108191652
1 0.3446372239747634 0.22024729520865532 0.020504731861198777 0.047913446676970645
1 0.35764984227129337 0.20015455950540958 0.016561514195583604 0.04482225656877897
1 0.37342271293375395 0.18701700154559506 0.019716088328075698 0.03400309119010819
1 0.3832807570977918 0.24188562596599691 0.02050473186119872 0.04482225656877897
1 0.416403785488959 0.17542503863987635 0.017350157728706628 0.03245749613601234
1 0.44203470031545744 0.18006182380216385 0.013406940063091455 0.035548686244204014
1 0.43730283911671924 0.2982998454404946 0.019716088328075698 0.05255023183925811
1 0.48146687697160884 0.22411128284389492 0.022870662460567792 0.046367851622874795
1 0.4629337539432177 0.15996908809891808 0.01577287066246058 0.038639876352395686
1 0.47318611987381703 0.14064914992272026 0.01577287066246058 0.03091190108191652
1 0.48501577287066244 0.16769706336939721 0.022082018927444824 0.04173106646058733
1 0.499211356466877 0.14142194744976816 0.011041009463722384 0.03245749613601234
1 0.5232649842271293 0.15301391035548687 0.016561514195583604 0.027820710973724905
1 0.5031545741324921 0.19551777434312212 0.015772870662460636 0.03245749613601237
1 0.5611198738170347 0.2063369397217929 0.019716088328075698 0.04173106646058733
1 0.5382492113564669 0.14992272024729522 0.011829652996845352 0.03400309119010819
1 0.5583596214511042 0.1491499227202473 0.01104100946372244 0.026275115919629055
1 0.5603312302839116 0.12982998454404945 0.014984227129337557 0.02782071097372489
1 0.5816246056782335 0.12982998454404945 0.016561514195583604 0.030911901081916535
1 0.6037066246056781 0.11901081916537867 0.01340694006309151 0.02782071097372489
1 0.6360410094637223 0.1213292117465224 0.011829652996845463 0.035548686244204014
1 0.5863564668769716 0.19242658423493045 0.01340694006309151 0.03245749613601234
1 0.6593059936908516 0.1445131375579598 0.01577287066246058 0.035548686244204014
1 0.663249211356467 0.1329211746522411 0.018927444794952675 0.030911901081916535
1 0.6959779179810726 0.13060278207109738 0.014984227129337446 0.035548686244204014
1 0.7149053627760252 0.1437403400309119 0.011829652996845352 0.03091190108191655
1 0.6147476340694007 0.16924265842349306 0.014984227129337557 0.03863987635239566
1 0.624211356466877 0.18778979907264298 0.01813880126182965 0.0417310664605873
1 0.6675867507886435 0.21870170015455953 0.022870662460567792 0.05100463678516229
1 0.7046529968454258 0.1970633693972179 0.016561514195583604 0.035548686244204014
1 0.612776025236593 0.2828438948995363 0.023659305993690816 0.04636785162287482
1 0.5792586750788644 0.31375579598145287 0.022870662460567792 0.049459041731066467
1 0.6084384858044164 0.34389489953632146 0.02444794952681395 0.057187017001545604
1 0.6616719242902208 0.37171561051004637 0.02681388012618302 0.051004636785162316
1 0.7318611987381703 0.3647604327666152 0.02681388012618302 0.05873261205564145
1 0.7275236593059937 0.24265842349304484 0.021293375394321745 0.04327666151468315
1 0.7456624605678233 0.21406491499227204 0.016561514195583604 0.0417310664605873
1 0.7641955835962144 0.18469860896445134 0.01577287066246058 0.035548686244204014
1 0.7799684542586751 0.18856259659969088 0.014195583596214534 0.04327666151468315
1 0.7977129337539433 0.18006182380216385 0.021293375394321745 0.035548686244204014
1 0.8126971608832807 0.1823802163833076 0.01340694006309151 0.04327666151468315
1 0.7988958990536277 0.24188562596599691 0.017350157728706628 0.038639876352395686
1 0.7681388012618297 0.26738794435857804 0.01577287066246047 0.043276661514683123
1 0.8154574132492114 0.2882534775888717 0.018927444794952675 0.054095826893353904
1 0.7929810725552051 0.42194744976816073 0.02917981072555198 0.08346213292117466
1 0.8560725552050473 0.46445131375579596 0.027602523659306044 0.0880989180834621
1 0.874211356466877 0.3956723338485317 0.021293375394321856 0.0587326120556414
1 0.8659305993690851 0.3160741885625966 0.02208201892744477 0.04482225656877897
1 0.873422712933754 0.22102009273570325 0.014984227129337557 0.03400309119010819
1 0.9014195583596214 0.22411128284389492 0.014195583596214534 0.04018547140649151
1 0.9416403785488958 0.22565687789799072 0.017350157728706628 0.037094281298299864
1 0.9511041009463723 0.41653786707882534 0.02208201892744477 0.06336939721792889
1 0.985410094637224 0.24884080370942813 0.01340694006309151 0.037094281298299836
1 0.9664826498422714 0.29057187017001546 0.01813880126182965 0.040185471406491535
1 0.9751577287066246 0.3361669242658424 0.01813880126182965 0.04791344667697067
1 0.9242902208201893 0.32457496136012365 0.018927444794952675 0.05255023183925811
1 0.8931388012618298 0.2650695517774343 0.01813880126182965 0.05100463678516229
1 0.9305993690851735 0.25193199381761977 0.011041009463722329 0.037094281298299836
1 0.8237381703470033 0.20942812982998454 0.01813880126182965 0.03554868624420404
1 0.40575709779179814 0.2357032457496136 0.01656151419558355 0.03863987635239566
1 0.42586750788643535 0.16228748068006182 0.014195583596214478 0.024729520865533205
1 0.6888801261829653 0.1491499227202473 0.019716088328075698 0.03245749613601234
1 0.9444006309148265 0.3554868624420402 0.019716088328075698 0.0587326120556414
