1 0.3867457962413452 0.3127147766323024 0.02571711177052427 0.04810996563573888
1 0.3273986152324431 0.22164948453608246 0.017804154302670572 0.030927835051546393
1 0.3545994065281899 0.2233676975945017 0.012858555885262135 0.04123711340206185
1 0.5093966369930761 0.20532646048109965 0.017804154302670572 0.03951890034364261
1 0.5039564787339268 0.15721649484536082 0.01285855588526208 0.018900343642611672
1 0.5173095944609298 0.16151202749140892 0.013847675568743889 0.02749140893470789
1 0.5712166172106825 0.12285223367697595 0.01285855588526208 0.022336769759450162
1 0.5766567754698319 0.18470790378006874 0.017804154302670572 0.036082474226804134
1 0.827893175074184 0.40378006872852235 0.03363006923837786 0.0824742268041237
1 0.920375865479723 0.140893470790378 0.01879327398615227 0.04467353951890035
