1 0.08603145235892692 0.5257048092868988 0.046253469010175755 0.11608623548922059
1 0.0874190564292322 0.406301824212272 0.041628122109158186 0.10281923714759539
1 0.1396854764107308 0.42703150912106136 0.040703052728954664 0.09452736318407962
1 0.20999074930619796 0.28772802653399665 0.029602220166512483 0.05472636815920401
1 0.37280296022201664 0.29436152570480933 0.031452358926919555 0.058043117744610295
1 0.4019426456984274 0.42371475953565507 0.030527289546715963 0.07462686567164178
1 0.4648473635522664 0.23051409618573798 0.021276595744680882 0.046434494195688236
1 0.3871415356151712 0.21227197346600332 0.017576318223866794 0.03648424543946932
1 0.6184088806660499 0.24046434494195687 0.024976873265494914 0.06633499170812601
1 0.5693802035152636 0.13681592039800994 0.01757631822386685 0.028192371475953576
1 0.7298797409805735 0.13266998341625208 0.02405180388529138 0.053067993366500824
1 0.7215541165587419 0.059701492537313425 0.016651248843663202 0.029850746268656712
1 0.7636447733580018 0.07462686567164178 0.012025901942645634 0.023217247097844104
