1 0.03288958496476116 0.3977433004231312 0.02349256068911511 0.04513399153737657
1 0.23805794831636648 0.3363892806770099 0.01566170712607673 0.03244005641748943
1 0.25606891151135475 0.34837799717912554 0.020360219263899776 0.03949224259520451
1 0.28230227094753324 0.30606488011283495 0.016444792482380566 0.03102961918194641
1 0.2854346123727486 0.3603667136812412 0.01957713390759591 0.040902679830747524
1 0.3241973375097886 0.36600846262341324 0.02192638997650742 0.043723554301833556
1 0.34690681284259983 0.32299012693935125 0.017227877838684402 0.03385049365303244
1 0.34925606891151134 0.29619181946403383 0.01566170712607673 0.03102961918194641
1 0.37470634299138605 0.33286318758815236 0.014878621769772893 0.02820874471086038
1 0.3997650743931088 0.3377997179125529 0.01801096319498824 0.03244005641748943
1 0.40015661707126077 0.3011283497884344 0.014095536413469056 0.026798307475317362
1 0.379796397807361 0.26304654442877295 0.012529365700861383 0.03244005641748943
1 0.4005481597494127 0.26304654442877295 0.011746280344557547 0.026798307475317362
1 0.42756460454189504 0.3025387870239774 0.014095536413469112 0.03244005641748943
1 0.4291307752545027 0.2665726375176305 0.014095536413469112 0.03102961918194641
1 0.41464369616288177 0.2545839210155148 0.011746280344557547 0.029619181946403422
1 0.418167580266249 0.27150916784203105 0.009397024275646038 0.02397743300423133
1 0.4573218480814409 0.308885754583921 0.01566170712607673 0.03102961918194641
1 0.4177760375880971 0.30465444287729193 0.010180109631949874 0.02820874471086038
1 0.45418950665622554 0.23413258110014104 0.012529365700861383 0.022566995768688314
1 0.44048551292090843 0.2538787023977433 0.010180109631949874 0.02538787023977429
1 0.49686765857478465 0.27080394922425954 0.014878621769772948 0.02820874471086038
1 0.49099451840250585 0.25458392101551486 0.01096319498825371 0.026798307475317362
1 0.4984338292873923 0.2454160789844852 0.01331245105716522 0.02820874471086035
1 0.5199686765857479 0.25105782792665726 0.01566170712607673 0.03385049365303247
1 0.5477682067345341 0.22284908321579688 0.011746280344557603 0.022566995768688286
1 0.5559906029757244 0.20521861777150918 0.014095536413469056 0.029619181946403367
1 0.5567736883320282 0.2588152327221439 0.012529365700861383 0.029619181946403395
1 0.5606891151135474 0.27926657263751764 0.01566170712607673 0.03102961918194641
1 0.5113547376664056 0.29830747531734836 0.017227877838684402 0.03244005641748943
1 0.48981989036805007 0.32016925246826516 0.01801096319498824 0.03949224259520456
1 0.48472983555207516 0.3921015514809591 0.025058731401722767 0.05077574047954869
1 0.5270164447924823 0.40832157968970384 0.023492560689115094 0.05218617771509165
1 0.5195771339075959 0.36671368124118475 0.024275646045418875 0.05077574047954864
1 0.5794831636648394 0.3222849083215797 0.020360219263899748 0.04372355430183361
1 0.5888801879404855 0.3603667136812412 0.020360219263899748 0.04372355430183361
1 0.5892717306186375 0.4301833568406206 0.028974158183242005 0.06488011283497885
1 0.6503523884103367 0.44499294781382226 0.027407987470634332 0.06629055007052181
1 0.6374314800313234 0.3716502115655853 0.028191072826938113 0.055007052186177685
1 0.6272513703993736 0.33286318758815236 0.017227877838684402 0.036671368124118475
1 0.6147220046985121 0.29760225669957685 0.018794048551292075 0.04231311706629054
1 0.5861393891934221 0.24330042313117067 0.013312451057165275 0.023977433004231302
1 0.5892717306186375 0.22284908321579688 0.01018010963194993 0.022566995768688286
1 0.5935787000783086 0.20874471086036672 0.01096319498825371 0.022566995768688286
1 0.6080657791699295 0.2143864598025388 0.011746280344557603 0.025387870239774346
1 0.6166797180892718 0.2306064880112835 0.011746280344557491 0.026798307475317362
1 0.6229444009397025 0.2454160789844852 0.01018010963194993 0.02538787023977432
1 0.6354737666405639 0.21861777150916784 0.011746280344557491 0.02538787023977432
1 0.6452623335943617 0.2306064880112835 0.01096319498825371 0.026798307475317362
1 0.6574001566170713 0.22919605077574048 0.011746280344557491 0.03526093088857546
1 0.6789350039154268 0.24894217207334274 0.01566170712607673 0.03526093088857543
1 0.6534847298355521 0.2693935119887165 0.014878621769772948 0.03385049365303244
1 0.6769772905246672 0.2912552891396333 0.019577133907595967 0.043723554301833556
1 0.6996867658574785 0.28702397743300423 0.018010963194988294 0.03244005641748937
1 0.7043852779953015 0.2602256699576869 0.01644479248238051 0.03526093088857546
1 0.720830070477682 0.24964739069111425 0.013312451057165275 0.022566995768688286
1 0.7192638997650744 0.2249647390691114 0.013312451057165275 0.026798307475317334
1 0.7529365700861395 0.24330042313117067 0.01644479248238062 0.029619181946403367
1 0.7478465152701645 0.26375176304654446 0.014095536413469056 0.02820874471086038
1 0.7392325763508223 0.28913963328631875 0.014095536413469056 0.03102961918194641
1 0.6675802662490211 0.3533145275035261 0.019577133907595967 0.05218617771509171
1 0.7075176194205168 0.39633286318758815 0.025841816758026548 0.04795486600846266
1 0.6914643696162881 0.47461212976022565 0.03288958496476113 0.07475317348377997
1 0.7654659357870008 0.41043723554301836 0.02740798747063422 0.05359661495063467
1 0.7889584964761158 0.5141043723554302 0.03210649960845735 0.06346967559943584
1 0.812451057165231 0.4379407616361072 0.028974158183242005 0.06346967559943584
1 0.7807361002349256 0.35895627644569816 0.018794048551292075 0.05218617771509171
1 0.7858261550509005 0.3018335684062059 0.018010963194988183 0.036671368124118475
1 0.7862176977290525 0.28138222849083216 0.01566170712607673 0.026798307475317307
1 0.7799530148786218 0.25176304654442877 0.017227877838684402 0.03526093088857549
1 0.8065779169929522 0.26093088857545843 0.012529365700861383 0.03385049365303244
1 0.8230227094753328 0.267277856135402 0.012529365700861383 0.03244005641748943
1 0.8277212216131558 0.29055007052186177 0.014095536413469056 0.03102961918194641
1 0.841033672670321 0.2581100141043724 0.012529365700861383 0.02820874471086038
1 0.8136256851996868 0.31311706629055003 0.018794048551292075 0.03385049365303244
1 0.8042286609240408 0.3363892806770099 0.017227877838684402 0.03808180535966149
1 0.8285043069694598 0.3716502115655853 0.023492560689115094 0.05218617771509165
1 0.8382928739232576 0.34203102961918197 0.01644479248238062 0.043723554301833556
1 0.8563038371182459 0.3215796897038082 0.014878621769772948 0.03667136812411853
1 0.8621769772905247 0.28067700987306066 0.014095536413469167 0.03385049365303244
1 0.8962411902897416 0.2912552891396333 0.018010963194988294 0.029619181946403395
1 0.8794048551292091 0.3180535966149506 0.01566170712607673 0.03244005641748943
1 0.8868441660140955 0.3511988716502116 0.01644479248238051 0.03949224259520451
1 0.874706342991386 0.3906911142454161 0.02036021926389986 0.04513399153737663
1 0.8782302270947533 0.4421720733427362 0.030540328895849678 0.06346967559943584
