1 0.0680379746835443 0.4092827004219409 0.08544303797468354 0.12236286919831224
1 0.06645569620253164 0.35548523206751054 0.053797468354430375 0.06540084388185652
1 0.06566455696202532 0.31856540084388185 0.04588607594936709 0.05907172995780591
1 0.24525316455696203 0.2879746835443038 0.0348101265822785 0.04852320675105487
1 0.25158227848101267 0.38080168776371304 0.06012658227848103 0.06962025316455694
1 0.34414556962025317 0.30063291139240506 0.030063291139240556 0.044303797468354444
1 0.40901898734177217 0.2985232067510548 0.039556962025316444 0.04852320675105487
1 0.44936708860759494 0.3143459915611815 0.04113924050632911 0.05907172995780591
1 0.5007911392405063 0.319620253164557 0.039556962025316444 0.06118143459915609
1 0.5253164556962024 0.2742616033755274 0.02848101265822789 0.042194092827004204
1 0.581487341772152 0.27004219409282704 0.02373417721518989 0.042194092827004204
1 0.5949367088607596 0.3312236286919831 0.04746835443037967 0.05907172995780591
1 0.5981012658227849 0.4208860759493671 0.06645569620253167 0.10759493670886072
1 0.6408227848101266 0.2795358649789029 0.03164556962025311 0.05274261603375524
1 0.7096518987341772 0.28270042194092826 0.030063291139240444 0.04641350210970463
1 0.7080696202531646 0.34282700421940926 0.039556962025316444 0.05696202531645572
1 0.7650316455696202 0.3818565400843882 0.055379746835443 0.08860759493670889
1 0.7460443037974683 0.23417721518987342 0.030063291139240444 0.050632911392405056
1 0.759493670886076 0.2985232067510548 0.03164556962025322 0.05274261603375524
1 0.8069620253164558 0.29219409282700426 0.03164556962025322 0.04852320675105487
1 0.9446202531645569 0.3143459915611815 0.034810126582278555 0.05907172995780591
