1 0.163 0.30673758865248224 0.11800000000000001 0.22340425531914893
1 0.048 0.33156028368794327 0.04000000000000001 0.06737588652482274
1 0.015000000000000001 0.274822695035461 0.026000000000000002 0.060283687943262415
1 0.047 0.2429078014184397 0.025999999999999995 0.04609929078014183
1 0.07100000000000001 0.25 0.026000000000000002 0.05319148936170215
1 0.092 0.23404255319148937 0.01999999999999999 0.04255319148936168
1 0.101 0.2783687943262411 0.02600000000000001 0.05319148936170215
1 0.22099999999999997 0.2872340425531915 0.03 0.07092198581560288
1 0.256 0.3191489361702128 0.040000000000000036 0.07092198581560283
1 0.299 0.28191489361702127 0.026000000000000023 0.06028368794326244
1 0.273 0.2677304964539007 0.025999999999999968 0.04609929078014183
1 0.28700000000000003 0.2375886524822695 0.021999999999999964 0.049645390070921974
1 0.346 0.23404255319148937 0.019999999999999962 0.04255319148936168
1 0.372 0.274822695035461 0.028000000000000025 0.05319148936170212
1 0.41600000000000004 0.2730496453900709 0.02799999999999997 0.049645390070921974
1 0.417 0.2375886524822695 0.018000000000000016 0.04255319148936168
1 0.384 0.375886524822695 0.040000000000000036 0.09219858156028371
1 0.41900000000000004 0.4166666666666667 0.05399999999999999 0.1028368794326241
1 0.42300000000000004 0.5283687943262412 0.08200000000000002 0.16312056737588654
1 0.548 0.6471631205673759 0.09999999999999998 0.1879432624113475
1 0.5529999999999999 0.41312056737588654 0.03799999999999992 0.1028368794326241
1 0.521 0.34397163120567376 0.038000000000000034 0.07092198581560283
1 0.532 0.30673758865248224 0.03200000000000003 0.06737588652482268
1 0.48 0.28900709219858156 0.023999999999999966 0.06737588652482274
1 0.443 0.3262411347517731 0.03400000000000003 0.07092198581560288
1 0.567 0.2925531914893617 0.02199999999999991 0.05319148936170215
1 0.62 0.30851063829787234 0.028000000000000025 0.049645390070921946
1 0.649 0.3475177304964539 0.03400000000000003 0.07092198581560283
1 0.647 0.2907801418439716 0.02200000000000002 0.049645390070922
1 0.6719999999999999 0.48226950354609927 0.06399999999999995 0.13475177304964536
1 0.7 0.3120567375886525 0.027999999999999914 0.06382978723404253
1 0.752 0.36347517730496454 0.03200000000000003 0.08156028368794321
1 0.795 0.3404255319148936 0.030000000000000027 0.05673758865248224
1 0.806 0.5709219858156028 0.06799999999999995 0.15602836879432624
1 0.841 0.36879432624113473 0.030000000000000027 0.07092198581560283
1 0.858 0.3421985815602837 0.03200000000000003 0.05319148936170209
1 0.922 0.349290780141844 0.028000000000000025 0.06028368794326239
