1 0.14416666666666667 0.4836829836829837 0.03833333333333333 0.07226107226107231
1 0.16499999999999998 0.578088578088578 0.04000000000000001 0.07459207459207462
1 0.20333333333333334 0.5303030303030303 0.03666666666666668 0.06293706293706292
1 0.22916666666666666 0.4883449883449884 0.03833333333333333 0.06293706293706297
1 0.21083333333333332 0.45104895104895104 0.03166666666666665 0.053613053613053574
1 0.25083333333333335 0.578088578088578 0.03833333333333336 0.0699300699300699
1 0.315 0.5804195804195804 0.033333333333333326 0.06060606060606055
1 0.295 0.4965034965034965 0.033333333333333326 0.05594405594405594
1 0.2833333333333333 0.4533799533799534 0.033333333333333326 0.05361305361305363
1 0.33499999999999996 0.4533799533799534 0.03666666666666668 0.0489510489510489
1 0.345 0.5023310023310024 0.03333333333333338 0.053613053613053574
1 0.36416666666666664 0.5198135198135198 0.034999999999999976 0.051282051282051266
1 0.3733333333333333 0.5664335664335665 0.03666666666666668 0.0699300699300699
1 0.39583333333333337 0.4638694638694638 0.034999999999999976 0.06060606060606061
1 0.41500000000000004 0.5034965034965035 0.02999999999999997 0.06060606060606061
1 0.445 0.5326340326340326 0.033333333333333326 0.053613053613053685
1 0.44 0.583916083916084 0.040000000000000036 0.06293706293706303
1 0.4816666666666667 0.5104895104895104 0.040000000000000036 0.05594405594405594
1 0.4608333333333333 0.45104895104895104 0.034999999999999976 0.06293706293706292
1 0.5058333333333334 0.5664335664335665 0.03833333333333333 0.06060606060606055
1 0.5408333333333333 0.5314685314685315 0.03500000000000003 0.06060606060606055
1 0.5366666666666666 0.43822843822843827 0.036666666666666736 0.06060606060606061
1 0.6241666666666666 0.4137529137529138 0.03833333333333333 0.06293706293706297
1 0.6125 0.5256410256410257 0.03166666666666662 0.058275058275058245
1 0.575 0.5885780885780886 0.039999999999999925 0.05827505827505819
1 0.6333333333333333 0.5745920745920746 0.043333333333333335 0.06759906759906764
1 0.685 0.543123543123543 0.036666666666666736 0.06060606060606066
1 0.7116666666666667 0.5722610722610723 0.040000000000000036 0.05827505827505819
1 0.6875 0.48951048951048953 0.03833333333333333 0.05594405594405594
1 0.71 0.4347319347319347 0.033333333333333326 0.0582750582750583
1 0.7616666666666667 0.46736596736596736 0.036666666666666736 0.0582750582750583
1 0.7683333333333333 0.5233100233100233 0.036666666666666625 0.06293706293706292
1 0.8058333333333334 0.5664335664335665 0.04166666666666663 0.06526806526806528
1 0.8608333333333333 0.5384615384615384 0.04166666666666674 0.06526806526806528
1 0.8 0.4324009324009324 0.036666666666666736 0.0582750582750583
