1 0.066 0.7032348804500703 0.0856 0.1378340365682138
1 0.0382 0.44549929676511957 0.0284 0.04711673699015473
1 0.0092 0.4437412095639944 0.016 0.057665260196905765
1 0.07719999999999999 0.3850210970464135 0.0208 0.037271448663853735
1 0.0978 0.5618846694796062 0.05 0.09282700421940937
1 0.16199999999999998 0.5165260196905767 0.036000000000000004 0.06258790436005629
1 0.1414 0.48417721518987344 0.032399999999999984 0.04992967651195501
1 0.1602 0.4208860759493671 0.022800000000000015 0.03867791842475388
1 0.1694 0.3860759493670886 0.018000000000000016 0.03234880450070321
1 0.22920000000000001 0.39029535864978904 0.015999999999999986 0.03375527426160341
1 0.2666 0.4356540084388185 0.02200000000000002 0.04008438818565402
1 0.2678 0.4011954992967651 0.021199999999999997 0.03867791842475388
1 0.29259999999999997 0.37939521800281295 0.01479999999999998 0.03445850914205345
1 0.3298 0.3818565400843882 0.015600000000000003 0.026722925457102642
1 0.31120000000000003 0.5474683544303798 0.029600000000000015 0.05977496483825595
1 0.34640000000000004 0.5527426160337553 0.044800000000000006 0.07735583684950775
1 0.319 0.4419831223628692 0.018000000000000016 0.0428973277074543
1 0.356 0.42334739803094235 0.018400000000000027 0.035161744022503494
1 0.377 0.40541490857946555 0.012399999999999967 0.02742616033755274
1 0.391 0.40541490857946555 0.012400000000000022 0.02742616033755274
1 0.3926 0.3628691983122363 0.01319999999999999 0.025316455696202556
1 0.41500000000000004 0.4170182841068917 0.01799999999999996 0.030942334739803068
1 0.4544 0.4138537271448664 0.01920000000000005 0.03867791842475388
1 0.48260000000000003 0.37939521800281295 0.013999999999999957 0.021800281293952173
1 0.5078 0.39451476793248946 0.021199999999999997 0.03797468354430378
1 0.6808000000000001 0.7352320675105486 0.09039999999999992 0.14697609001406475
1 0.709 0.5330520393811533 0.032399999999999984 0.07172995780590719
1 0.7230000000000001 0.5291842475386779 0.026800000000000046 0.05696202531645567
1 0.8140000000000001 0.48417721518987344 0.027200000000000002 0.04992967651195501
1 0.8452 0.5355133614627285 0.03520000000000001 0.07383966244725743
1 0.8936 0.6705344585091421 0.09120000000000006 0.1357243319268635
1 0.9412 0.5291842475386779 0.04399999999999993 0.069620253164557
1 0.9745999999999999 0.48171589310829815 0.047599999999999976 0.0689170182841069
