1 0.1 0.8078078078078078 0.156 0.25225225225225234
1 0.16599999999999998 0.5765765765765766 0.08399999999999999 0.13213213213213204
1 0.271 0.3408408408408409 0.08199999999999999 0.12912912912912916
1 0.261 0.6366366366366367 0.122 0.1921921921921922
1 0.346 0.5195195195195195 0.06 0.12612612612612611
1 0.502 0.5735735735735736 0.08400000000000002 0.12612612612612606
1 0.5980000000000001 0.5960960960960962 0.09199999999999997 0.16516516516516522
1 0.724 0.7012012012012012 0.10799999999999998 0.20120120120120122
1 0.7989999999999999 0.5630630630630631 0.09799999999999998 0.15315315315315314
1 0.675 0.3153153153153153 0.06999999999999995 0.10810810810810811
