1 0.8826815642458101 0.5103626943005182 0.13407821229050276 0.1968911917098446
1 0.8845437616387337 0.4028497409326425 0.1005586592178771 0.1476683937823834
1 0.644320297951583 0.405440414507772 0.1042830540037244 0.15803108808290156
1 0.6731843575418994 0.3471502590673575 0.08007448789571692 0.11917098445595853
1 0.2709497206703911 0.6152849740932642 0.14338919925512106 0.23575129533678763
1 0.10148975791433892 0.41709844559585496 0.10986964618249534 0.1761658031088083
1 0.030726256983240226 0.3264248704663213 0.05772811918063315 0.13989637305699482
1 0.04748603351955307 0.1670984455958549 0.042830540037243944 0.08031088082901552
1 0.08100558659217877 0.15932642487046633 0.04283054003724395 0.07512953367875648
1 0.10614525139664804 0.16580310880829016 0.03351955307262569 0.08808290155440414
1 0.14059590316573556 0.17875647668393782 0.04655493482309124 0.07253886010362692
1 0.18528864059590316 0.13730569948186527 0.046554934823091254 0.07253886010362695
1 0.1945996275605214 0.2227979274611399 0.054003724394785846 0.09326424870466324
1 0.22160148975791433 0.17746113989637305 0.03724394785847299 0.06476683937823835
1 0.25512104283054005 0.24093264248704666 0.048417132216014874 0.09326424870466324
1 0.33798882681564246 0.29533678756476683 0.06517690875232773 0.11398963730569947
1 0.33054003724394787 0.23056994818652848 0.046554934823091254 0.06217616580310881
1 0.3296089385474861 0.1878238341968912 0.044692737430167606 0.059585492227979264
1 0.3156424581005587 0.1411917098445596 0.03910614525139661 0.05440414507772019
1 0.2839851024208566 0.18911917098445596 0.035381750465549366 0.07253886010362695
1 0.26256983240223464 0.1606217616580311 0.04096834264432028 0.06735751295336787
1 0.37337057728119183 0.17098445595854922 0.03910614525139661 0.07253886010362692
1 0.43854748603351956 0.15544041450777202 0.035381750465549366 0.07772020725388601
1 0.44227188081936686 0.2551813471502591 0.054003724394785846 0.0906735751295337
1 0.45437616387337054 0.3432642487046632 0.08938547486033516 0.1424870466321243
1 0.5325884543761639 0.266839378238342 0.06703910614525138 0.11398963730569947
1 0.5037243947858473 0.18652849740932642 0.04655493482309131 0.07253886010362692
1 0.46834264432029793 0.1515544041450777 0.031657355679702015 0.06994818652849741
1 0.5493482309124768 0.16321243523316062 0.03724394785847296 0.07253886010362692
1 0.5856610800744879 0.15414507772020725 0.035381750465549366 0.08549222797927462
1 0.6210428305400373 0.20077720207253885 0.03165735567970207 0.059585492227979264
1 0.6098696461824954 0.27979274611398963 0.05027932960893855 0.08808290155440412
1 0.6666666666666667 0.20595854922279794 0.048417132216014847 0.08031088082901552
1 0.6843575418994413 0.17098445595854922 0.035381750465549366 0.07253886010362692
1 0.7309124767225326 0.19689119170984454 0.03910614525139666 0.06735751295336787
1 0.7262569832402235 0.15932642487046633 0.029795158286778367 0.04922279792746112
1 0.776536312849162 0.172279792746114 0.033519553072625774 0.059585492227979264
1 0.808193668528864 0.24222797927461143 0.05214152700186225 0.0906735751295337
1 0.8240223463687151 0.18134715025906734 0.027932960893854775 0.05699481865284975
1 0.861266294227188 0.19041450777202074 0.04283054003724396 0.08031088082901552
1 0.9003724394785847 0.2033678756476684 0.05027932960893855 0.08031088082901555
1 0.9199255121042831 0.22797927461139894 0.048417132216014847 0.07253886010362695
1 0.9581005586592178 0.27849740932642486 0.05772811918063314 0.10103626943005181
1 0.9720670391061452 0.20984455958549222 0.040968342644320255 0.06735751295336789
1 0.9329608938547487 0.09196891191709844 0.040968342644320255 0.08031088082901555
