1 0.20721153846153845 0.4563426688632619 0.050961538461538475 0.10543657331136735
1 0.25384615384615383 0.42915980230642503 0.0480769230769231 0.1070840197693575
1 0.31490384615384615 0.28665568369028005 0.020192307692307676 0.04283360790774299
1 0.37115384615384617 0.2627677100494234 0.021153846153846134 0.04118616144975287
1 0.4461538461538461 0.2677100494233937 0.021153846153846134 0.0444810543657331
1 0.4278846153846154 0.2273476112026359 0.0173076923076923 0.03953871499176276
1 0.45769230769230773 0.22652388797364087 0.02307692307692305 0.0444810543657331
1 0.45817307692307696 0.18698517298187808 0.01826923076923076 0.0411861614497529
1 0.4826923076923077 0.1968698517298188 0.019230769230769273 0.0444810543657331
1 0.46442307692307694 0.15733113673805602 0.01346153846153847 0.02800658978583198
1 0.4802884615384615 0.15485996705107086 0.016346153846153844 0.029654036243822096
1 0.5427884615384615 0.14250411861614498 0.014423076923076983 0.03459637561779241
1 0.56875 0.14909390444810544 0.014423076923076872 0.03789126853377267
1 0.5889423076923077 0.15403624382207579 0.016346153846153788 0.0411861614497529
1 0.5451923076923078 0.20016474464579903 0.02115384615384619 0.03789126853377264
1 0.4855769230769231 0.3237232289950577 0.02692307692307694 0.05107084019769359
1 0.6701923076923078 0.257001647446458 0.028846153846153855 0.056013179571663935
1 0.7442307692307693 0.2784184514003295 0.025000000000000022 0.05271828665568368
1 0.8009615384615385 0.2907742998352554 0.02692307692307694 0.05436573311367382
1 0.7033653846153847 0.15074135090609556 0.018269230769230815 0.03459637561779244
1 0.7331730769230769 0.1482701812191104 0.0163461538461539 0.039538714991762786
1 0.7456730769230769 0.16639209225700163 0.02019230769230762 0.032948929159802326
1 0.7634615384615384 0.14909390444810544 0.015384615384615441 0.03130148270181218
1 0.7850961538461538 0.1630971993410214 0.02019230769230762 0.039538714991762786
1 0.8177884615384615 0.18369028006589785 0.016346153846153788 0.04448105436573313
1 0.8317307692307692 0.12602965403624383 0.013461538461538525 0.03459637561779241
1 0.9043269230769231 0.21499176276771004 0.022115384615384537 0.05107084019769356
