1 0.20113851992409867 0.4021558872305141 0.03605313092979129 0.07462686567164178
1 0.14848197343453512 0.3009950248756219 0.021821631878557873 0.04809286898839138
1 0.27277039848197343 0.24212271973466004 0.018026565464895672 0.03648424543946929
1 0.29791271347248577 0.25456053067993367 0.018975332068311146 0.038142620232172436
1 0.36480075901328274 0.20066334991708126 0.018026565464895672 0.03648424543946932
1 0.34724857685009486 0.22139303482587064 0.020872865275142316 0.038142620232172464
1 0.38425047438330173 0.2628524046434494 0.020872865275142316 0.04145936981757875
1 0.3467741935483871 0.26533996683250416 0.016129032258064557 0.033167495854063006
1 0.36574952561669827 0.26616915422885573 0.023719165085389016 0.04477611940298509
1 0.31309297912713474 0.22885572139303484 0.0189753320683112 0.03648424543946932
1 0.38282732447817835 0.20729684908789386 0.018026565464895616 0.033167495854063034
1 0.40939278937381407 0.19154228855721395 0.018026565464895616 0.028192371475953576
1 0.43168880455407965 0.24046434494195687 0.0189753320683112 0.03648424543946932
1 0.44354838709677424 0.1791044776119403 0.014231499051233387 0.03648424543946932
1 0.47533206831119545 0.2354892205638474 0.017077798861480087 0.04643449419568821
1 0.5075901328273245 0.1932006633499171 0.0189753320683112 0.028192371475953576
1 0.4976280834914611 0.15671641791044777 0.012333965844402273 0.02487562189054726
1 0.5716318785578748 0.12686567164179105 0.014231499051233332 0.028192371475953562
1 0.5317836812144212 0.19651741293532338 0.0218216318785579 0.04145936981757878
1 0.543168880455408 0.16583747927031509 0.014231499051233443 0.03648424543946932
1 0.49146110056925996 0.31094527363184077 0.02087286527514237 0.04477611940298504
1 0.5422201138519924 0.3167495854063018 0.02561669829222013 0.06301824212271978
1 0.6176470588235294 0.33001658374792703 0.026565464895635715 0.06301824212271978
1 0.599146110056926 0.12437810945273631 0.014231499051233332 0.03648424543946931
1 0.6148007590132827 0.13101160862354894 0.011385199240986688 0.02653399668325042
1 0.6489563567362429 0.12271973466003316 0.013282732447817858 0.03316749585406302
1 0.5958254269449715 0.1724709784411277 0.011385199240986799 0.026533996683250405
1 0.5844402277039848 0.22388059701492535 0.017077798861480087 0.039800995024875635
1 0.611954459203036 0.27114427860696516 0.022770398481973375 0.044776119402985065
1 0.6223908918406073 0.21475953565505806 0.024667931688804545 0.04145936981757878
1 0.6916508538899431 0.15091210613598674 0.018975332068311257 0.046434494195688236
1 0.6726755218216318 0.20563847429519072 0.026565464895635604 0.04311774461028192
1 0.670303605313093 0.2562189054726368 0.02371916508538896 0.04809286898839138
1 0.6997153700189753 0.20315091210613598 0.02182163187855779 0.038142620232172464
1 0.7148956356736242 0.2330016583747927 0.01992409867172673 0.044776119402985065
1 0.7167931688804554 0.148424543946932 0.02182163187855779 0.03150912106135986
1 0.7253320683111955 0.17164179104477612 0.016129032258064502 0.03482587064676618
1 0.7186907020872866 0.285240464344942 0.02561669829222002 0.053067993366500865
1 0.7784629981024668 0.13349917081260365 0.014231499051233332 0.028192371475953562
1 0.7708728652751423 0.17578772802653397 0.014231499051233332 0.02985074626865672
1 0.7447817836812144 0.13266998341625208 0.015180265654648917 0.023217247097844118
1 0.8330170777988615 0.1417910447761194 0.015180265654648917 0.03482587064676616
1 0.8149905123339658 0.17744610281923714 0.020872865275142316 0.03980099502487561
1 0.7998102466793169 0.19734660033167495 0.017077798861480087 0.039800995024875635
1 0.7495256166982922 0.20563847429519072 0.017077798861480087 0.04311774461028192
1 0.7794117647058824 0.2222222222222222 0.02561669829222013 0.05306799336650084
1 0.7993358633776091 0.24709784411276947 0.02371916508538896 0.04975124378109452
1 0.8325426944971537 0.203150912106136 0.0275142314990513 0.04145936981757878
1 0.8648007590132827 0.17164179104477612 0.016129032258064613 0.038142620232172464
1 0.8529411764705883 0.19402985074626866 0.030360531309297945 0.04975124378109452
1 0.9013282732447818 0.15174129353233828 0.018975332068311146 0.03150912106135986
1 0.9003795066413662 0.175787728026534 0.017077798861480087 0.03648424543946932
1 0.8851992409867173 0.18076285240464346 0.018975332068311146 0.033167495854063006
1 0.8970588235294117 0.20232172470978443 0.0218216318785579 0.04311774461028192
1 0.8681214421252372 0.25787728026533996 0.024667931688804545 0.051409618573797666
1 0.8453510436432637 0.34411276948590386 0.024667931688804545 0.058043117744610295
1 0.9335863377609108 0.23466003316749584 0.017077798861480087 0.051409618573797666
1 0.9283681214421253 0.2827529021558872 0.0218216318785579 0.041459369817578806
1 0.6238140417457305 0.148424543946932 0.012333965844402273 0.03150912106135986
1 0.4027514231499051 0.22636815920398012 0.019924098671726787 0.03150912106135986
1 0.5830170777988615 0.1451077943615257 0.010436432637571214 0.028192371475953576
1 0.6774193548387097 0.18407960199004975 0.018975332068311146 0.04311774461028192
1 0.7964895635673624 0.15920398009950248 0.014231499051233332 0.026533996683250405
