1 0.13813920454545453 0.45265151515151514 0.09303977272727273 0.10984848484848486
1 0.2526633522727273 0.4713541666666667 0.06640625000000003 0.11505681818181823
1 0.021484374999999997 0.45478219696969696 0.03941761363636363 0.07339015151515149
1 0.3664772727272727 0.46448863636363635 0.04900568181818182 0.09280303030303028
1 0.44158380681818177 0.38825757575757575 0.03302556818181818 0.04734848484848486
1 0.4666193181818182 0.4654356060606061 0.034801136363636354 0.04640151515151514
1 0.6841264204545454 0.44673295454545453 0.028764204545454475 0.05539772727272729
1 0.7412997159090908 0.45028409090909094 0.06356534090909094 0.08143939393939398
1 0.8053977272727273 0.4422348484848485 0.050426136363636354 0.08049242424242425
1 0.875 0.4498106060606061 0.09446022727272729 0.11174242424242431
