1 0.13899999999999998 0.568 0.06599999999999999 0.09066666666666667
1 0.138 0.42666666666666664 0.044 0.0693333333333333
1 0.09 0.3973333333333333 0.048 0.0693333333333333
1 0.14100000000000001 0.33466666666666667 0.034 0.05600000000000005
1 0.181 0.33999999999999997 0.038000000000000006 0.06666666666666671
1 0.21100000000000002 0.3506666666666667 0.038000000000000006 0.06666666666666665
1 0.179 0.4066666666666667 0.04200000000000001 0.06666666666666665
1 0.245 0.3933333333333333 0.04200000000000001 0.061333333333333295
1 0.26 0.532 0.05199999999999996 0.07733333333333331
1 0.28300000000000003 0.3573333333333333 0.03799999999999998 0.064
1 0.32699999999999996 0.31733333333333336 0.033999999999999975 0.0586666666666667
1 0.359 0.3706666666666667 0.030000000000000027 0.0586666666666667
1 0.33699999999999997 0.42000000000000004 0.045999999999999985 0.07200000000000001
1 0.344 0.5386666666666666 0.055999999999999994 0.08533333333333337
1 0.4 0.42666666666666664 0.03999999999999998 0.0693333333333333
1 0.385 0.3693333333333333 0.030000000000000027 0.055999999999999994
1 0.37 0.33599999999999997 0.03600000000000003 0.0586666666666667
1 0.424 0.3413333333333333 0.03200000000000003 0.053333333333333344
1 0.47 0.34933333333333333 0.03199999999999997 0.058666666666666645
1 0.488 0.44133333333333336 0.043999999999999984 0.07733333333333331
1 0.44899999999999995 0.536 0.045999999999999985 0.06933333333333336
1 0.5409999999999999 0.536 0.04599999999999993 0.07999999999999996
1 0.5449999999999999 0.42266666666666663 0.041999999999999926 0.07200000000000001
1 0.543 0.34933333333333333 0.03400000000000003 0.058666666666666645
1 0.508 0.3333333333333333 0.03200000000000003 0.053333333333333344
1 0.591 0.3453333333333333 0.038000000000000034 0.06666666666666665
1 0.607 0.444 0.04200000000000004 0.06666666666666665
1 0.646 0.388 0.040000000000000036 0.06133333333333335
1 0.683 0.3786666666666667 0.03399999999999992 0.064
1 0.6839999999999999 0.33466666666666667 0.027999999999999914 0.040000000000000036
1 0.726 0.352 0.04400000000000004 0.053333333333333344
1 0.72 0.392 0.04400000000000004 0.064
1 0.756 0.3813333333333333 0.03600000000000003 0.0586666666666667
1 0.781 0.3373333333333333 0.03400000000000003 0.06133333333333335
1 0.821 0.3706666666666667 0.03799999999999992 0.064
1 0.852 0.32533333333333336 0.040000000000000036 0.0693333333333333
1 0.938 0.3373333333333334 0.04799999999999993 0.07200000000000001
1 0.9139999999999999 0.39466666666666667 0.04799999999999993 0.06933333333333336
1 0.895 0.5266666666666666 0.05400000000000005 0.08266666666666661
1 0.804 0.4906666666666667 0.04799999999999993 0.08533333333333332
1 0.709 0.52 0.038000000000000034 0.07466666666666666
1 0.651 0.5413333333333333 0.04200000000000004 0.06400000000000006
