1 0.015 0.5636704119850187 0.0275 0.07490636704119857
1 0.27375 0.699438202247191 0.08249999999999999 0.14794007490636707
1 0.24 0.5823970037453183 0.04000000000000001 0.0674157303370786
1 0.215625 0.5337078651685394 0.026249999999999996 0.048689138576779034
1 0.19874999999999998 0.50187265917603 0.03 0.05617977528089885
1 0.26375000000000004 0.5065543071161048 0.027500000000000024 0.05430711610486888
1 0.285625 0.48314606741573035 0.028749999999999998 0.05992509363295884
1 0.306875 0.5177902621722846 0.03125 0.050561797752809
1 0.31937499999999996 0.5636704119850187 0.03875000000000001 0.0674157303370787
1 0.36125 0.6048689138576779 0.04249999999999998 0.0786516853932584
1 0.475 0.6769662921348315 0.07499999999999996 0.1292134831460674
1 0.43625 0.6020599250936329 0.03750000000000003 0.07677902621722843
1 0.400625 0.5440074906367041 0.03375 0.054307116104868824
1 0.41000000000000003 0.5121722846441947 0.024999999999999967 0.0393258426966292
1 0.440625 0.5056179775280899 0.02124999999999999 0.04119850187265911
1 0.489375 0.5234082397003745 0.03624999999999995 0.05805243445692887
1 0.5025 0.48970037453183524 0.02749999999999997 0.050561797752809
1 0.5449999999999999 0.4634831460674157 0.02749999999999997 0.050561797752808946
1 0.54375 0.5308988764044944 0.02749999999999997 0.054307116104868935
1 0.575 0.5468164794007491 0.039999999999999925 0.07490636704119846
1 0.619375 0.5290262172284644 0.03125 0.05805243445692887
1 0.620625 0.6807116104868914 0.07874999999999999 0.13670411985018727
1 0.6481250000000001 0.49531835205992514 0.026249999999999996 0.04681647940074912
1 0.685 0.5430711610486891 0.039999999999999925 0.0786516853932584
1 0.7 0.48970037453183524 0.02749999999999997 0.04307116104868919
1 0.7375 0.50187265917603 0.02749999999999997 0.04868913857677898
1 0.75 0.5730337078651686 0.04249999999999998 0.07490636704119857
1 0.769375 0.5280898876404494 0.03125 0.06367041198501877
1 0.808125 0.5056179775280899 0.028750000000000053 0.044943820224719044
1 0.830625 0.5308988764044944 0.03375000000000006 0.05805243445692887
1 0.8400000000000001 0.5720973782771536 0.04500000000000004 0.07677902621722854
1 0.823125 0.6507490636704121 0.053749999999999964 0.0955056179775281
1 0.905 0.648876404494382 0.05500000000000005 0.0955056179775281
1 0.964375 0.547752808988764 0.03875000000000006 0.06928838951310856
1 0.985625 0.6385767790262172 0.028750000000000053 0.10486891385767794
