1 0.2852852852852853 0.2358490566037736 0.03003003003003002 0.046312178387650116
1 0.4184184184184184 0.2307032590051458 0.020020020020020013 0.039451114922813
1 0.45795795795795796 0.23499142367066894 0.02102102102102099 0.037735849056603765
1 0.5710710710710711 0.19897084048027444 0.019019019019019034 0.034305317324185236
1 0.5705705705705706 0.1672384219554031 0.016016016016015988 0.02915951972555747
1 0.6316316316316316 0.2684391080617496 0.020020020020020013 0.04974271012006862
1 0.6346346346346347 0.2281303602058319 0.020020020020020013 0.037735849056603765
1 0.6861861861861862 0.23070325900514582 0.025025025025025016 0.04288164665523156
1 0.6801801801801801 0.18267581475128647 0.017017017017017078 0.04288164665523156
1 0.9504504504504505 0.24013722126929674 0.019019019019019034 0.041166380789022294
