1 0.07281001137656427 0.42168674698795183 0.03868031854379977 0.06827309236947793
1 0.25426621160409557 0.28714859437751006 0.019340159271899915 0.03212851405622491
1 0.2804323094425484 0.27710843373493976 0.01706484641638223 0.032128514056224855
1 0.29977246871444824 0.26405622489959835 0.014789533560864654 0.03012048192771083
1 0.3060295790671217 0.23092369477911645 0.013651877133105839 0.02409638554216867
1 0.3430034129692833 0.2720883534136546 0.017064846416382284 0.034136546184738936
1 0.391353811149033 0.2961847389558233 0.018202502844141044 0.03413654618473899
1 0.3657565415244596 0.21485943775100402 0.012514220705346968 0.02409638554216867
1 0.38566552901023887 0.22088353413654618 0.01592718998862347 0.024096385542168697
1 0.3919226393629124 0.19879518072289154 0.010238907849829337 0.020080321285140562
1 0.40329920364050054 0.17670682730923692 0.012514220705346968 0.02409638554216867
1 0.4203640500568828 0.21987951807228917 0.014789533560864654 0.030120481927710857
1 0.44254835039817975 0.19377510040160642 0.013651877133105783 0.022088353413654616
1 0.4180887372013652 0.1897590361445783 0.012514220705347023 0.022088353413654616
1 0.45164960182025027 0.1746987951807229 0.011376564277588153 0.02409638554216867
1 0.4778156996587031 0.22891566265060243 0.018202502844141044 0.03212851405622488
1 0.44539249146757676 0.22489959839357432 0.01706484641638223 0.028112449799196776
1 0.4869169510807736 0.19979919678714858 0.013651877133105783 0.02610441767068275
1 0.4732650739476678 0.19578313253012047 0.015927189988623414 0.026104417670682722
1 0.47497155858930606 0.1636546184738956 0.012514220705346968 0.022088353413654616
1 0.4613196814562002 0.15763052208835343 0.012514220705347023 0.02610441767068275
1 0.44937428896473264 0.1506024096385542 0.011376564277588153 0.020080321285140562
1 0.48521046643913535 0.12951807228915663 0.012514220705346968 0.022088353413654616
1 0.5193401592718998 0.21084337349397592 0.019340159271899915 0.028112449799196776
1 0.497155858930603 0.1827309236947791 0.013651877133105839 0.02409638554216867
1 0.512514220705347 0.16265060240963858 0.010238907849829393 0.02409638554216867
1 0.5273037542662116 0.13453815261044177 0.012514220705346912 0.020080321285140562
1 0.5409556313993173 0.16566265060240964 0.012514220705346912 0.026104417670682722
1 0.568259385665529 0.17269076305220882 0.014789533560864543 0.028112449799196776
1 0.5443686006825939 0.13955823293172692 0.010238907849829282 0.01807228915662648
1 0.5591581342434584 0.11847389558232932 0.010238907849829393 0.024096385542168683
1 0.5756541524459613 0.1536144578313253 0.013651877133105783 0.026104417670682722
1 0.5830489192263937 0.1285140562248996 0.012514220705346912 0.02811244979919679
1 0.5944254835039817 0.10140562248995984 0.010238907849829393 0.022088353413654616
1 0.6120591581342434 0.10341365461847389 0.011376564277588153 0.022088353413654616
1 0.621160409556314 0.14558232931726908 0.013651877133105783 0.03012048192771083
1 0.6023890784982935 0.14156626506024098 0.012514220705347023 0.022088353413654616
1 0.6399317406143346 0.1285140562248996 0.014789533560864654 0.02811244979919679
1 0.6478953356086462 0.10542168674698796 0.010238907849829282 0.02208835341365463
1 0.6285551763367463 0.12650602409638556 0.007963594994311762 0.016064257028112455
1 0.48976109215017066 0.285140562248996 0.023890784982935176 0.04417670682730923
1 0.558589306029579 0.2399598393574297 0.015927189988623414 0.03815261044176707
1 0.5574516496018203 0.2931726907630522 0.027303754266211566 0.040160642570281124
1 0.600113765642776 0.3353413654618474 0.023890784982935176 0.052208835341365445
1 0.6695108077360638 0.33634538152610444 0.026166097838452806 0.054216867469879526
1 0.6649601820250284 0.26104417670682734 0.026166097838452695 0.04417670682730926
1 0.6023890784982935 0.25301204819277107 0.021615472127417545 0.048192771084337366
1 0.6029579067121729 0.2038152610441767 0.018202502844141155 0.030120481927710857
1 0.6473265073947667 0.17670682730923695 0.015927189988623414 0.03212851405622491
1 0.6569965870307167 0.21586345381526106 0.017064846416382284 0.04216867469879518
1 0.6996587030716723 0.2218875502008032 0.018202502844141044 0.04216867469879518
1 0.7036405005688282 0.3012048192771084 0.021615472127417545 0.04417670682730929
1 0.7741751990898749 0.3032128514056225 0.019340159271899804 0.048192771084337394
1 0.7502844141069397 0.2218875502008032 0.021615472127417545 0.04216867469879518
1 0.7360637087599544 0.178714859437751 0.015927189988623414 0.03614457831325302
1 0.7542662116040956 0.16265060240963855 0.013651877133105783 0.03212851405622491
1 0.6939704209328783 0.178714859437751 0.015927189988623414 0.03614457831325302
1 0.6723549488054608 0.1506024096385542 0.013651877133105783 0.028112449799196776
1 0.6786120591581343 0.12349397590361447 0.012514220705347023 0.026104417670682736
1 0.6734926052332195 0.10642570281124497 0.013651877133105894 0.024096385542168683
1 0.7036405005688282 0.1465863453815261 0.014789533560864543 0.028112449799196776
1 0.726962457337884 0.12550200803212852 0.013651877133105783 0.030120481927710843
1 0.7434584755403868 0.13052208835341367 0.014789533560864543 0.028112449799196776
1 0.7565415244596132 0.12751004016064257 0.011376564277588264 0.026104417670682736
1 0.7747440273037542 0.12751004016064257 0.011376564277588153 0.022088353413654616
1 0.7514220705346986 0.10441767068273092 0.012514220705346912 0.024096385542168683
1 0.7935153583617747 0.1325301204819277 0.012514220705346912 0.028112449799196776
1 0.8054607508532423 0.12751004016064257 0.011376564277588264 0.026104417670682736
1 0.8282138794084186 0.14457831325301207 0.013651877133105783 0.028112449799196776
1 0.8378839590443685 0.19076305220883533 0.014789533560864654 0.028112449799196776
1 0.8003412969283277 0.1716867469879518 0.014789533560864654 0.034136546184738936
1 0.8139931740614335 0.23393574297188754 0.021615472127417545 0.03815261044176704
1 0.8674630261660978 0.22991967871485944 0.017064846416382284 0.042168674698795205
1 0.9135381114903299 0.285140562248996 0.020477815699658786 0.04819277108433734
1 0.9180887372013652 0.19578313253012047 0.015927189988623525 0.03815261044176707
1 0.9186575654152447 0.15963855421686746 0.010238907849829393 0.022088353413654643
1 0.8868031854379977 0.1706827309236948 0.012514220705347023 0.028112449799196776
1 0.8924914675767919 0.13453815261044177 0.014789533560864654 0.03212851405622491
1 0.8788395904436861 0.19076305220883533 0.014789533560864654 0.03212851405622488
1 0.8680318543799772 0.1365461847389558 0.011376564277588153 0.02409638554216867
