1 0.2380506091846298 0.3673805601317957 0.043111527647610115 0.09555189456342672
1 0.1958762886597938 0.44481054365733114 0.04498594189315841 0.10214168039538718
1 0.2680412371134021 0.2314662273476112 0.01874414245548267 0.0444810543657331
1 0.33411433926897843 0.2800658978583196 0.021555763823805085 0.03953871499176276
1 0.42642924086223055 0.28500823723228996 0.022492970946579205 0.05601317957166391
1 0.4793814432989691 0.3237232289950577 0.023430178069353325 0.05436573311367382
1 0.38566073102155574 0.18780889621087316 0.01780693533270855 0.0329489291598023
1 0.42221180880974696 0.21499176276771004 0.017806935332708496 0.03459637561779241
1 0.450328022492971 0.22487644151565073 0.01968134957825679 0.03130148270181218
1 0.4475164011246485 0.19028006589785834 0.014058106841611961 0.03789126853377264
1 0.4723523898781631 0.2026359143327842 0.016869728209934376 0.0329489291598023
1 0.45454545454545453 0.15321252059308071 0.009372071227741308 0.02635914332784184
1 0.4700093720712277 0.15321252059308071 0.012183692596063722 0.02635914332784184
1 0.5084348641049672 0.17462932454695224 0.014058106841611906 0.036243822075782556
1 0.5229615745079662 0.2067545304777595 0.014995313964386137 0.03459637561779241
1 0.5304592314901593 0.1400329489291598 0.014995313964386137 0.03624382207578253
1 0.5581068416119963 0.15074135090609553 0.012183692596063778 0.03130148270181218
1 0.5796626054358014 0.16062602965403625 0.012183692596063778 0.03130148270181221
1 0.5749765698219307 0.10873146622734761 0.010309278350515427 0.02635914332784184
1 0.6387066541705717 0.09719934102141681 0.014058106841612017 0.03953871499176277
1 0.6855670103092784 0.09802306425041185 0.012183692596063667 0.0313014827018122
1 0.7202436738519213 0.07825370675453047 0.012183692596063778 0.024711696869851738
1 0.6091846298031864 0.24217462932454695 0.024367385192127444 0.04283360790774299
1 0.6551077788191191 0.2487644151565074 0.020618556701030966 0.04942339373970345
1 0.7193064667291471 0.28088962108731463 0.023430178069353325 0.051070840197693534
1 0.7722586691658857 0.3072487644151565 0.022492970946579205 0.051070840197693534
1 0.8748828491096532 0.2257001647446458 0.015932521087160256 0.03953871499176276
1 0.8509840674789129 0.19769357495881384 0.016869728209934376 0.04612850082372322
1 0.8003748828491096 0.18369028006589788 0.013120899718837897 0.03130148270181218
1 0.6841611996251171 0.1556836902800659 0.016869728209934376 0.03789126853377267
1 0.7127460168697282 0.14827018121911037 0.015932521087160256 0.03624382207578253
1 0.7296157450796625 0.1630971993410214 0.012183692596063778 0.029654036243822096
1 0.7488284910965324 0.14497528830313014 0.014995313964386137 0.03953871499176276
1 0.7582005623242737 0.17215815485996705 0.016869728209934376 0.03130148270181221
1 0.7521087160262419 0.10955518945634267 0.010309278350515538 0.03459637561779241
1 0.8125585754451734 0.12932454695222406 0.009372071227741308 0.03130148270181218
1 0.4845360824742268 0.13426688632619438 0.011246485473289547 0.021416803953871494
1 0.48078725398313027 0.1655683690280066 0.014995313964386137 0.02800658978583198
