1 0.3918918918918919 0.18815331010452963 0.017017017017017022 0.03832752613240417
1 0.41641641641641647 0.2229965156794425 0.022022022022022025 0.0383275261324042
1 0.45495495495495497 0.2308362369337979 0.023023023023023004 0.04355400696864109
1 0.567067067067067 0.18902439024390244 0.017017017017017078 0.03310104529616725
1 0.5680680680680681 0.16376306620209058 0.017017017017016967 0.031358885017421595
1 0.6271271271271271 0.2613240418118467 0.02302302302302306 0.05574912891986064
1 0.6426426426426426 0.2883275261324042 0.02802802802802795 0.06445993031358882
1 0.637137137137137 0.20557491289198607 0.019019019019019034 0.045296167247386776
1 0.6811811811811812 0.17421602787456447 0.017017017017016967 0.03832752613240417
1 0.6866866866866868 0.22038327526132406 0.024024024024024038 0.04355400696864112
1 0.6636636636636637 0.09059233449477352 0.018018018018018056 0.038327526132404185
1 0.937937937937938 0.22473867595818814 0.016016016016015988 0.03832752613240417
