1 0.377 0.2072072072072072 0.062 0.12012012012012016
1 0.178 0.5675675675675675 0.10800000000000001 0.1501501501501501
1 0.22699999999999998 0.7222222222222222 0.13799999999999998 0.2432432432432432
1 0.32099999999999995 0.539039039039039 0.066 0.09909909909909903
1 0.398 0.5540540540540541 0.07200000000000001 0.14114114114114118
1 0.487 0.5975975975975976 0.11000000000000004 0.1861861861861862
1 0.6140000000000001 0.7012012012012012 0.14400000000000002 0.23723723723723722
1 0.6859999999999999 0.5045045045045045 0.06799999999999995 0.12012012012012019
1 0.821 0.22672672672672672 0.09399999999999997 0.15315315315315314
1 0.9099999999999999 0.8153153153153153 0.18000000000000005 0.33933933933933935
1 0.978 0.545045045045045 0.04400000000000004 0.11711711711711714
