1 0.12760633861551293 0.5638606676342526 0.04503753127606337 0.08272859216255446
1 0.22560467055879901 0.33599419448476053 0.01751459549624687 0.03918722786647316
1 0.25479566305254375 0.34615384615384615 0.0208507089241034 0.0420899854862119
1 0.27773144286905754 0.37082728592162556 0.025020850708924125 0.0420899854862119
1 0.2827356130108424 0.31059506531204645 0.02001668056713929 0.037735849056603765
1 0.3261050875729775 0.37010159651669083 0.023352793994995846 0.046444121915820036
1 0.3486238532110092 0.32220609579100146 0.01834862385321101 0.04354136429608124
1 0.3507089241034195 0.29390420899854863 0.01584653878231862 0.027576197387518153
1 0.384070058381985 0.33381712626995647 0.019182652210175122 0.037735849056603765
1 0.4070058381984988 0.33526850507982586 0.021684737281067512 0.040638606676342504
1 0.4061718098415346 0.29825834542815677 0.01834862385321101 0.03338171262699563
1 0.396163469557965 0.2597968069666183 0.015012510425354508 0.03193033381712626
1 0.4286905754795663 0.2728592162554427 0.015012510425354453 0.03193033381712629
1 0.4316096747289408 0.30551523947750364 0.019182652210175122 0.0420899854862119
1 0.4482902418682235 0.33381712626995647 0.02251876563803168 0.04354136429608124
1 0.4708090075062552 0.3047895500725689 0.019182652210175122 0.03193033381712623
1 0.505838198498749 0.31567489114658925 0.022518765638031735 0.044992743105950694
1 0.47623019182652215 0.2641509433962264 0.01668056713928273 0.034833091436865055
1 0.4582985821517932 0.24673439767779393 0.017514595496246843 0.029027576197387522
1 0.46747289407839865 0.2358490566037736 0.017514595496246843 0.030478955007256864
1 0.49416180150125105 0.2656023222060958 0.019182652210175122 0.03773584905660379
1 0.505421184320267 0.25689404934687954 0.016680567139282787 0.03193033381712629
1 0.5187656380316931 0.2423802612481858 0.016680567139282676 0.034833091436865
1 0.5225187656380317 0.27358490566037735 0.0175145954962469 0.036284470246734424
1 0.5417014178482069 0.25036284470246734 0.0175145954962469 0.03338171262699563
1 0.5546288573811509 0.2793904208998549 0.01834862385321101 0.03628447024673437
1 0.5763135946622184 0.25689404934687954 0.016680567139282787 0.034833091436865
1 0.5721434528773979 0.22786647314949202 0.011676396997497895 0.026124818577648756
1 0.5663052543786489 0.2169811320754717 0.010008340283569561 0.02177068214804065
1 0.585904920767306 0.2358490566037736 0.014178482068390341 0.030478955007256864
1 0.603836530442035 0.2220609579100145 0.01334445371142623 0.029027576197387522
1 0.6080066722268557 0.204644412191582 0.015012510425354453 0.026124818577648756
1 0.5988323603002502 0.2467343976777939 0.015012510425354453 0.03193033381712623
1 0.628023352793995 0.21262699564586357 0.016680567139282676 0.03047895500725689
1 0.6409507923269391 0.2227866473149492 0.012510425354462007 0.03047895500725689
1 0.6447039199332778 0.24310595065312046 0.01834862385321101 0.036284470246734396
1 0.6655546288573811 0.20464441219158203 0.015012510425354453 0.029027576197387522
1 0.6759799833194329 0.22641509433962265 0.014178482068390341 0.029027576197387522
1 0.6868223519599665 0.22423802612481858 0.010842368640533784 0.024673439767779415
1 0.4908256880733945 0.38824383164005805 0.03252710592160135 0.06531204644412192
1 0.5487906588824021 0.4042089985486212 0.035029190992493686 0.053701015965166854
1 0.5417014178482069 0.3505079825834543 0.025854879065888237 0.044992743105950694
1 0.5909090909090908 0.37155297532656023 0.024186822351960013 0.04934687953555883
1 0.5996663886572143 0.32946298984034833 0.021684737281067568 0.04354136429608124
1 0.5879899916597164 0.4448476052249637 0.03669724770642202 0.06821480406386066
1 0.640116763969975 0.46734397677793904 0.03586321934945791 0.07547169811320753
1 0.640116763969975 0.3026124818577649 0.020850708924103456 0.0420899854862119
1 0.6718098415346121 0.2779390420899855 0.019182652210175122 0.044992743105950694
1 0.6972477064220184 0.29825834542815677 0.020016680567139233 0.0420899854862119
1 0.6492910758965805 0.3476052249637155 0.02251876563803168 0.04499274310595064
1 0.6651376146788991 0.3809869375907112 0.02752293577981657 0.05370101596516691
1 0.6909924937447873 0.3621190130624093 0.02251876563803168 0.05079825834542817
1 0.7293577981651376 0.4042089985486212 0.029190992493744794 0.053701015965166854
1 0.7026688907422852 0.5500725689404935 0.042535446205171024 0.07837445573294632
1 0.8336113427856546 0.5065312046444121 0.04086738949124269 0.08417997097242375
1 0.8502919099249374 0.4477503628447025 0.029190992493744794 0.06821480406386066
1 0.7898248540450375 0.4274310595065312 0.03169307756463713 0.06531204644412192
1 0.7105921601334446 0.2997097242380261 0.020016680567139233 0.0420899854862119
1 0.7085070892410341 0.24528301886792453 0.0175145954962469 0.034833091436865
1 0.7310258548790658 0.25036284470246734 0.019182652210175122 0.03338171262699563
1 0.7372810675562969 0.2365747460087083 0.015012510425354564 0.03483309143686503
1 0.7510425354462051 0.22714078374455732 0.014178482068390341 0.027576197387518125
1 0.7756463719766472 0.2714078374455733 0.016680567139282676 0.03483309143686503
1 0.7831526271893244 0.23875181422351233 0.015012510425354453 0.03047895500725692
1 0.8140116763969976 0.24383164005805513 0.016680567139282787 0.03773584905660374
1 0.8190158465387823 0.2692307692307693 0.015012510425354453 0.03047895500725689
1 0.8160967472894078 0.29825834542815677 0.017514595496246788 0.03338171262699563
1 0.8135946622185155 0.35921625544267055 0.024186822351960013 0.05079825834542817
1 0.9274395329441201 0.465166908563135 0.030025020850708906 0.062409288824383125
1 0.9186822351959967 0.3940493468795355 0.020850708924103456 0.04789550072568943
1 0.8623853211009174 0.37445573294629897 0.025020850708924125 0.05224963715529751
1 0.848206839032527 0.3076923076923077 0.016680567139282787 0.0435413642960813
1 0.859883236030025 0.2728592162554427 0.01834862385321101 0.037735849056603765
1 0.8465387823185988 0.25834542815674894 0.016680567139282787 0.03773584905660379
1 0.8790658882402002 0.25326560232220613 0.015012510425354453 0.03338171262699566
1 0.8936613844870726 0.3178519593613933 0.017514595496246788 0.04063860667634256
1 0.8719766472060051 0.33599419448476053 0.019182652210175122 0.04499274310595064
1 0.9366138448707255 0.35413642960812775 0.01834862385321101 0.040638606676342504
1 0.9345287739783152 0.3113207547169811 0.014178482068390341 0.0420899854862119
1 0.9165971643035864 0.29898403483309144 0.016680567139282787 0.04063860667634256
1 0.8982485404503753 0.26995645863570394 0.015012510425354453 0.040638606676342504
1 0.9432860717264386 0.26995645863570394 0.01834862385321101 0.0435413642960813
