1 0.5046728971962617 0.7095771144278606 0.2168224299065421 0.3519900497512437
1 0.09065420560747663 0.5740049751243781 0.17757009345794392 0.2574626865671642
1 0.053738317757009345 0.22263681592039802 0.06448598130841121 0.09452736318407962
1 0.2630841121495327 0.2960199004975124 0.09439252336448598 0.13930348258706468
1 0.32616822429906545 0.4266169154228856 0.1214953271028037 0.17164179104477612
1 0.36495327102803743 0.2512437810945274 0.07009345794392524 0.11442786069651739
1 0.39626168224299063 0.2126865671641791 0.05233644859813086 0.09452736318407962
1 0.4892523364485981 0.22139303482587064 0.055140186915887845 0.09203980099502485
1 0.5509345794392524 0.3233830845771144 0.08691588785046733 0.14179104477611942
1 0.6850467289719626 0.4129353233830846 0.13084112149532712 0.17412935323383083
1 0.652803738317757 0.2562189054726368 0.0700934579439253 0.11194029850746268
1 0.6042056074766355 0.1697761194029851 0.05327102803738315 0.07587064676616914
1 0.6813084112149532 0.20335820895522388 0.06915887850467295 0.10074626865671643
1 0.7341121495327103 0.19527363184079602 0.047663551401869175 0.0845771144278607
1 0.7929906542056075 0.27114427860696516 0.09626168224299059 0.14925373134328357
1 0.8892523364485981 0.2512437810945274 0.06261682242990663 0.11691542288557213
1 0.9261682242990654 0.17599502487562188 0.05794392523364489 0.0808457711442786
1 0.9154205607476635 0.21828358208955223 0.055140186915887845 0.08582089552238803
