1 0.08279483037156704 0.5639032815198619 0.0444264943457189 0.1260794473229706
1 0.19184168012924072 0.2979274611398964 0.01696284329563813 0.04317789291882557
1 0.22253634894991922 0.2979274611398963 0.025040387722132462 0.046632124352331605
1 0.26453957996768984 0.24352331606217614 0.018578352180937008 0.04145077720207255
1 0.345718901453958 0.21157167530224524 0.012924071082390964 0.046632124352331605
1 0.3638933764135703 0.2754749568221071 0.020193861066235885 0.05354058721934368
1 0.3578352180936995 0.20293609671848012 0.014539579967689842 0.03626943005181346
1 0.38812600969305333 0.1917098445595855 0.01696284329563813 0.03799654576856651
1 0.39176090468497576 0.24956822107081175 0.017770597738287597 0.03972366148531953
1 0.4349757673667205 0.3126079447322971 0.025040387722132462 0.05526770293609673
1 0.42810985460420037 0.2003454231433506 0.012924071082390964 0.04145077720207252
1 0.44184168012924074 0.17184801381692572 0.01777059773828754 0.0397236614853195
1 0.4676898222940226 0.2538860103626943 0.01938610662358642 0.05526770293609673
1 0.49313408723747976 0.2081174438687392 0.016962843295638075 0.050086355785837644
1 0.5185783521809371 0.17012089810017272 0.016155088852988775 0.05008635578583767
1 0.5472536348949919 0.22797927461139894 0.01696284329563813 0.0552677029360967
1 0.5496768982229402 0.13644214162348878 0.012116316639741553 0.031088082901554404
1 0.5533117932148627 0.16753022452504318 0.016155088852988664 0.03799654576856648
1 0.577140549273021 0.20293609671848012 0.018578352180936952 0.0397236614853195
1 0.577140549273021 0.1761658031088083 0.01696284329563813 0.044905008635578586
1 0.574313408723748 0.13730569948186527 0.014539579967689842 0.04317789291882555
1 0.5965266558966074 0.1226252158894646 0.013731825525040375 0.04145077720207253
1 0.6195476575121164 0.2072538860103627 0.014539579967689842 0.048359240069084625
1 0.6284329563812601 0.1303972366148532 0.012924071082390909 0.036269430051813475
1 0.6558966074313408 0.18307426597582038 0.014539579967689842 0.044905008635578586
1 0.68578352180937 0.16839378238341968 0.016155088852988664 0.03626943005181346
1 0.5731017770597738 0.342832469775475 0.02342487883683364 0.06044905008635576
1 0.609854604200323 0.28756476683937826 0.02584814216478193 0.06044905008635576
1 0.6046042003231018 0.3799654576856649 0.02342487883683364 0.07599309153713302
1 0.6550888529886915 0.4360967184801382 0.029079159935379684 0.07081174438687393
1 0.7201130856219708 0.4145077720207254 0.020193861066235885 0.06908462867012094
1 0.7956381260096931 0.4766839378238342 0.02746365105008075 0.08635578583765113
1 0.8655088852988692 0.498272884283247 0.02342487883683364 0.08462867012089809
1 0.8852988691437803 0.4214162348877375 0.017770597738287597 0.06563039723661485
1 0.9547657512116317 0.4870466321243523 0.02100161550888524 0.06217616580310875
1 0.6615508885298869 0.25215889464594127 0.022617124394184063 0.048359240069084625
1 0.7027463651050081 0.21761658031088082 0.016155088852988664 0.05181347150259069
1 0.7160743134087237 0.27374784110535405 0.020193861066235774 0.06044905008635579
1 0.7407108239095315 0.23056994818652848 0.017770597738287597 0.050086355785837644
1 0.75 0.1917098445595855 0.01696284329563813 0.048359240069084625
1 0.7495961227786753 0.3082901554404145 0.016155088852988664 0.05354058721934368
1 0.7673667205169629 0.18998272884283246 0.01292407108239102 0.04145077720207255
1 0.7875605815831987 0.21157167530224524 0.016155088852988664 0.046632124352331605
1 0.808562197092084 0.19948186528497408 0.016155088852988664 0.04317789291882554
1 0.7891760904684976 0.2659758203799655 0.017770597738287597 0.05526770293609676
1 0.8117932148626817 0.30569948186528495 0.017770597738287597 0.05872193436960277
1 0.818659127625202 0.231433506044905 0.01696284329563813 0.04145077720207252
1 0.8291599353796446 0.21848013816925735 0.01696284329563813 0.04317789291882557
1 0.8667205169628432 0.2374784110535406 0.011308562197092087 0.03972366148531953
1 0.867124394184168 0.3644214162348877 0.020193861066235885 0.05526770293609673
1 0.9038772213247173 0.23661485319516407 0.012924071082390909 0.04145077720207255
1 0.8970113085621971 0.266839378238342 0.015347334410339308 0.032815198618307395
1 0.8844911147011308 0.29533678756476683 0.016155088852988664 0.041450777202072575
1 0.9248788368336026 0.3531951640759931 0.016155088852988664 0.050086355785837644
1 0.9503231017770597 0.38946459412780654 0.020193861066235885 0.06390328151986185
1 0.9737479806138933 0.37305699481865284 0.01696284329563813 0.04490500863557856
1 0.928513731825525 0.2754749568221071 0.01696284329563813 0.04317789291882557
1 0.9487075928917609 0.24870466321243523 0.012116316639741553 0.031088082901554404
1 0.9810177705977383 0.2607944732297064 0.01050080775444262 0.03454231433506047
1 0.9741518578352182 0.3134715025906736 0.014539579967689842 0.03972366148531947
1 0.9721324717285945 0.34024179620034545 0.015347334410339197 0.04145077720207252
1 0.869951534733441 0.32642487046632124 0.016155088852988664 0.04835924006908465
1 0.6651857835218093 0.1381692573402418 0.013731825525040375 0.037996545768566495
1 0.6530694668820678 0.1468048359240069 0.013731825525040375 0.048359240069084625
1 0.6878029079159935 0.14162348877374786 0.012116316639741553 0.04145077720207255
1 0.6050080775444264 0.15889464594127806 0.012924071082390909 0.03799654576856651
1 0.6082390953150243 0.18393782383419688 0.014539579967689842 0.04317789291882554
1 0.49071082390953147 0.16321243523316062 0.015347334410339253 0.04317789291882557
1 0.3025040387722132 0.24870466321243523 0.015347334410339253 0.04145077720207255
1 0.3109854604200323 0.23316062176165803 0.014539579967689786 0.04145077720207255
