1 0.038033395176252316 0.3643092105263158 0.03153988868274583 0.05756578947368424
1 0.0551948051948052 0.3651315789473684 0.02690166975881262 0.0625
1 0.38033395176252316 0.2845394736842105 0.027829313543599243 0.05263157894736842
1 0.38450834879406304 0.19572368421052633 0.019480519480519487 0.03289473684210528
1 0.45408163265306123 0.21792763157894737 0.025046382189239325 0.04440789473684209
1 0.5691094619666048 0.3182565789473684 0.03988868274582558 0.08717105263157898
1 0.5871985157699444 0.2450657894736842 0.0278293135435993 0.05592105263157893
1 0.5677179962894249 0.1299342105263158 0.016697588126159513 0.026315789473684195
1 0.711038961038961 0.0649671052631579 0.012059369202226389 0.02796052631578947
1 0.6910946196660482 0.1743421052631579 0.01855287569573294 0.04605263157894737
