1 0.018125000000000002 0.3433333333333333 0.03375 0.08666666666666667
1 0.09062500000000001 0.37583333333333335 0.07625000000000001 0.11833333333333335
1 0.24812499999999998 0.4066666666666667 0.07874999999999999 0.10666666666666669
1 0.256875 0.32166666666666666 0.04625000000000001 0.08000000000000002
1 0.3675 0.33166666666666667 0.05249999999999999 0.08333333333333337
1 0.385 0.28583333333333333 0.044999999999999984 0.07166666666666666
1 0.46625 0.35 0.05500000000000005 0.08666666666666667
1 0.4525 0.29166666666666663 0.03999999999999998 0.06
1 0.5543750000000001 0.29833333333333334 0.04375000000000007 0.07
1 0.596875 0.2875 0.03375000000000006 0.0683333333333333
1 0.768125 0.4633333333333334 0.1037499999999999 0.1733333333333334
1 0.8262499999999999 0.38416666666666666 0.06500000000000006 0.11833333333333335
1 0.875 0.32833333333333337 0.05499999999999994 0.08333333333333331
1 0.978125 0.37 0.043749999999999956 0.1233333333333333
1 0.965625 0.5541666666666667 0.061249999999999916 0.16833333333333333
