1 0.03874999999999999 0.5471698113207547 0.06749999999999999 0.12075471698113205
1 0.0175 0.39433962264150946 0.030000000000000002 0.0566037735849057
1 0.075 0.4018867924528302 0.04 0.06415094339622646
1 0.10375 0.36226415094339626 0.0325 0.05283018867924533
1 0.1725 0.41132075471698115 0.04000000000000001 0.06792452830188678
1 0.17125 0.3679245283018868 0.037500000000000006 0.04905660377358495
1 0.1575 0.5943396226415094 0.09000000000000001 0.13962264150943393
1 0.28625 0.45849056603773586 0.05249999999999999 0.0792452830188679
1 0.25875000000000004 0.4018867924528302 0.03750000000000003 0.06415094339622646
1 0.365 0.4339622641509434 0.040000000000000036 0.06792452830188678
1 0.46125 0.5169811320754717 0.0625 0.10566037735849054
1 0.53 0.42641509433962266 0.050000000000000044 0.09056603773584904
1 0.79375 0.4169811320754717 0.07250000000000001 0.11698113207547173
1 0.895 0.29245283018867924 0.13 0.21509433962264154
