1 0.13712910986367283 0.34951456310679613 0.035284683239775474 0.06934812760055475
1 0.18484362469927829 0.3883495145631068 0.04089815557337609 0.07489597780859913
1 0.21772253408179632 0.40707350901525663 0.03448275862068967 0.07628294036061029
1 0.21892542101042503 0.37031900138696255 0.03528468323977546 0.06657420249653256
1 0.18684843624699277 0.3148404993065187 0.0272654370489174 0.04993065187239948
1 0.2518043303929431 0.28502080443828015 0.0272654370489174 0.062413314840499334
1 0.2927024859663192 0.26907073509015256 0.030473135525260597 0.06934812760055475
1 0.36006415396952685 0.30235783633841884 0.040096230954290324 0.08044382801664357
1 0.3901363271852446 0.2447988904299584 0.03448275862068967 0.07350901525658807
1 0.4863672814755413 0.26005547850208044 0.0425020048115477 0.07628294036061023
1 0.5613472333600642 0.3044382801664355 0.035284683239775405 0.059639389736477144
