1 0.07999999999999999 0.3827791986359761 0.10444444444444444 0.18073316283034951
1 0.03166666666666667 0.2855924978687127 0.06222222222222223 0.17050298380221654
1 0.21222222222222226 0.34057971014492755 0.11000000000000001 0.20034100596760443
1 0.23222222222222222 0.21611253196930946 0.09888888888888889 0.14236999147485083
1 0.28 0.13000852514919012 0.08333333333333331 0.14919011082693948
1 0.4047222222222222 0.07033248081841431 0.1027777777777778 0.1372549019607843
1 0.38916666666666666 0.26641091219096336 0.11499999999999999 0.18158567774936063
1 0.5769444444444445 0.24083546462063085 0.11055555555555563 0.17988064791133845
1 0.7127777777777777 0.5272804774083546 0.15333333333333332 0.25831202046035806
1 0.7333333333333334 0.1999147485080989 0.10999999999999999 0.1832907075873828
1 0.6872222222222222 0.06010230179028133 0.09666666666666668 0.11679454390451834
1 0.8258333333333333 0.05200341005967604 0.08833333333333337 0.10230179028132992
1 0.8483333333333334 0.15771526001705027 0.09444444444444444 0.17902813299232734
1 0.9025 0.03708439897698209 0.07388888888888889 0.07246376811594202
1 0.9641666666666666 0.06265984654731457 0.06388888888888888 0.10997442455242967
1 0.6058333333333333 0.033674339300937765 0.057222222222222285 0.0639386189258312
