1 0.119140625 0.35797950219619323 0.05859375 0.11566617862371892
1 0.2119140625 0.33382137628111275 0.07421875 0.12884333821376281
1 0.3486328125 0.43631039531478766 0.1328125 0.24597364568081986
1 0.345703125 0.31698389458272325 0.041015625 0.06295754026354322
1 0.39892578125 0.32723279648609077 0.0498046875 0.08931185944363107
1 0.49072265625 0.31698389458272325 0.0517578125 0.08345534407027816
1 0.56494140625 0.3074670571010249 0.0380859375 0.08199121522693997
1 0.642578125 0.3396778916544656 0.083984375 0.1493411420204978
1 0.79638671875 0.35797950219619323 0.1748046875 0.25036603221083453
1 0.9404296875 0.30161054172767204 0.06640625 0.12298682284040996
1 0.8779296875 0.3594436310395315 0.08203125 0.17423133235724741
