1 0.71640625 0.13472222222222222 0.08906250000000004 0.175
1 0.25390625 0.5180555555555556 0.0390625 0.07500000000000001
1 0.16328125 0.9069444444444444 0.1109375 0.17500000000000004
1 0.08828125 0.8652777777777778 0.0859375 0.14722222222222225
1 0.103125 0.7569444444444444 0.059375 0.11944444444444446
1 0.03515625 0.6722222222222223 0.048437499999999994 0.08333333333333337
1 0.15078125 0.6972222222222222 0.05156250000000001 0.07777777777777783
1 0.10390624999999999 0.6736111111111112 0.048437499999999994 0.08611111111111114
1 0.35546875 0.6027777777777777 0.0390625 0.061111111111111116
1 0.35859375000000004 0.6625 0.04218749999999999 0.05833333333333335
1 0.41640625 0.6277777777777778 0.03593750000000001 0.05555555555555558
1 0.4828125 0.5944444444444444 0.03437499999999999 0.07222222222222219
1 0.55390625 0.6263888888888889 0.0390625 0.07499999999999996
1 0.58359375 0.725 0.051562499999999956 0.07777777777777772
1 0.62421875 0.8027777777777778 0.07968750000000002 0.1166666666666667
1 0.78515625 0.7208333333333333 0.0546875 0.125
1 0.95625 0.7972222222222223 0.08750000000000002 0.188888888888889
1 0.9234374999999999 0.5069444444444444 0.07187500000000002 0.125
1 0.76484375 0.6361111111111111 0.04843750000000002 0.07777777777777783
1 0.7828125 0.5888888888888889 0.03125 0.06666666666666665
1 0.8171875 0.5958333333333333 0.03125 0.08055555555555549
1 0.52265625 0.6972222222222222 0.04531249999999998 0.07777777777777783
1 0.6140625 0.5986111111111111 0.03749999999999998 0.08055555555555549
1 0.5921875000000001 0.6375 0.04062500000000002 0.07500000000000007
1 0.575 0.5930555555555556 0.03437499999999993 0.05277777777777781
1 0.47578125 0.675 0.04531249999999998 0.061111111111111116
1 0.4625 0.6319444444444444 0.03750000000000003 0.06388888888888888
1 0.4234375 0.7027777777777777 0.04999999999999999 0.07777777777777783
