1 0.24070631970260223 0.4319672131147541 0.04832713754646839 0.10655737704918034
1 0.2746282527881041 0.26721311475409837 0.01951672862453535 0.032786885245901676
1 0.2978624535315985 0.2754098360655738 0.013940520446096616 0.0360655737704918
1 0.2992565055762082 0.24508196721311476 0.016728624535315983 0.0180327868852459
1 0.3406133828996283 0.2909836065573771 0.023234200743494415 0.04098360655737704
1 0.37778810408921937 0.29508196721311475 0.01765799256505579 0.0360655737704918
1 0.38011152416356875 0.25491803278688524 0.022304832713754663 0.02131147540983605
1 0.3517657992565056 0.24754098360655735 0.01951672862453535 0.02622950819672129
1 0.44609665427509293 0.22704918032786886 0.014869888475836424 0.03114754098360656
1 0.38661710037174724 0.18688524590163935 0.01301115241635692 0.02295081967213114
1 0.40566914498141265 0.19508196721311477 0.01579925650557623 0.022950819672131167
1 0.42100371747211895 0.18278688524590164 0.014869888475836424 0.02786885245901638
1 0.45399628252788105 0.19016393442622953 0.010223048327137552 0.02950819672131147
1 0.4716542750929368 0.18934426229508197 0.01765799256505579 0.03442622950819674
1 0.4674721189591078 0.2401639344262295 0.018587360594795543 0.04098360655737704
1 0.5046468401486989 0.3016393442622951 0.024163568773234223 0.055737704918032815
1 0.5371747211895911 0.3262295081967213 0.02230483271375472 0.05573770491803276
1 0.6017657992565055 0.3483606557377049 0.02323420074349436 0.0540983606557377
1 0.6937732342007434 0.3254098360655737 0.025092936802974086 0.05737704918032788
1 0.7551115241635689 0.3377049180327869 0.028810408921933095 0.0655737704918033
1 0.8150557620817844 0.4065573770491803 0.03159851301115235 0.0721311475409836
1 0.8838289962825279 0.37786885245901636 0.03345724907063197 0.06721311475409836
1 0.9079925650557621 0.3180327868852459 0.027881040892193232 0.05573770491803276
1 0.8341078066914498 0.3147540983606557 0.025092936802973975 0.05245901639344258
1 0.7825278810408922 0.27459016393442626 0.018587360594795488 0.04426229508196716
1 0.7328066914498141 0.2540983606557377 0.025092936802973975 0.05245901639344264
1 0.6138475836431226 0.2655737704918033 0.017657992565055736 0.04590163934426231
1 0.5910780669144982 0.24508196721311476 0.018587360594795488 0.04426229508196722
1 0.5199814126394052 0.21065573770491802 0.01579925650557623 0.03770491803278689
1 0.49674721189591076 0.20491803278688525 0.02137546468401491 0.0360655737704918
1 0.48048327137546465 0.1581967213114754 0.018587360594795543 0.03442622950819674
1 0.625 0.21065573770491802 0.017657992565055736 0.03770491803278689
1 0.6603159851301115 0.21557377049180326 0.017657992565055847 0.03442622950819671
1 0.7109665427509294 0.24098360655737705 0.016728624535315983 0.03934426229508195
1 0.6682156133828996 0.17540983606557375 0.014869888475836368 0.03278688524590165
1 0.7030669144981412 0.1885245901639344 0.013940520446096616 0.03934426229508195
1 0.7304832713754648 0.20737704918032784 0.020446096654275103 0.03770491803278689
1 0.7718401486988847 0.22213114754098362 0.01579925650557623 0.04426229508196719
1 0.8080855018587361 0.2442622950819672 0.017657992565055736 0.0426229508196721
1 0.8661710037174721 0.2639344262295082 0.02230483271375472 0.05245901639344264
1 0.9228624535315986 0.26721311475409837 0.020446096654275103 0.04918032786885243
1 0.5144052044609666 0.12704918032786885 0.012081784386617112 0.021311475409836078
1 0.5255576208178439 0.1663934426229508 0.01579925650557623 0.027868852459016408
1 0.550185873605948 0.18606557377049182 0.013011152416356975 0.03770491803278689
1 0.537639405204461 0.13278688524590165 0.01579925650557623 0.02950819672131147
1 0.5631970260223049 0.1262295081967213 0.013011152416356864 0.02950819672131147
1 0.5794609665427509 0.16803278688524592 0.01579925650557623 0.03442622950819671
1 0.5910780669144982 0.13934426229508196 0.014869888475836479 0.02622950819672129
1 0.6143122676579925 0.15163934426229508 0.016728624535315983 0.03114754098360656
1 0.5975836431226766 0.10901639344262296 0.014869888475836368 0.03114754098360656
1 0.6222118959107807 0.10491803278688525 0.010223048327137607 0.02295081967213114
1 0.6454460966542751 0.13688524590163934 0.013940520446096727 0.03442622950819672
1 0.6714684014869888 0.10901639344262296 0.010223048327137496 0.02459016393442623
1 0.7035315985130111 0.10737704918032787 0.013011152416356864 0.027868852459016394
1 0.7328066914498141 0.13852459016393442 0.01579925650557623 0.0377049180327869
1 0.7611524163568772 0.15245901639344261 0.013011152416356864 0.02950819672131147
1 0.7695167286245352 0.1319672131147541 0.01115241635687736 0.03114754098360656
1 0.7825278810408922 0.17868852459016393 0.016728624535315983 0.03934426229508198
1 0.8141263940520447 0.15491803278688526 0.014869888475836368 0.027868852459016408
1 0.837360594795539 0.1221311475409836 0.014869888475836479 0.02459016393442623
1 0.8299256505576208 0.14754098360655737 0.016728624535315983 0.02295081967213114
1 0.824814126394052 0.20163934426229507 0.017657992565055736 0.04262295081967213
1 0.8573420074349443 0.1663934426229508 0.012081784386617112 0.03442622950819671
1 0.870817843866171 0.13442622950819672 0.013011152416356975 0.029508196721311483
1 0.8736059479553904 0.21557377049180326 0.016728624535315983 0.04098360655737707
1 0.9256505576208178 0.22131147540983606 0.013011152416356864 0.03934426229508198
1 0.8940520446096654 0.1778688524590164 0.014869888475836368 0.03770491803278689
1 0.9312267657992566 0.16311475409836065 0.014869888475836368 0.02786885245901638
1 0.9010223048327137 0.15327868852459017 0.01579925650557623 0.03114754098360656
1 0.720260223048327 0.1737704918032787 0.013011152416356864 0.03278688524590162
1 0.6933085501858736 0.17295081967213116 0.013011152416356864 0.03442622950819671
