1 0.08203125 0.33171296296296293 0.025520833333333326 0.048611111111111105
1 0.10989583333333333 0.3949074074074074 0.05208333333333333 0.10000000000000003
1 0.17864583333333334 0.3458333333333333 0.02656249999999999 0.042592592592592626
1 0.20234375 0.343287037037037 0.017708333333333354 0.04305555555555557
1 0.22604166666666667 0.38958333333333334 0.02812500000000001 0.056944444444444464
1 0.24348958333333331 0.3597222222222222 0.01927083333333332 0.04351851851851851
1 0.2817708333333333 0.36157407407407405 0.021875000000000033 0.04999999999999999
1 0.32252604166666665 0.36574074074074076 0.02682291666666664 0.05092592592592593
1 0.38125 0.3847222222222222 0.0234375 0.04537037037037034
1 0.3932291666666667 0.3145833333333333 0.019791666666666652 0.04398148148148151
1 0.2989583333333333 0.45185185185185184 0.05364583333333334 0.10092592592592586
1 0.5329427083333333 0.6094907407407408 0.09401041666666665 0.19490740740740742
1 0.5227864583333333 0.46319444444444446 0.04036458333333337 0.08749999999999997
1 0.5826822916666666 0.47175925925925927 0.035677083333333304 0.07777777777777783
1 0.6697916666666667 0.40046296296296297 0.02187500000000009 0.042592592592592626
1 0.79296875 0.6002314814814815 0.0630208333333333 0.125462962962963
1 0.858203125 0.5 0.03151041666666665 0.06574074074074071
1 0.96328125 0.5206018518518518 0.03489583333333335 0.07546296296296295
