1 0.03305439330543933 0.4182209469153515 0.027615062761506277 0.050215208034433245
1 0.24393305439330543 0.34218077474892394 0.019246861924686165 0.04160688665710188
1 0.2690376569037657 0.36083213773314204 0.02426778242677824 0.050215208034433245
1 0.300418410041841 0.37230989956958394 0.02175732217573223 0.0444763271162123
1 0.297489539748954 0.3156384505021521 0.02259414225941425 0.04304160688665709
1 0.3497907949790795 0.36800573888091825 0.025104602510460206 0.05308464849354372
1 0.39246861924686194 0.35437589670014347 0.0184100418410042 0.03443328550932567
1 0.3857740585774059 0.3285509325681492 0.0184100418410042 0.028694404591104727
1 0.3686192468619247 0.3012912482065997 0.015899581589958134 0.028694404591104727
1 0.401673640167364 0.2632711621233859 0.013389121338912124 0.030129124820659964
1 0.41548117154811715 0.2833572453371592 0.014225941422594146 0.02725968436154952
1 0.4225941422594143 0.30272596843615496 0.016736401673640156 0.0315638450502152
1 0.4221757322175732 0.3486370157819225 0.02426778242677824 0.04017216642754662
1 0.46903765690376564 0.3464849354375897 0.02426778242677824 0.04160688665710188
1 0.4560669456066946 0.3113342898134863 0.0184100418410042 0.037302725968436146
1 0.4430962343096234 0.28909612625538017 0.015899581589958134 0.032998565279770464
1 0.4384937238493724 0.26398852223816355 0.013389121338912124 0.022955523672883782
1 0.4736401673640167 0.25107604017216645 0.01338912133891218 0.028694404591104755
1 0.4841004184100418 0.24031563845050216 0.012552301255230158 0.02725968436154952
1 0.48619246861924686 0.3098995695839311 0.01673640167364021 0.028694404591104727
1 0.4874476987447699 0.2776183644189383 0.017573221757322177 0.030129124820659936
1 0.5158995815899581 0.26972740315638455 0.017573221757322233 0.037302725968436146
1 0.5297071129707113 0.2855093256814921 0.01673640167364021 0.04017216642754662
1 0.5322175732217573 0.25251076040172166 0.013389121338912124 0.03443328550932567
1 0.5518828451882845 0.2647058823529412 0.01589958158995819 0.032998565279770437
1 0.5786610878661088 0.29268292682926833 0.01757322175732212 0.037302725968436146
1 0.5824267782426779 0.27259684361549497 0.013389121338912124 0.028694404591104727
1 0.5882845188284519 0.24820659971305595 0.011715481171548081 0.025824964131994255
1 0.5673640167364017 0.2345767575322812 0.01673640167364021 0.03586800573888091
1 0.5874476987447699 0.22740315638450503 0.015062761506276168 0.030129124820659964
1 0.6209205020920502 0.22812051649928264 0.013389121338912124 0.028694404591104727
1 0.6288702928870293 0.2101865136298422 0.012552301255230103 0.02725968436154949
1 0.6234309623430963 0.2539454806312769 0.013389121338912124 0.028694404591104755
1 0.6447698744769874 0.2216642754662841 0.014225941422594146 0.02725968436154949
1 0.6573221757322176 0.23385939741750358 0.014225941422594146 0.0315638450502152
1 0.6619246861924686 0.2503586800573888 0.0167364016736401 0.032998565279770437
1 0.5330543933054392 0.32352941176470584 0.020083682008368187 0.03873744619799141
1 0.5171548117154812 0.4017216642754663 0.03179916317991638 0.06025824964131993
1 0.5581589958158996 0.3744619799139168 0.028451882845188292 0.057388809182209455
1 0.5623430962343097 0.4110473457675753 0.035146443514644354 0.055954088952654246
1 0.6133891213389122 0.3335724533715925 0.023430962343096273 0.04734576757532283
1 0.6301255230125523 0.38091822094691535 0.023430962343096162 0.04734576757532283
1 0.6284518828451884 0.43758967001434723 0.035146443514644354 0.05738880918220951
1 0.6874476987447699 0.4562410329985653 0.03430962343096233 0.06886657101865135
1 0.6782426778242678 0.3751793400286944 0.029288702928870314 0.05882352941176472
1 0.6656903765690376 0.3436154949784792 0.02259414225941425 0.04734576757532283
1 0.6527196652719665 0.3084648493543759 0.020083682008368187 0.045911047345767564
1 0.6920502092050209 0.2783357245337159 0.018410041841004254 0.037302725968436146
1 0.6719665271966527 0.24390243902439024 0.015062761506276168 0.025824964131994282
1 0.6774058577405857 0.22596843615494977 0.01087866108786606 0.018651362984218073
1 0.6891213389121339 0.23385939741750358 0.012552301255230214 0.025824964131994255
1 0.704602510460251 0.2374461979913917 0.013389121338912124 0.02725968436154952
1 0.7234309623430962 0.2568149210903874 0.01589958158995808 0.028694404591104755
1 0.7418410041841004 0.29555236728837875 0.019246861924686276 0.037302725968436146
1 0.6987447698744771 0.33070301291248205 0.02175732217573223 0.044476327116212355
1 0.7573221757322176 0.25251076040172166 0.011715481171548081 0.028694404591104727
1 0.7615062761506276 0.22812051649928264 0.015062761506276168 0.0315638450502152
1 0.7665271966527196 0.2754662840746055 0.0167364016736401 0.0315638450502152
1 0.7845188284518829 0.28766140602582496 0.017573221757322233 0.03586800573888094
1 0.802510460251046 0.23672883787661408 0.015062761506276168 0.028694404591104755
1 0.8317991631799163 0.2532281205164993 0.01673640167364021 0.03586800573888094
1 0.7949790794979079 0.2711621233859397 0.015062761506276168 0.0315638450502152
1 0.7815899581589958 0.25753228120516497 0.015062761506276168 0.030129124820659964
1 0.7368200836820085 0.5136298421807748 0.04267782426778244 0.08321377331420365
1 0.7598326359832636 0.40746054519368724 0.028451882845188292 0.057388809182209455
1 0.7092050209205021 0.3615494978479197 0.02259414225941425 0.045911047345767564
1 0.8092050209205021 0.4081779053084649 0.030125523012552335 0.06169296987087519
1 0.8288702928870293 0.3802008608321377 0.02259414225941425 0.05164992826398851
1 0.8343096234309624 0.30774748923959827 0.018410041841004143 0.03586800573888094
1 0.8313807531380754 0.3479196556671449 0.02092050209205021 0.03873744619799141
1 0.8648535564853557 0.4619799139167862 0.02761506276150627 0.0631276901004304
1 0.8577405857740585 0.5480631276901005 0.03849372384937244 0.07173601147776187
1 0.8782426778242678 0.4182209469153515 0.024267782426778295 0.04734576757532283
1 0.898326359832636 0.3615494978479197 0.025941422594142338 0.05164992826398851
1 0.892887029288703 0.3242467718794835 0.02175732217573223 0.04304160688665709
1 0.8661087866108788 0.3134863701578192 0.020083682008368187 0.03586800573888094
1 0.8774058577405859 0.2926829268292683 0.014225941422594146 0.03443328550932567
1 0.8807531380753137 0.2704447632711621 0.017573221757322233 0.03012912482065999
1 0.8640167364016736 0.266857962697274 0.019246861924686165 0.04017216642754662
1 0.891213389121339 0.2532281205164993 0.0167364016736401 0.04447632711621233
1 0.9154811715481171 0.2962697274031564 0.01673640167364021 0.038737446197991354
1 0.9481171548117155 0.3593974175035868 0.020083682008368187 0.04160688665710183
1 0.9384937238493724 0.40028694404591103 0.02259414225941425 0.05164992826398851
1 0.9338912133891213 0.46413199426111906 0.03179916317991627 0.06743185078909614
1 0.9464435146443515 0.32568149210903874 0.020083682008368187 0.03443328550932567
1 0.9543933054393305 0.31420373027259685 0.01757322175732212 0.037302725968436146
1 0.9560669456066946 0.28694404591104733 0.019246861924686165 0.04017216642754662
