1 0.08574380165289255 0.4166666666666667 0.10950413223140495 0.18000000000000005
1 0.34710743801652894 0.5433333333333333 0.06611570247933884 0.11333333333333329
1 0.36260330578512395 0.4633333333333333 0.051652892561983466 0.07999999999999996
1 0.503099173553719 0.49 0.05991735537190085 0.08000000000000002
1 0.48863636363636365 0.42166666666666663 0.03512396694214881 0.0633333333333333
1 0.5640495867768596 0.41500000000000004 0.03305785123966942 0.0633333333333333
1 0.6033057851239669 0.44 0.037190082644628086 0.06666666666666665
1 0.6260330578512396 0.4116666666666666 0.02066115702479343 0.04999999999999999
1 0.6694214876033058 0.42666666666666664 0.03305785123966942 0.06
1 0.7324380165289256 0.41000000000000003 0.022727272727272707 0.04666666666666669
1 0.9803719008264462 0.5183333333333333 0.0351239669421487 0.10333333333333328
1 0.9648760330578512 0.4666666666666667 0.04132231404958675 0.06
1 0.9462809917355371 0.43333333333333335 0.02892561983471076 0.053333333333333344
1 0.9721074380165289 0.41666666666666663 0.030991735537190146 0.06
