1 0.07889733840304183 0.3955223880597015 0.03041825095057034 0.06799336650082916
1 0.37975285171102663 0.1857379767827529 0.014258555133079831 0.026533996683250433
1 0.4020912547528517 0.2562189054726368 0.013307984790874527 0.03150912106135986
1 0.42538022813688214 0.15671641791044777 0.012357414448669224 0.028192371475953576
1 0.470532319391635 0.21807628524046435 0.01901140684410646 0.038142620232172464
1 0.49477186311787075 0.13266998341625208 0.012357414448669224 0.023217247097844118
1 0.5313688212927756 0.11608623548922056 0.011406844106463865 0.023217247097844118
1 0.564638783269962 0.11525704809286899 0.011406844106463865 0.028192371475953562
1 0.5769961977186311 0.17330016583747926 0.01520912547528519 0.03482587064676615
1 0.5784220532319392 0.12271973466003316 0.010456273764258617 0.026533996683250405
1 0.598384030418251 0.11691542288557213 0.010456273764258617 0.02487562189054726
1 0.8008555133079848 0.296849087893864 0.02186311787072248 0.05970149253731344
1 0.8574144486692015 0.30514096185737977 0.026615969581749055 0.06301824212271978
1 0.9429657794676807 0.20978441127694858 0.01520912547528519 0.044776119402985065
1 0.9230038022813688 0.3018242122719734 0.024714828897338448 0.05970149253731344
1 0.716254752851711 0.17661691542288557 0.025665399239543696 0.06467661691542287
1 0.6701520912547528 0.21475953565505806 0.019011406844106515 0.04145936981757878
1 0.6763307984790874 0.3316749585406302 0.03136882129277574 0.06301824212271973
1 0.626425855513308 0.2504145936981758 0.02091254752851701 0.04975124378109455
1 0.48716730038022815 0.3250414593698176 0.02566539923954375 0.046434494195688236
1 0.5503802281368821 0.32089552238805974 0.026615969581749055 0.05472636815920401
1 0.8807034220532319 0.11525704809286899 0.010456273764258617 0.028192371475953562
1 0.9230038022813688 0.14013266998341625 0.011406844106463865 0.02487562189054726
1 0.9496197718631179 0.14925373134328357 0.009505703422053258 0.026533996683250433
1 0.3973384030418251 0.22139303482587064 0.017110266159695797 0.028192371475953576
