1 0.22799999999999998 0.45045045045045046 0.01999999999999999 0.024024024024024038
1 0.563 0.53003003003003 0.03799999999999992 0.06906906906906912
1 0.732 0.5585585585585586 0.05600000000000005 0.10210210210210213
1 0.879 0.6756756756756757 0.122 0.16216216216216217
1 0.844 0.5 0.04800000000000004 0.06306306306306309
1 0.815 0.4864864864864865 0.03399999999999992 0.054054054054054
1 0.825 0.4564564564564565 0.029999999999999916 0.04204204204204204
1 0.896 0.4564564564564565 0.03200000000000003 0.04204204204204204
1 0.971 0.506006006006006 0.05800000000000005 0.09309309309309305
1 0.758 0.45945945945945943 0.02400000000000002 0.03603603603603606
1 0.71 0.4774774774774775 0.03200000000000003 0.06006006006006004
1 0.672 0.4804804804804805 0.020000000000000018 0.036036036036036
1 0.685 0.45945945945945943 0.025999999999999912 0.04204204204204204
1 0.664 0.4714714714714715 0.020000000000000018 0.03603603603603606
1 0.626 0.46696696696696693 0.020000000000000018 0.03303303303303301
1 0.552 0.48048048048048053 0.02399999999999991 0.04204204204204204
1 0.547 0.45945945945945943 0.018000000000000016 0.024024024024023982
1 0.5640000000000001 0.45045045045045046 0.007999999999999896 0.018018018018018056
1 0.489 0.46096096096096095 0.014000000000000012 0.02102102102102099
1 0.456 0.4624624624624625 0.01200000000000001 0.018018018018018
1 0.449 0.4564564564564565 0.010000000000000009 0.018018018018018
1 0.426 0.4714714714714715 0.02400000000000002 0.030030030030030075
1 0.394 0.47597597597597596 0.016000000000000014 0.021021021021021047
1 0.376 0.46996996996997 0.01200000000000001 0.02102102102102099
1 0.356 0.47447447447447444 0.01200000000000001 0.018018018018018
1 0.314 0.47597597597597596 0.016000000000000014 0.021021021021021047
