1 0.22106481481481483 0.3131443298969072 0.026234567901234573 0.04639175257731959
1 0.13464506172839508 0.44845360824742264 0.043209876543209874 0.07731958762886598
1 0.09355709876543208 0.5563788659793815 0.07291666666666666 0.1320876288659794
1 0.08622685185185186 0.45618556701030927 0.048225308641975315 0.08634020618556704
1 0.02353395061728395 0.4484536082474227 0.03858024691358025 0.06572164948453607
1 0.015624999999999998 0.5086984536082474 0.03047839506172839 0.07538659793814428
1 0.3080632716049383 0.4964561855670103 0.06057098765432095 0.10502577319587636
1 0.3721064814814815 0.5225515463917526 0.0798611111111111 0.1404639175257732
1 0.3412422839506173 0.43105670103092786 0.04359567901234568 0.07216494845360827
1 0.47974537037037035 0.47036082474226804 0.05285493827160498 0.09536082474226809
1 0.509837962962963 0.4884020618556701 0.04282407407407407 0.10695876288659789
1 0.5378086419753086 0.37338917525773196 0.03240740740740744 0.06121134020618557
1 0.44502314814814814 0.46552835051546393 0.04128086419753085 0.08440721649484534
1 0.7692901234567902 0.5280283505154639 0.06404320987654322 0.13337628865979378
1 0.8221450617283951 0.48711340206185566 0.04629629629629628 0.08634020618556704
1 0.7469135802469136 0.4803479381443299 0.05092592592592593 0.09342783505154639
1 0.9510030864197532 0.5212628865979381 0.06018518518518523 0.11082474226804118
1 0.9128086419753086 0.4771262886597938 0.05092592592592582 0.12048969072164945
