1 0.27698975571316 0.24722991689750692 0.01654846335697402 0.04016620498614959
1 0.28762805358550037 0.25554016620498615 0.017336485421591774 0.03185595567867039
1 0.3108747044917258 0.2548476454293629 0.01970055161544526 0.03601108033240999
1 0.3171788810086682 0.2922437673130194 0.02600472813238769 0.038781163434903065
1 0.33096926713947994 0.26177285318559557 0.018912529550827395 0.03601108033240996
1 0.33096926713947994 0.22091412742382271 0.017336485421591774 0.04016620498614959
1 0.37667454688731283 0.2527700831024931 0.02048857368006307 0.03739612188365651
1 0.3817966903073286 0.3047091412742382 0.027580772261623365 0.047091412742382266
1 0.37628053585500393 0.20152354570637118 0.01654846335697402 0.03462603878116344
1 0.4113475177304965 0.22714681440443213 0.023640661938534258 0.03601108033240996
1 0.421591804570528 0.19390581717451522 0.01891252955082745 0.03878116343490304
1 0.46178092986603625 0.16066481994459833 0.01733648542159183 0.03601108033240996
1 0.4799054373522459 0.22022160664819945 0.022064617809298637 0.047091412742382266
1 0.5200945626477541 0.20290858725761773 0.023640661938534313 0.03739612188365651
1 0.5098502758077226 0.15166204986149584 0.01576044129235621 0.03462603878116344
1 0.5275807722616233 0.17867036011080334 0.01812450748620964 0.033240997229916885
1 0.5610717100078803 0.17590027700831024 0.01891252955082745 0.03601108033240999
1 0.5598896769109536 0.1475069252077562 0.01812450748620964 0.03185595567867036
1 0.5823483057525611 0.14958448753462605 0.015760441292356098 0.033240997229916885
1 0.5823483057525611 0.10318559556786704 0.015760441292356098 0.02631578947368421
1 0.6107171000788022 0.12326869806094182 0.01576044129235621 0.027700831024930747
1 0.6154452324665091 0.1440443213296399 0.01576044129235621 0.03601108033240999
1 0.5007880220646178 0.2998614958448753 0.022852639873916447 0.0623268698060942
1 0.5464933018124507 0.3012465373961219 0.027580772261623365 0.059556786703601095
1 0.5567375886524824 0.2590027700831025 0.029156816390858986 0.04986149584487534
1 0.5921985815602837 0.2610803324099723 0.024428684003152124 0.051246537396121866
1 0.5969267139479906 0.22091412742382271 0.01970055161544526 0.04293628808864264
1 0.6390858944050434 0.18213296398891968 0.02048857368006307 0.04016620498614959
1 0.6469661150512214 0.2278393351800554 0.025216706067769823 0.042936288088642666
1 0.6430260047281324 0.2583102493074792 0.02048857368006307 0.045706371191135714
1 0.6481481481481481 0.30609418282548473 0.029156816390858875 0.06648199445983377
1 0.69424743892829 0.22645429362880887 0.023640661938534313 0.051246537396121866
1 0.7182821118991332 0.24584487534626037 0.026004728132387633 0.05678670360110802
1 0.727344365642238 0.18351800554016623 0.02048857368006296 0.042936288088642666
1 0.711189913317573 0.15650969529085873 0.01812450748620964 0.041551246537396114
1 0.6761229314420804 0.1682825484764543 0.02048857368006307 0.03739612188365651
1 0.760047281323877 0.13434903047091412 0.014972419227738398 0.027700831024930747
1 0.7541371158392435 0.18005540166204986 0.02048857368006307 0.03324099722991691
1 0.7706855791962175 0.1945983379501385 0.02048857368006307 0.04016620498614959
1 0.7513790386130812 0.22091412742382271 0.021276595744680882 0.04570637119113574
1 0.7797478329393224 0.2818559556786704 0.029156816390858986 0.05955678670360115
1 0.7568951930654058 0.3601108033240997 0.030732860520094607 0.06648199445983383
1 0.8045705279747832 0.2368421052631579 0.02048857368006296 0.047091412742382294
1 0.8167848699763594 0.21398891966759004 0.01812450748620964 0.045706371191135714
1 0.8002364066193853 0.18282548476454294 0.01812450748620953 0.04432132963988922
1 0.793144208037825 0.14265927977839335 0.01654846335697402 0.03324099722991691
1 0.8132387706855793 0.15373961218836565 0.015760441292356098 0.03601108033240996
1 0.8337273443656422 0.19182825484764543 0.01576044129235621 0.04016620498614959
1 0.8502758077226162 0.1634349030470914 0.014184397163120588 0.03047091412742381
1 0.8707643814026793 0.19806094182825484 0.01576044129235621 0.03324099722991691
1 0.8605200945626478 0.2527700831024931 0.022064617809298692 0.05955678670360112
1 0.8372734436564224 0.2943213296398892 0.027580772261623365 0.0623268698060942
1 0.900709219858156 0.2721606648199446 0.022064617809298692 0.04847645429362882
