1 0.1700838769804287 0.4967266775777414 0.04193849021435231 0.0703764320785597
1 0.277260018639329 0.24386252045826512 0.01584342963653307 0.03273322422258593
1 0.2707362534948742 0.2782324058919804 0.017707362534948756 0.02945990180032737
1 0.32292637465051255 0.22013093289689034 0.015843429636533124 0.031096563011456635
1 0.3275862068965517 0.2414075286415712 0.013979496738117436 0.031096563011456635
1 0.33504193849021435 0.2266775777414075 0.01397949673811738 0.027823240589198023
1 0.36020503261882575 0.24959083469721768 0.021435228331780076 0.037643207855973804
1 0.32292637465051255 0.27986906710310966 0.021435228331780076 0.032733224222585955
1 0.35834109972041006 0.2274959083469722 0.01584342963653307 0.03273322422258593
1 0.38350419384902146 0.19230769230769232 0.013979496738117436 0.03436988543371522
1 0.39515377446411926 0.2225859247135843 0.0186393289841566 0.03600654664484451
1 0.3923578751164958 0.26432078559738137 0.016775396085740912 0.04418985270049097
1 0.4049394221808015 0.2684124386252046 0.021435228331780076 0.04582651391162029
1 0.40773532152842495 0.18657937806873975 0.013979496738117436 0.029459901800327343
1 0.4212488350419385 0.19312602291325698 0.013047530288909592 0.03600654664484451
1 0.44547996272134205 0.1783960720130933 0.014911463187325225 0.02618657937806873
1 0.44967381174277726 0.18739770867430441 0.01397949673811738 0.031096563011456635
1 0.4487418452935694 0.23404255319148937 0.021435228331780076 0.04255319148936168
1 0.48089468779123956 0.23813420621931258 0.024231127679403552 0.044189852700491
1 0.46039142590866733 0.15384615384615385 0.01118359739049396 0.022913256955810146
1 0.48182665424044735 0.14566284779050737 0.013047530288909592 0.02618657937806873
1 0.48136067101584346 0.19803600654664483 0.015843429636533124 0.029459901800327343
1 0.49813606710158437 0.18412438625204583 0.017707362534948756 0.03436988543371522
1 0.49580615097856473 0.21194762684124385 0.020503261882572177 0.03436988543371522
1 0.5153774464119292 0.21522094926350244 0.02236719478098781 0.03764320785597383
1 0.5330848089468779 0.17757774140752863 0.020503261882572232 0.040916530278232416
1 0.5624417520969245 0.1309328968903437 0.01397949673811738 0.02945990180032733
1 0.5573159366262814 0.15711947626841244 0.016775396085740857 0.0327332242225859
1 0.5754892823858342 0.17921440261865795 0.017707362534948756 0.044189852700491
1 0.5969245107176142 0.14975450081833058 0.01397949673811738 0.02454991816693944
1 0.5834109972041006 0.1391162029459902 0.013047530288909592 0.029459901800327343
1 0.6309412861136999 0.13175122749590834 0.011183597390493905 0.027823240589198037
1 0.6640260950605779 0.13175122749590834 0.012115563839701804 0.027823240589198037
1 0.6425908667287977 0.1497545008183306 0.01584342963653307 0.02782324058919805
1 0.6155638397017706 0.15548281505728315 0.012115563839701804 0.029459901800327315
1 0.619291705498602 0.20540098199672668 0.019571295433364444 0.040916530278232416
1 0.5810810810810811 0.22913256955810146 0.02329916123019571 0.042553191489361736
1 0.5200372786579683 0.2986906710310966 0.026095060577819185 0.05073649754500814
1 0.5862068965517242 0.2978723404255319 0.026095060577819296 0.05237315875613746
1 0.6239515377446412 0.2446808510638298 0.02143522833178002 0.047463175122749585
1 0.6374650512581548 0.3126022913256956 0.027958993476234872 0.055646481178396046
1 0.6621621621621622 0.2094926350245499 0.019571295433364444 0.039279869067103096
1 0.6840633737185462 0.21358428805237317 0.016775396085740968 0.040916530278232416
1 0.6933830382106244 0.15384615384615385 0.01491146318732528 0.029459901800327343
1 0.7050326188257223 0.14484451718494273 0.01397949673811738 0.031096563011456607
1 0.7269338303821062 0.13666121112929625 0.013047530288909592 0.027823240589198023
1 0.7292637465051258 0.16939443535188217 0.01584342963653307 0.03436988543371522
1 0.7250698974836907 0.20540098199672668 0.016775396085740968 0.044189852700491
1 0.7045666356011183 0.22667757774140754 0.020503261882572232 0.04746317512274961
1 0.6724137931034483 0.2479541734860884 0.019571295433364444 0.047463175122749585
1 0.7143522833178005 0.2733224222585925 0.027027027027026973 0.05237315875613749
1 0.7604846225535882 0.13584288052373159 0.013047530288909592 0.02618657937806873
1 0.7656104380242311 0.16202945990180034 0.013979496738117492 0.03600654664484451
1 0.7819198508853682 0.1563011456628478 0.013047530288909592 0.031096563011456607
1 0.8005591798695246 0.16775777414075285 0.016775396085740968 0.03436988543371522
1 0.8266542404473438 0.15793780687397707 0.013047530288909592 0.027823240589198023
1 0.842497670083877 0.17430441898527005 0.01491146318732528 0.03436988543371522
1 0.842031686859273 0.20376432078559736 0.01397949673811738 0.03764320785597383
1 0.8918918918918919 0.16530278232405893 0.011183597390493905 0.029459901800327343
1 0.8821062441752097 0.17594108019639934 0.012115563839701804 0.031096563011456635
1 0.8797763280521902 0.1988543371522095 0.016775396085740968 0.03436988543371522
1 0.9119291705498602 0.23076923076923075 0.019571295433364444 0.04909983633387888
1 0.9198508853681268 0.2618657937806874 0.020503261882572232 0.05237315875613749
1 0.8564771668219944 0.2577741407528642 0.018639328984156545 0.04746317512274961
1 0.8247903075489282 0.22831423895253683 0.018639328984156656 0.040916530278232416
1 0.842963653308481 0.3191489361702128 0.02329916123019571 0.055646481178396046
1 0.7693383038210624 0.20703764320785598 0.017707362534948756 0.04746317512274961
1 0.7562907735321529 0.23649754500818332 0.021435228331780132 0.05400981996726675
1 0.7823858341099721 0.25941080196399346 0.021435228331780132 0.05400981996726675
