1 0.42279069767441857 0.216260162601626 0.019534883720930207 0.03577235772357726
1 0.6525581395348837 0.14552845528455283 0.013953488372093092 0.02439024390243902
1 0.6330232558139535 0.14146341463414636 0.013953488372092981 0.02601626016260164
1 0.6548837209302325 0.11869918699186992 0.014883720930232491 0.029268292682926828
1 0.7651162790697674 0.14959349593495935 0.013953488372093092 0.03252032520325204
1 0.78 0.15609756097560976 0.013953488372092981 0.029268292682926855
1 0.8372093023255813 0.2658536585365854 0.018604651162790753 0.04065040650406507
1 0.9041860465116278 0.25365853658536586 0.013023255813953472 0.039024390243902446
1 0.906046511627907 0.21951219512195122 0.014883720930232602 0.03252032520325204
1 0.8823255813953488 0.19593495934959348 0.012093023255813962 0.03089430894308945
1 0.9330232558139535 0.259349593495935 0.016744186046511622 0.03739837398373985
