1 0.12394603709949409 0.5759493670886076 0.15682967959527824 0.2708860759493671
1 0.40303541315345703 0.4607594936708861 0.09106239460370996 0.13670886075949373
1 0.3811129848229342 0.25949367088607594 0.03372681281618889 0.04810126582278482
1 0.32377740303541314 0.37721518987341773 0.04384485666104554 0.0658227848101266
1 0.239460370994941 0.3556962025316456 0.04384485666104557 0.0582278481012658
1 0.12225969645868466 0.35822784810126584 0.048903878583473864 0.06329113924050633
1 0.5075885328836425 0.37468354430379747 0.03372681281618889 0.05569620253164553
1 0.5809443507588533 0.36962025316455693 0.03541315345699836 0.05569620253164559
1 0.6239460370994941 0.3848101265822785 0.03709949409780777 0.05569620253164553
1 0.618043844856661 0.6594936708860759 0.14671163575042157 0.2405063291139241
1 0.8060708263069141 0.4759493670886076 0.0708263069139966 0.11139240506329107
1 0.924114671163575 0.4151898734177215 0.07082630691399672 0.12658227848101267
