1 0.1583949313621964 0.2608286252354049 0.02111932418162618 0.043314500941619594
1 0.2666314677930306 0.1873822975517891 0.017951425554382283 0.03578154425612054
1 0.31890179514255546 0.2080979284369115 0.02111932418162621 0.032015065913371
1 0.36008447729672655 0.1977401129943503 0.016895459345300956 0.04143126177024484
1 0.37328405491024286 0.1854990583804143 0.01372756071805703 0.032015065913371
1 0.38595564941921856 0.1704331450094162 0.017951425554382283 0.03954802259887005
1 0.39334741288278774 0.1497175141242938 0.011615628299894376 0.02824858757062146
1 0.4155227032734953 0.1751412429378531 0.020063357972544826 0.04143126177024481
1 0.43294614572333684 0.1581920903954802 0.019007391763463555 0.03766478342749527
1 0.43453009503695883 0.22033898305084748 0.024287222808870135 0.056497175141242945
1 0.43611404435058077 0.3700564971751412 0.048574445617740214 0.09227871939736348
1 0.4820485744456177 0.2071563088512241 0.026399155227032733 0.06779661016949151
1 0.46673706441393875 0.1374764595103578 0.02111932418162621 0.03766478342749528
1 0.49366420274551215 0.1337099811676083 0.011615628299894376 0.026365348399246716
1 0.510559662090813 0.14689265536723164 0.01795142555438234 0.037664783427495296
1 0.5253431890179514 0.1327683615819209 0.01372756071805703 0.032015065913371
1 0.5295670538542767 0.1713747645951036 0.020063357972544882 0.033898305084745756
1 0.5601900739176346 0.1581920903954802 0.017951425554382228 0.033898305084745756
1 0.5533262935586061 0.14124293785310735 0.012671594508975703 0.030131826741996215
1 0.5844772967265048 0.07532956685499059 0.01372756071805703 0.03389830508474577
1 0.5892291446673706 0.16290018832391712 0.01689545934530101 0.03578154425612054
1 0.5559662090813094 0.192090395480226 0.020063357972544882 0.037664783427495296
1 0.5068637803590286 0.224105461393597 0.023231256599788863 0.052730696798493404
1 0.6124604012671595 0.11393596986817327 0.012671594508975814 0.024482109227871945
1 0.6219640971488912 0.10828625235404897 0.014783526927138357 0.032015065913371
1 0.6378035902851109 0.10546139359698682 0.012671594508975703 0.026365348399246702
1 0.6282998944033791 0.15160075329566855 0.019007391763463555 0.03954802259887008
1 0.6705385427666315 0.1167608286252354 0.019007391763463555 0.037664783427495296
1 0.6573389651531152 0.05743879472693032 0.01372756071805703 0.028248587570621465
1 0.6710665258711721 0.08192090395480225 0.015839493136219573 0.032015065913371
1 0.6884899683210137 0.08380414312617702 0.014783526927138357 0.03578154425612054
1 0.7122492080253432 0.07627118644067797 0.015839493136219573 0.028248587570621465
1 0.6187961985216472 0.2749529190207156 0.029567053854276604 0.052730696798493376
1 0.6209081309398099 0.3314500941619586 0.035902851108764566 0.064030131826742
1 0.6916578669482576 0.332391713747646 0.029567053854276604 0.07344632768361586
1 0.7397043294614571 0.3032015065913371 0.028511087645195388 0.052730696798493404
1 0.7787750791974657 0.4011299435028248 0.032734952481520585 0.07156308851224108
1 0.8405491024287223 0.3775894538606403 0.03167898627243937 0.07721280602636538
1 0.8722280887011615 0.4143126177024482 0.035902851108764566 0.08662900188323919
1 0.853220696937698 0.307909604519774 0.02745512143611406 0.0696798493408663
1 0.8305174234424499 0.2523540489642185 0.026399155227032733 0.05273069679849343
1 0.7750791974656811 0.2674199623352166 0.021119324181626098 0.05273069679849343
1 0.7302006335797254 0.211864406779661 0.020063357972544882 0.04708097928436911
1 0.7101372756071805 0.19868173258003766 0.022175290390707536 0.043314500941619594
1 0.7397043294614573 0.1487758945386064 0.017951425554382228 0.037664783427495296
1 0.7555438225976769 0.160075329566855 0.01795142555438234 0.04143126177024481
1 0.7761351636747624 0.1393596986817326 0.014783526927138357 0.033898305084745756
1 0.7909186906019008 0.1337099811676083 0.0168954593453009 0.037664783427495296
1 0.8194297782470961 0.1553672316384181 0.0168954593453009 0.03954802259887005
1 0.810454065469905 0.22128060263653482 0.020063357972544882 0.03954802259887005
1 0.7602956705385429 0.2128060263653484 0.019007391763463555 0.04143126177024481
1 0.8827877507919746 0.2834274952919021 0.023231256599788863 0.05461393596986819
1 0.8959873284054911 0.2495291902071563 0.02428722280887008 0.043314500941619594
1 0.9387539598732841 0.29096045197740117 0.019007391763463555 0.050847457627118675
1 0.9577613516367476 0.2297551789077213 0.0168954593453009 0.04143126177024484
