1 0.21583333333333335 0.5428994082840237 0.1716666666666667 0.32248520710059175
1 0.09083333333333332 0.07100591715976332 0.07499999999999998 0.13609467455621302
1 0.23583333333333334 0.1789940828402367 0.08833333333333335 0.19230769230769232
1 0.31 0.08727810650887574 0.06666666666666665 0.14497041420118345
1 0.42500000000000004 0.18047337278106507 0.07 0.17751479289940827
1 0.49083333333333334 0.37573964497041423 0.11499999999999999 0.25443786982248523
1 0.48416666666666663 0.1257396449704142 0.041666666666666685 0.11538461538461538
1 0.5491666666666666 0.09467455621301776 0.04166666666666663 0.09467455621301776
1 0.5883333333333334 0.1760355029585799 0.06333333333333335 0.14497041420118342
1 0.7366666666666666 0.19822485207100593 0.053333333333333344 0.1301775147928994
1 0.6966666666666667 0.39349112426035504 0.09000000000000008 0.1952662721893491
1 0.8258333333333333 0.3239644970414201 0.07499999999999996 0.1627218934911243
1 0.9508333333333333 0.33727810650887574 0.07833333333333337 0.14792899408284022
