1 0.071875 0.377 0.04125 0.066
1 0.09625 0.362 0.035 0.068
1 0.156875 0.33499999999999996 0.033749999999999974 0.057999999999999996
1 0.231875 0.33399999999999996 0.026249999999999996 0.043999999999999984
1 0.35875 0.31 0.025000000000000022 0.052000000000000046
1 0.4175 0.309 0.027500000000000024 0.038000000000000034
1 0.459375 0.29500000000000004 0.03125 0.045999999999999985
1 0.5162500000000001 0.305 0.025000000000000022 0.04600000000000004
1 0.588125 0.319 0.028750000000000053 0.04600000000000004
1 0.753125 0.33499999999999996 0.03375000000000006 0.066
1 0.8175 0.358 0.03750000000000009 0.06
1 0.8831249999999999 0.38 0.028749999999999942 0.055999999999999994
1 0.9668749999999999 0.392 0.03874999999999995 0.064
1 0.66875 0.7809999999999999 0.09500000000000008 0.15000000000000002
1 0.435 0.899 0.11499999999999999 0.18999999999999995
1 0.15499999999999997 0.9039999999999999 0.15999999999999998 0.17600000000000005
