1 0.5492880613362541 0.19901960784313727 0.025191675794085433 0.05686274509803921
1 0.6111719605695509 0.24901960784313726 0.024096385542168752 0.06666666666666665
1 0.6905805038335159 0.29117647058823526 0.0383351588170866 0.08823529411764702
1 0.5125958378970428 0.1715686274509804 0.021905805038335058 0.04901960784313725
1 0.46714129244249725 0.19901960784313727 0.023001095290251905 0.05686274509803921
1 0.40963855421686746 0.17254901960784313 0.02190580503833517 0.054901960784313725
1 0.411829134720701 0.2284313725490196 0.026286966046002225 0.05686274509803918
1 0.3773274917853231 0.2068627450980392 0.018619934282584905 0.049019607843137275
1 0.3466593647316539 0.19901960784313727 0.018619934282584905 0.049019607843137275
1 0.296276013143483 0.21666666666666667 0.020810514786418377 0.04901960784313725
1 0.26067907995618844 0.2196078431372549 0.01971522453450164 0.0392156862745098
1 0.30668127053669225 0.21568627450980393 0.015334063526834585 0.0392156862745098
1 0.3318729463307777 0.20294117647058824 0.021905805038335113 0.052941176470588214
