1 0.08506429277942631 0.2837370242214533 0.02571711177052423 0.05190311418685123
1 0.2823936696340257 0.23356401384083045 0.018793273986152326 0.038062283737024194
1 0.29723046488625127 0.2301038062283737 0.01681503461918893 0.03460207612456745
1 0.3358061325420376 0.19377162629757788 0.01681503461918893 0.03806228373702422
1 0.357566765578635 0.19463667820069205 0.018793273986152326 0.03633217993079585
1 0.3620178041543026 0.22837370242214533 0.019782393669634024 0.03806228373702422
1 0.3397626112759644 0.23356401384083045 0.018793273986152326 0.038062283737024194
1 0.3818001978239367 0.23788927335640137 0.017804154302670627 0.04325259515570931
1 0.38229475766567755 0.2050173010380623 0.014836795252225532 0.032871972318339104
1 0.38822947576656774 0.17474048442906576 0.012858555885262135 0.027681660899653987
1 0.39515331355093963 0.20415224913494812 0.01681503461918893 0.04498269896193771
1 0.413946587537092 0.2422145328719723 0.020771513353115723 0.04498269896193771
1 0.4268051434223541 0.2093425605536332 0.018793273986152326 0.04152249134948097
1 0.4510385756676558 0.25346020761245674 0.02176063303659742 0.04325259515570934
1 0.4619188921859545 0.2162629757785467 0.019782393669634024 0.04152249134948097
1 0.4530168150346192 0.19636678200692043 0.013847675568743834 0.02941176470588233
1 0.447082096933729 0.16695501730103807 0.01582591493570723 0.032871972318339104
1 0.42631058358061324 0.17474048442906576 0.013847675568743834 0.027681660899653987
1 0.4090009891196835 0.17560553633217993 0.01681503461918893 0.03633217993079585
1 0.49258160237388726 0.15484429065743943 0.01582591493570723 0.03287197231833908
1 0.5029673590504451 0.16003460207612458 0.014836795252225476 0.02941176470588236
1 0.5079129574678536 0.1842560553633218 0.020771513353115667 0.032871972318339104
1 0.5311572700296736 0.18598615916955016 0.017804154302670572 0.03633217993079585
1 0.5440158259149357 0.16262975778546712 0.017804154302670572 0.031141868512110732
1 0.5642927794263106 0.19204152249134948 0.014836795252225587 0.03460207612456745
1 0.5746785361028685 0.16695501730103807 0.015825914935707175 0.032871972318339104
1 0.5578635014836795 0.1444636678200692 0.013847675568743889 0.025951557093425615
1 0.5548961424332344 0.13321799307958476 0.015825914935707286 0.027681660899653987
1 0.5257171117705243 0.1375432525951557 0.01285855588526208 0.02941176470588236
1 0.5059347181008902 0.1323529411764706 0.01285855588526208 0.025951557093425615
1 0.5811078140454995 0.14186851211072665 0.01285855588526208 0.027681660899653987
1 0.6008902077151335 0.14705882352941174 0.01285855588526219 0.027681660899653987
1 0.6132542037586548 0.16608996539792387 0.013847675568743778 0.031141868512110732
1 0.6038575667655787 0.16176470588235295 0.010880316518298683 0.025951557093425615
1 0.6137487636003957 0.1323529411764706 0.010880316518298683 0.025951557093425615
1 0.6206726013847675 0.12802768166089967 0.010880316518298683 0.027681660899653987
1 0.6310583580613254 0.14273356401384082 0.015825914935707286 0.032871972318339104
1 0.6488625123639961 0.15743944636678203 0.015825914935707175 0.03460207612456748
1 0.6488625123639961 0.1254325259515571 0.015825914935707175 0.02941176470588236
1 0.6632047477744807 0.11418685121107267 0.010880316518298683 0.024221453287197228
1 0.6706231454005935 0.12889273356401384 0.011869436201780492 0.025951557093425615
1 0.6780415430267062 0.18685121107266434 0.01879327398615238 0.03806228373702422
1 0.6632047477744807 0.14878892733564014 0.01285855588526208 0.031141868512110732
1 0.6879327398615233 0.13927335640138408 0.014836795252225476 0.02941176470588236
1 0.6909000989119684 0.11591695501730104 0.014836795252225476 0.031141868512110718
1 0.7136498516320475 0.11937716262975778 0.016815034619188984 0.03460207612456749
1 0.5989119683481701 0.23096885813148788 0.024727992087042572 0.05017301038062283
1 0.6310583580613254 0.21453287197231835 0.021760633036597476 0.048442906574394456
1 0.6468842729970326 0.25259515570934254 0.02571711177052427 0.048442906574394484
1 0.6884272997032641 0.22577854671280276 0.01978239366963397 0.04325259515570934
1 0.7002967359050445 0.26038062283737023 0.027695351137487667 0.05017301038062283
1 0.7032640949554896 0.31833910034602075 0.03363006923837786 0.0726643598615917
1 0.7551928783382789 0.38321799307958476 0.034619188921859556 0.0709342560553633
1 0.7972304648862512 0.30968858131487886 0.029673590504451064 0.062283737024221464
1 0.8298714144411474 0.27076124567474047 0.021760633036597476 0.0536332179930796
1 0.9268051434223541 0.3356401384083045 0.029673590504450953 0.05882352941176472
1 0.9307616221562809 0.26297577854671284 0.01978239366963397 0.041522491349480994
1 0.9465875370919881 0.23529411764705882 0.015825914935707286 0.048442906574394456
1 0.9441147378832839 0.21193771626297578 0.014836795252225587 0.032871972318339104
1 0.9614243323442137 0.20069204152249137 0.015825914935707175 0.03460207612456748
1 0.9223541048466865 0.16262975778546712 0.01285855588526208 0.03806228373702422
1 0.9154302670623146 0.18598615916955016 0.014836795252225476 0.039792387543252594
1 0.9080118694362018 0.19031141868512108 0.015825914935707286 0.03806228373702422
1 0.9015825914935707 0.20847750865051903 0.014836795252225587 0.032871972318339104
1 0.8976261127596439 0.23875432525951557 0.020771513353115778 0.04844290657439443
1 0.8486646884272997 0.22750865051903113 0.017804154302670572 0.04325259515570934
1 0.8644906033630069 0.22577854671280276 0.013847675568743889 0.039792387543252594
1 0.8758654797230465 0.19636678200692043 0.01879327398615227 0.039792387543252594
1 0.884272997032641 0.171280276816609 0.013847675568743778 0.03806228373702422
1 0.8630069238377844 0.16003460207612458 0.014836795252225587 0.03633217993079585
1 0.847675568743818 0.17214532871972318 0.013847675568743778 0.032871972318339104
1 0.8402571711177053 0.18079584775086505 0.014836795252225476 0.02941176470588236
1 0.8273986152324431 0.21193771626297578 0.020771513353115778 0.039792387543252594
1 0.8001978239366964 0.2179930795847751 0.01978239366963397 0.04498269896193771
1 0.8036597428288823 0.17474048442906576 0.01879327398615227 0.03460207612456748
1 0.8076162215628091 0.1444636678200692 0.014836795252225476 0.02941176470588236
1 0.7932739861523244 0.1531141868512111 0.013847675568743889 0.025951557093425587
1 0.8427299703264095 0.1453287197231834 0.013847675568743778 0.031141868512110732
1 0.7888229475766568 0.13581314878892733 0.014836795252225587 0.02941176470588236
1 0.7665677546983185 0.14013840830449825 0.015825914935707175 0.031141868512110732
1 0.7621167161226509 0.20242214532871972 0.01879327398615227 0.03806228373702422
1 0.7759643916913946 0.24826989619377163 0.022749752720079064 0.053633217993079574
1 0.7413452027695351 0.2439446366782007 0.020771513353115778 0.048442906574394456
1 0.7235410484668645 0.19031141868512108 0.020771513353115667 0.04152249134948097
1 0.7077151335311573 0.18771626297577854 0.014836795252225587 0.02941176470588236
1 0.7438180019782394 0.1764705882352941 0.015825914935707286 0.03806228373702422
1 0.7418397626112759 0.1522491349480969 0.015825914935707175 0.03460207612456745
