1 0.2435 0.5886666666666667 0.10099999999999998 0.1266666666666667
1 0.476 0.56 0.12000000000000005 0.15733333333333338
1 0.7135 0.7006666666666667 0.17900000000000005 0.23866666666666658
1 0.6675 0.506 0.06499999999999995 0.10533333333333333
1 0.778 0.45733333333333337 0.052000000000000046 0.07200000000000001
1 0.8925000000000001 0.518 0.08500000000000008 0.1186666666666667
1 0.8145 0.41733333333333333 0.03299999999999992 0.053333333333333344
1 0.845 0.3993333333333333 0.026000000000000023 0.04133333333333333
1 0.8545 0.3806666666666667 0.02100000000000002 0.030666666666666675
1 0.8805000000000001 0.386 0.019000000000000017 0.028000000000000025
1 0.8985000000000001 0.362 0.017000000000000015 0.028000000000000025
1 0.9325 0.45466666666666666 0.052999999999999936 0.06933333333333336
1 0.9505 0.42200000000000004 0.03699999999999992 0.043999999999999984
1 0.9359999999999999 0.4046666666666666 0.027999999999999914 0.030666666666666675
1 0.926 0.3993333333333333 0.02200000000000002 0.030666666666666675
1 0.9385 0.37 0.016999999999999904 0.02533333333333332
1 0.9524999999999999 0.38666666666666666 0.025000000000000022 0.029333333333333322
1 0.9595 0.3606666666666667 0.02100000000000002 0.030666666666666675
1 0.8365 0.37133333333333335 0.019000000000000017 0.02533333333333332
1 0.8235 0.384 0.02499999999999991 0.03200000000000003
1 0.794 0.38866666666666666 0.020000000000000018 0.03600000000000003
1 0.7985 0.3653333333333333 0.019000000000000017 0.026666666666666672
1 0.7655000000000001 0.3953333333333333 0.02100000000000002 0.033333333333333326
1 0.7675000000000001 0.37866666666666665 0.017000000000000015 0.02400000000000002
1 0.7675000000000001 0.3453333333333334 0.017000000000000015 0.026666666666666672
1 0.7435 0.3446666666666667 0.015000000000000013 0.020000000000000018
1 0.737 0.40066666666666667 0.028000000000000025 0.04133333333333333
1 0.7095 0.42333333333333334 0.03300000000000003 0.046666666666666634
1 0.651 0.426 0.04400000000000004 0.05466666666666664
1 0.6335 0.4026666666666667 0.025000000000000022 0.03733333333333333
1 0.6865 0.38866666666666666 0.02299999999999991 0.03600000000000003
1 0.7124999999999999 0.374 0.015000000000000013 0.02266666666666667
1 0.68 0.3706666666666667 0.01200000000000001 0.018666666666666665
1 0.6735 0.3706666666666667 0.013000000000000012 0.018666666666666665
1 0.629 0.382 0.01200000000000001 0.01733333333333331
1 0.6074999999999999 0.3773333333333333 0.015000000000000013 0.02133333333333337
1 0.6154999999999999 0.3726666666666667 0.01100000000000001 0.017333333333333367
1 0.5854999999999999 0.382 0.015000000000000013 0.02266666666666667
1 0.575 0.376 0.016000000000000014 0.01866666666666672
1 0.101 0.4666666666666667 0.054000000000000006 0.058666666666666645
1 0.08299999999999999 0.44133333333333336 0.03799999999999999 0.05066666666666669
1 0.044 0.43733333333333335 0.04 0.04799999999999999
1 0.05 0.4026666666666667 0.026000000000000002 0.03200000000000003
1 0.0795 0.4033333333333333 0.024999999999999994 0.030666666666666675
1 0.13 0.3933333333333333 0.023999999999999994 0.03199999999999997
1 0.186 0.402 0.032 0.03866666666666668
1 0.22549999999999998 0.402 0.01899999999999999 0.033333333333333326
1 0.2465 0.47933333333333333 0.06700000000000003 0.08399999999999996
1 0.25 0.41533333333333333 0.028000000000000025 0.04133333333333333
1 0.246 0.386 0.02200000000000002 0.028000000000000025
1 0.303 0.42666666666666664 0.03400000000000003 0.05066666666666669
1 0.28500000000000003 0.42266666666666663 0.023999999999999966 0.03999999999999998
1 0.293 0.38866666666666666 0.018000000000000016 0.02533333333333332
1 0.3085 0.394 0.02300000000000002 0.030666666666666675
1 0.33299999999999996 0.4013333333333333 0.025999999999999968 0.03199999999999997
1 0.3245 0.382 0.015000000000000013 0.02266666666666667
1 0.3585 0.386 0.015000000000000013 0.02266666666666667
1 0.3755 0.3973333333333333 0.025000000000000022 0.03199999999999997
1 0.41200000000000003 0.436 0.05199999999999999 0.07733333333333337
1 0.4085 0.3853333333333333 0.022999999999999965 0.029333333333333378
1 0.3845 0.38066666666666665 0.015000000000000013 0.020000000000000018
1 0.4225 0.38 0.013000000000000012 0.021333333333333315
1 0.437 0.39666666666666667 0.026000000000000023 0.03866666666666663
1 0.46199999999999997 0.39666666666666667 0.019999999999999962 0.03066666666666662
1 0.479 0.388 0.018000000000000016 0.029333333333333322
1 0.474 0.3506666666666667 0.01599999999999996 0.018666666666666665
1 0.5155000000000001 0.40066666666666667 0.02100000000000002 0.03066666666666662
1 0.5035000000000001 0.45933333333333337 0.051000000000000045 0.0733333333333333
1 0.556 0.4206666666666667 0.03199999999999992 0.04933333333333334
1 0.542 0.3846666666666667 0.01200000000000001 0.02266666666666667
1 0.5640000000000001 0.3933333333333333 0.017999999999999905 0.023999999999999966
1 0.548 0.372 0.014000000000000012 0.021333333333333315
1 0.514 0.3853333333333333 0.016000000000000014 0.018666666666666665
1 0.502 0.3793333333333333 0.014000000000000012 0.02266666666666667
1 0.517 0.376 0.010000000000000009 0.01866666666666672
