1 0.18875000000000003 0.54625 0.12416666666666668 0.22499999999999992
1 0.09291666666666668 0.416875 0.08083333333333334 0.14375000000000004
1 0.07541666666666666 0.324375 0.07083333333333333 0.09375
1 0.20124999999999998 0.35 0.05750000000000002 0.08500000000000002
1 0.2325 0.299375 0.041666666666666685 0.05874999999999997
1 0.30625 0.32375 0.05083333333333334 0.07500000000000001
1 0.30291666666666667 0.405 0.06916666666666671 0.125
1 0.41875 0.381875 0.054166666666666696 0.10375000000000001
1 0.47750000000000004 0.45687500000000003 0.09500000000000003 0.17875000000000002
1 0.4125 0.273125 0.031666666666666676 0.07125000000000004
1 0.44666666666666666 0.285 0.031666666666666676 0.057499999999999996
1 0.48791666666666667 0.325625 0.03750000000000003 0.06374999999999997
1 0.5175000000000001 0.2875 0.03166666666666662 0.05499999999999999
1 0.5554166666666667 0.314375 0.03416666666666668 0.06874999999999998
1 0.6375 0.42625 0.08166666666666667 0.1375
1 0.6216666666666667 0.33687500000000004 0.040000000000000036 0.07124999999999998
1 0.63 0.2975 0.03166666666666673 0.04999999999999999
1 0.6875 0.33499999999999996 0.040000000000000036 0.07
1 0.7554166666666666 0.320625 0.03083333333333338 0.06625000000000003
1 0.7987500000000001 0.328125 0.03749999999999998 0.06374999999999997
1 0.8387500000000001 0.3875 0.057499999999999996 0.09499999999999997
1 0.9008333333333334 0.385 0.05833333333333335 0.10749999999999998
