1 0.15551839464882944 0.7134502923976609 0.026755852842809374 0.052631578947368474
1 0.08946488294314381 0.814327485380117 0.0451505016722408 0.07309941520467833
1 0.2600334448160535 0.8245614035087718 0.04515050167224077 0.08187134502923976
1 0.31020066889632103 0.7178362573099415 0.03846153846153849 0.06725146198830412
1 0.48327759197324416 0.5394736842105263 0.026755852842809347 0.06140350877192979
1 0.4423076923076923 0.7807017543859649 0.04515050167224083 0.07602339181286544
1 0.45317725752508364 0.9064327485380117 0.040133779264214076 0.07602339181286544
1 0.6229096989966556 0.7967836257309941 0.03511705685618727 0.06140350877192979
1 0.6605351170568562 0.9152046783625731 0.04347826086956519 0.08771929824561397
1 0.7909698996655519 0.8508771929824561 0.04013377926421402 0.07017543859649122
1 0.899665551839465 0.7660818713450293 0.03678929765886296 0.07017543859649122
1 0.9690635451505016 0.8494152046783625 0.04849498327759194 0.07894736842105254
