1 0.10246913580246914 0.4537037037037037 0.041975308641975295 0.08922558922558921
1 0.18641975308641973 0.2735690235690236 0.015637860082304528 0.03535353535353536
1 0.21399176954732513 0.2887205387205387 0.021399176954732507 0.04882154882154882
1 0.2551440329218107 0.23737373737373738 0.016460905349794275 0.03367003367003368
1 0.2938271604938272 0.24579124579124578 0.01646090534979422 0.040404040404040414
1 0.29958847736625516 0.20117845117845118 0.013168724279835398 0.03872053872053871
1 0.320164609053498 0.23232323232323232 0.013168724279835342 0.043771043771043766
1 0.3374485596707819 0.21717171717171718 0.01481481481481478 0.04713804713804712
1 0.3617283950617284 0.25757575757575757 0.015637860082304555 0.047138047138047146
1 0.3506172839506173 0.19865319865319864 0.01481481481481478 0.033670033670033656
1 0.3794238683127572 0.1893939393939394 0.013168724279835398 0.0286195286195286
1 0.3818930041152263 0.2441077441077441 0.01646090534979422 0.040404040404040414
1 0.42386831275720166 0.19444444444444445 0.013168724279835398 0.03535353535353536
1 0.4345679012345679 0.17087542087542087 0.00987654320987652 0.03535353535353536
1 0.4510288065843622 0.18181818181818182 0.01481481481481478 0.026936026936026924
1 0.48600823045267494 0.2053872053872054 0.01069958847736624 0.033670033670033656
1 0.4613168724279835 0.25 0.01728395061728394 0.04882154882154885
1 0.4234567901234568 0.313973063973064 0.015637860082304555 0.04545454545454547
1 0.5452674897119341 0.2222222222222222 0.0156378600823045 0.033670033670033656
1 0.48641975308641977 0.15151515151515152 0.011522633744855959 0.026936026936026924
1 0.5135802469135803 0.17003367003367004 0.014814814814814836 0.043771043771043766
1 0.5510288065843622 0.15824915824915825 0.012345679012345734 0.030303030303030304
1 0.5477366255144033 0.13047138047138046 0.013991769547325061 0.025252525252525235
1 0.5740740740740741 0.132996632996633 0.013991769547325061 0.02693602693602694
1 0.5753086419753086 0.1675084175084175 0.013168724279835398 0.028619528619528628
1 0.5662551440329218 0.20117845117845118 0.014814814814814725 0.03535353535353536
1 0.6061728395061728 0.17508417508417506 0.012345679012345734 0.030303030303030304
1 0.5876543209876544 0.12205387205387205 0.014814814814814836 0.028619528619528614
1 0.6189300411522634 0.19696969696969696 0.013168724279835398 0.037037037037037035
1 0.6539094650205761 0.18518518518518517 0.012345679012345734 0.033670033670033656
1 0.6465020576131687 0.14646464646464646 0.012345679012345734 0.030303030303030304
1 0.6283950617283951 0.12878787878787878 0.012345679012345623 0.03535353535353536
1 0.6020576131687243 0.14814814814814814 0.012345679012345734 0.020202020202020193
1 0.6604938271604939 0.12794612794612795 0.013991769547325172 0.03367003367003368
1 0.6847736625514402 0.13215488215488216 0.013168724279835398 0.025252525252525262
1 0.6843621399176955 0.16582491582491582 0.013991769547325061 0.03535353535353536
1 0.7119341563786008 0.1548821548821549 0.011522633744855959 0.033670033670033656
1 0.6621399176954732 0.23316498316498319 0.018930041152263377 0.03872053872053874
1 0.5674897119341564 0.34090909090909094 0.022222222222222254 0.04545454545454547
1 0.6090534979423868 0.29040404040404044 0.01975308641975304 0.05218855218855217
1 0.7061728395061728 0.21717171717171718 0.013168724279835398 0.037037037037037035
1 0.7238683127572016 0.2617845117845118 0.018930041152263377 0.048821548821548794
1 0.7395061728395061 0.22895622895622897 0.012345679012345734 0.033670033670033656
1 0.7769547325102881 0.2112794612794613 0.013168724279835398 0.03198653198653198
1 0.7473251028806585 0.19276094276094274 0.014814814814814836 0.03198653198653198
1 0.7765432098765432 0.18013468013468015 0.010699588477366295 0.023569023569023545
1 0.811522633744856 0.18855218855218855 0.013168724279835398 0.03367003367003368
1 0.8164609053497942 0.2281144781144781 0.013168724279835398 0.03535353535353533
1 0.7950617283950617 0.24747474747474746 0.013168724279835287 0.043771043771043766
1 0.7440329218106996 0.2946127946127946 0.014814814814814836 0.047138047138047146
1 0.6061728395061728 0.3737373737373737 0.023868312757201693 0.057239057239057256
1 0.6617283950617283 0.4006734006734007 0.027983539094650234 0.05387205387205385
1 0.7205761316872428 0.40909090909090906 0.023868312757201693 0.06060606060606061
1 0.7843621399176954 0.4478114478114478 0.026337448559670795 0.07744107744107742
1 0.8695473251028807 0.5176767676767677 0.028806584362139898 0.0824915824915825
1 0.8757201646090536 0.42508417508417506 0.02139917695473248 0.06902356902356904
1 0.8135802469135802 0.29713804713804715 0.01728395061728394 0.05218855218855223
1 0.8753086419753087 0.3148148148148148 0.018930041152263377 0.047138047138047146
1 0.8934156378600824 0.28787878787878785 0.013991769547325172 0.037037037037037035
1 0.8300411522633745 0.21632996632996632 0.01563786008230461 0.03872053872053874
1 0.8695473251028807 0.2281144781144781 0.013991769547325061 0.03535353535353533
1 0.9061728395061728 0.22390572390572389 0.013168724279835398 0.030303030303030304
1 0.9074074074074074 0.25757575757575757 0.010699588477366295 0.030303030303030276
1 0.9349794238683127 0.26936026936026936 0.013168724279835398 0.040404040404040414
1 0.9275720164609054 0.3164983164983165 0.014814814814814836 0.047138047138047146
1 0.8621399176954732 0.37457912457912457 0.0156378600823045 0.05218855218855217
1 0.9633744855967078 0.4553872053872054 0.020576131687242816 0.062289562289562284
1 0.9539094650205762 0.3787878787878788 0.014814814814814836 0.0505050505050505
1 0.9794238683127572 0.3695286195286195 0.013168724279835398 0.04882154882154882
1 0.9806584362139917 0.32154882154882153 0.013991769547325061 0.047138047138047146
1 0.988477366255144 0.25673400673400676 0.011522633744855959 0.04208754208754209
1 0.9547325102880659 0.2432659932659933 0.013168724279835398 0.03872053872053874
