1 0.08790697674418604 0.46153846153846156 0.04744186046511628 0.09698996655518394
1 0.25116279069767444 0.28511705685618727 0.018604651162790697 0.031772575250836155
1 0.2916279069767442 0.2600334448160535 0.015813953488372112 0.03511705685618727
1 0.3023255813953488 0.2633779264214047 0.016744186046511622 0.04515050167224077
1 0.3116279069767442 0.2993311036789298 0.020465116279069773 0.040133779264214076
1 0.32883720930232563 0.21655518394648832 0.013953488372093037 0.03177257525083613
1 0.35209302325581393 0.21989966555183948 0.013953488372093037 0.038461538461538464
1 0.3767441860465116 0.2633779264214047 0.020465116279069773 0.041806020066889604
1 0.36790697674418604 0.229933110367893 0.015813953488372112 0.035117056856187295
1 0.36790697674418604 0.2140468227424749 0.013953488372092981 0.026755852842809347
1 0.3874418604651163 0.19899665551839463 0.017674418604651188 0.030100334448160543
1 0.41255813953488374 0.17558528428093645 0.015813953488372112 0.030100334448160543
1 0.4153488372093023 0.22575250836120403 0.017674418604651132 0.043478260869565216
1 0.44046511627906976 0.16304347826086957 0.012093023255813962 0.0317725752508361
1 0.45069767441860464 0.14464882943143814 0.010232558139534886 0.02508361204013379
1 0.45488372093023255 0.1688963210702341 0.013023255813953472 0.03678929765886285
1 0.43767441860465117 0.19899665551839463 0.013953488372093037 0.03344481605351171
1 0.4437209302325581 0.21989966555183948 0.014883720930232547 0.035117056856187295
1 0.4358139534883721 0.2608695652173913 0.019534883720930263 0.04682274247491636
1 0.46837209302325583 0.19565217391304346 0.015813953488372112 0.03678929765886288
1 0.47162790697674417 0.17224080267558528 0.014883720930232547 0.03344481605351171
1 0.4730232558139535 0.1505016722408027 0.012093023255813962 0.026755852842809374
1 0.486046511627907 0.137123745819398 0.010232558139534886 0.023411371237458206
1 0.5051162790697674 0.1697324414715719 0.016744186046511622 0.02842809364548493
1 0.4990697674418605 0.1914715719063545 0.015813953488372112 0.035117056856187295
1 0.5158139534883721 0.137123745819398 0.013953488372093092 0.026755852842809374
1 0.5325581395348837 0.14046822742474918 0.013953488372093092 0.030100334448160543
1 0.5595348837209302 0.11789297658862877 0.013953488372092981 0.028428093645484945
1 0.5953488372093023 0.1028428093645485 0.013023255813953583 0.02842809364548496
1 0.6144186046511628 0.10869565217391305 0.008372093023255811 0.02675585284280936
1 0.6218604651162791 0.11204013377926421 0.012093023255813962 0.03678929765886288
1 0.6381395348837209 0.10367892976588629 0.013023255813953472 0.026755852842809374
1 0.6223255813953488 0.14046822742474918 0.014883720930232491 0.03344481605351171
1 0.5697674418604651 0.16471571906354515 0.015813953488372112 0.038461538461538464
1 0.5846511627906976 0.13377926421404684 0.012093023255813962 0.030100334448160543
1 0.5888372093023255 0.12123745819397994 0.011162790697674452 0.025083612040133776
1 0.5534883720930233 0.16304347826086957 0.014883720930232602 0.0317725752508361
1 0.5809302325581396 0.15635451505016723 0.013953488372092981 0.03177257525083613
1 0.5241860465116279 0.21321070234113715 0.019534883720930263 0.038461538461538464
1 0.5041860465116279 0.22658862876254182 0.020465116279069717 0.04849498327759197
1 0.49348837209302326 0.28260869565217395 0.026976744186046564 0.05351170568561875
1 0.5381395348837209 0.31270903010033446 0.026976744186046453 0.06354515050167225
1 0.5655813953488372 0.24331103678929766 0.018604651162790642 0.04849498327759197
1 0.6074418604651163 0.2525083612040134 0.022325581395348904 0.05016722408026755
1 0.6297674418604651 0.1906354515050167 0.020465116279069773 0.05016722408026755
1 0.6088372093023255 0.32608695652173914 0.026976744186046564 0.05685618729096986
1 0.6590697674418604 0.2525083612040134 0.023255813953488302 0.05016722408026755
1 0.6516279069767442 0.2282608695652174 0.017674418604651132 0.03177257525083613
1 0.6753488372093024 0.11622073578595318 0.013023255813953472 0.03177257525083611
1 0.6972093023255814 0.1028428093645485 0.012093023255813962 0.03177257525083613
1 0.6623255813953488 0.1697324414715719 0.016744186046511622 0.038461538461538464
1 0.6906976744186046 0.17809364548494983 0.015813953488372112 0.035117056856187295
1 0.6925581395348838 0.14381270903010035 0.015813953488372112 0.03344481605351171
1 0.7032558139534884 0.14464882943143814 0.011162790697674452 0.03177257525083613
1 0.7325581395348837 0.13043478260869565 0.013953488372092981 0.026755852842809347
1 0.727906976744186 0.1588628762541806 0.013953488372093092 0.03678929765886288
1 0.7423255813953489 0.18561872909698995 0.016744186046511622 0.03678929765886288
1 0.6944186046511628 0.22324414715719065 0.023255813953488413 0.04849498327759197
1 0.7511627906976743 0.23076923076923078 0.019534883720930263 0.05016722408026755
1 0.6799999999999999 0.3311036789297659 0.027906976744186074 0.0635451505016722
1 0.7227906976744186 0.3152173913043478 0.024186046511627923 0.051839464882943165
1 0.7837209302325581 0.2959866220735786 0.023255813953488302 0.06354515050167225
1 0.804186046511628 0.23578595317725753 0.019534883720930263 0.05016722408026755
1 0.7525581395348837 0.17725752508361203 0.016744186046511622 0.03678929765886288
1 0.7441860465116279 0.14548494983277593 0.013023255813953472 0.026755852842809374
1 0.7483720930232558 0.11287625418060201 0.013953488372093092 0.025083612040133776
1 0.7655813953488373 0.13461538461538464 0.013023255813953472 0.03177257525083613
1 0.78 0.12374581939799331 0.012093023255813962 0.0334448160535117
1 0.7958139534883721 0.13294314381270905 0.012093023255813962 0.03177257525083613
1 0.8148837209302326 0.12792642140468227 0.013023255813953472 0.025083612040133763
1 0.7962790697674419 0.17558528428093645 0.016744186046511622 0.04013377926421405
1 0.8120930232558139 0.16722408026755853 0.014883720930232491 0.03678929765886285
1 0.8302325581395349 0.14130434782608697 0.013953488372093092 0.03177257525083613
1 0.8427906976744186 0.18896321070234112 0.016744186046511622 0.043478260869565216
1 0.8493023255813954 0.16304347826086957 0.014883720930232491 0.035117056856187295
1 0.8613953488372093 0.1505016722408027 0.014883720930232491 0.030100334448160543
1 0.8623255813953488 0.1262541806020067 0.013023255813953472 0.03177257525083611
1 0.8934883720930232 0.12959866220735786 0.01023255813953483 0.03177257525083611
1 0.8934883720930233 0.16137123745819398 0.012093023255813962 0.02842809364548493
1 0.8865116279069767 0.17558528428093645 0.013023255813953472 0.03678929765886288
1 0.8786046511627907 0.2006688963210702 0.015813953488372112 0.03344481605351171
1 0.8725581395348837 0.2282608695652174 0.016744186046511622 0.038461538461538464
1 0.9213953488372093 0.2834448160535117 0.019534883720930152 0.051839464882943165
1 0.9302325581395349 0.2031772575250836 0.014883720930232602 0.038461538461538464
1 0.9153488372093024 0.18394648829431437 0.014883720930232491 0.03678929765886288
1 0.9237209302325582 0.15802675585284282 0.011162790697674452 0.03177257525083613
