1 0.5425373134328357 0.5834990059642147 0.10895522388059697 0.12922465208747513
1 0.7686567164179104 0.5089463220675945 0.10447761194029859 0.147117296222664
1 0.8843283582089552 0.4135188866799205 0.07014925373134318 0.1033797216699801
1 0.9589552238805971 0.2872763419483101 0.03731343283582089 0.06560636182902585
1 0.7388059701492538 0.29224652087475145 0.047761194029850795 0.06361829025844928
1 0.6686567164179105 0.3827037773359841 0.07462686567164178 0.08548707753479123
1 0.6350746268656716 0.30019880715705766 0.0432835820895523 0.055666003976143186
1 0.582089552238806 0.27634194831013914 0.035820895522387985 0.04771371769383698
1 0.5470149253731343 0.2952286282306163 0.0343283582089553 0.045725646123260466
1 0.5455223880597015 0.352882703777336 0.06119402985074618 0.08548707753479123
1 0.4791044776119403 0.38568588469184895 0.06268656716417914 0.06759443339960242
1 0.42910447761194026 0.3518886679920477 0.046268656716417944 0.05964214711729621
1 0.4388059701492537 0.2982107355864811 0.03582089552238804 0.05168986083499005
1 0.5067164179104477 0.2813121272365805 0.03134328358208949 0.04970178926441354
1 0.4641791044776119 0.5029821073558648 0.08059701492537313 0.10735586481113318
1 0.26119402985074625 0.573558648111332 0.10149253731343283 0.12922465208747524
1 0.22238805970149256 0.5119284294234593 0.06268656716417911 0.09343936381709744
1 0.14701492537313432 0.5397614314115309 0.07611940298507462 0.08946322067594437
1 0.1335820895522388 0.452286282306163 0.061194029850746276 0.07753479125248508
1 0.1664179104477612 0.42147117296222664 0.04626865671641789 0.055666003976143186
1 0.20671641791044776 0.3687872763419483 0.04925373134328359 0.057654075546719696
1 0.30522388059701494 0.41053677932405563 0.05820895522388059 0.06163021868787272
1 0.29850746268656714 0.3588469184890656 0.041791044776119446 0.06163021868787272
1 0.11865671641791045 0.37773359840954274 0.04029850746268655 0.05168986083499005
1 0.020149253731343283 0.3946322067594433 0.03731343283582089 0.07753479125248508
