1 0.18079399141630903 0.4501915708812261 0.05686695278969958 0.1187739463601532
1 0.29023605150214593 0.20114942528735633 0.01609442060085836 0.03448275862068967
1 0.3122317596566524 0.210727969348659 0.015021459227467837 0.03831417624521072
1 0.32778969957081544 0.20881226053639845 0.013948497854077258 0.03448275862068964
1 0.34603004291845496 0.20881226053639845 0.01609442060085836 0.03448275862068964
1 0.35568669527896996 0.23563218390804597 0.018240343347639465 0.03831417624521072
1 0.375 0.19827586206896552 0.013948497854077258 0.032567049808429116
1 0.40450643776824036 0.23467432950191572 0.015021459227467837 0.03639846743295022
1 0.42060085836909866 0.24137931034482757 0.019313304721030045 0.053639846743295
1 0.4216738197424893 0.14942528735632182 0.01072961373390563 0.026819923371647486
1 0.4388412017167382 0.14942528735632182 0.010729613733905574 0.03448275862068964
1 0.46727467811158796 0.1235632183908046 0.011802575107296154 0.02873563218390804
1 0.4613733905579399 0.17337164750957854 0.012875536480686733 0.032567049808429116
1 0.47103004291845496 0.19444444444444445 0.017167381974248885 0.04406130268199232
1 0.5010729613733905 0.17337164750957856 0.012875536480686678 0.02873563218390804
1 0.5236051502145923 0.16666666666666669 0.012875536480686733 0.03065134099616859
1 0.555793991416309 0.171455938697318 0.01716738197424894 0.03639846743295019
1 0.5627682403433476 0.15134099616858238 0.01180257510729621 0.03448275862068967
1 0.5718884120171674 0.2270114942528736 0.01931330472102999 0.0517241379310345
1 0.6561158798283262 0.10057471264367815 0.011802575107296098 0.021072796934865898
1 0.6432403433476395 0.1475095785440613 0.016094420600858417 0.03448275862068967
1 0.71137339055794 0.0996168582375479 0.010729613733905574 0.030651340996168577
1 0.6266094420600858 0.1992337164750958 0.0193133047210301 0.038314176245210746
1 0.6384120171673819 0.23467432950191572 0.01931330472102999 0.047892720306513425
1 0.6663090128755365 0.16858237547892718 0.012875536480686733 0.03065134099616859
1 0.6689914163090129 0.20689655172413796 0.013948497854077258 0.042145593869731796
1 0.6893776824034334 0.24329501915708812 0.020386266094420624 0.04980842911877392
1 0.6727467811158798 0.3275862068965517 0.030042918454935563 0.06896551724137934
1 0.7532188841201717 0.3735632183908046 0.03218884120171672 0.06513409961685823
1 0.7049356223175965 0.15708812260536398 0.015021459227467782 0.03831417624521072
1 0.7188841201716738 0.17337164750957854 0.01716738197424894 0.032567049808429116
1 0.7371244635193133 0.13793103448275862 0.015021459227467782 0.03831417624521072
1 0.7473175965665235 0.16475095785440613 0.013948497854077258 0.03448275862068967
1 0.7612660944206009 0.12164750957854406 0.011802575107296098 0.032567049808429116
1 0.7837982832618027 0.12452107279693486 0.007510729613733891 0.034482758620689655
1 0.7580472103004292 0.18295019157088122 0.013948497854077258 0.04022988505747127
1 0.7398068669527897 0.22413793103448276 0.018240343347639465 0.042145593869731796
1 0.7655579399141631 0.2385057471264368 0.020386266094420513 0.0517241379310345
1 0.7929184549356223 0.13218390804597702 0.010729613733905574 0.026819923371647514
1 0.8074034334763949 0.1235632183908046 0.013948497854077258 0.02873563218390804
1 0.8293991416309012 0.11877394636015326 0.012875536480686622 0.026819923371647514
1 0.8009656652360515 0.19636015325670497 0.013948497854077258 0.04022988505747127
1 0.8009656652360515 0.15708812260536398 0.016094420600858417 0.026819923371647514
1 0.7977467811158798 0.27873563218390807 0.022532188841201783 0.055555555555555525
1 0.8234978540772533 0.25 0.022532188841201672 0.05555555555555558
1 0.8353004291845494 0.16666666666666666 0.013948497854077258 0.026819923371647514
1 0.8412017167381974 0.14080459770114942 0.012875536480686733 0.032567049808429116
1 0.8449570815450644 0.21455938697318008 0.016094420600858306 0.04597701149425287
1 0.8696351931330473 0.15900383141762453 0.016094420600858306 0.03448275862068964
1 0.8814377682403434 0.16091954022988506 0.011802575107296098 0.03448275862068967
1 0.9141630901287554 0.15134099616858238 0.015021459227467893 0.026819923371647514
1 0.9114806866952789 0.1810344827586207 0.01180257510729621 0.032567049808429116
1 0.898068669527897 0.22413793103448276 0.01716738197424883 0.042145593869731796
1 0.9324034334763949 0.25 0.0193133047210301 0.0478927203065134
1 0.9275751072961373 0.21264367816091956 0.016094420600858417 0.038314176245210746
1 0.9415236051502146 0.19348659003831417 0.011802575107296098 0.03448275862068967
1 0.9522532188841202 0.1810344827586207 0.00965665236051505 0.02490421455938696
1 0.9243562231759657 0.3390804597701149 0.022532188841201783 0.05747126436781608
1 0.819206008583691 0.1954022988505747 0.013948497854077258 0.038314176245210746
1 0.8589055793991416 0.210727969348659 0.018240343347639576 0.03831417624521072
1 0.5949570815450644 0.14559386973180077 0.01180257510729621 0.03065134099616859
1 0.6046137339055795 0.1446360153256705 0.013948497854077258 0.036398467432950166
1 0.6056866952789699 0.09770114942528736 0.009656652360514939 0.022988505747126436
1 0.6137339055793991 0.10153256704980843 0.008583690987124526 0.022988505747126436
1 0.6217811158798283 0.12164750957854406 0.011802575107296098 0.028735632183908053
1 0.6266094420600858 0.10344827586206896 0.012875536480686733 0.026819923371647514
1 0.657725321888412 0.12547892720306514 0.010729613733905574 0.02873563218390804
1 0.678648068669528 0.11973180076628354 0.013948497854077258 0.03256704980842913
1 0.5396995708154506 0.1331417624521073 0.012875536480686733 0.02873563218390804
1 0.5064377682403434 0.13409961685823757 0.012875536480686733 0.03065134099616859
1 0.48390557939914164 0.1388888888888889 0.012875536480686733 0.03256704980842913
1 0.49087982832618027 0.14559386973180077 0.011802575107296154 0.03065134099616859
1 0.4179184549356223 0.17624521072796934 0.013948497854077258 0.03065134099616859
1 0.4157725321888412 0.2049808429118774 0.018240343347639465 0.03831417624521072
1 0.3927038626609442 0.15229885057471265 0.015021459227467782 0.02490421455938699
1 0.3986051502145923 0.16858237547892718 0.01609442060085836 0.03065134099616859
1 0.3438841201716738 0.16666666666666669 0.011802575107296154 0.03448275862068964
1 0.3428111587982833 0.18199233716475094 0.013948497854077258 0.03448275862068964
