1 0.04813046937151949 0.2268041237113402 0.015115354017501983 0.037800687285223344
1 0.03699284009546539 0.2448453608247423 0.018297533810660304 0.042955326460481086
1 0.07677008750994431 0.4269759450171821 0.02307080350039778 0.06013745704467355
1 0.08313444709626094 0.4914089347079038 0.018297533810660307 0.05841924398625431
1 0.13444709626093876 0.604810996563574 0.03341288782816229 0.07216494845360832
1 0.205648369132856 0.4518900343642612 0.026252983293556076 0.054982817869415834
1 0.24184566428003185 0.37199312714776633 0.02545743834526651 0.04639175257731959
1 0.2466189339697693 0.3041237113402062 0.022275258552108212 0.04810996563573883
1 0.17303102625298328 0.26718213058419243 0.01670644391408113 0.03951890034364258
1 0.1873508353221957 0.20876288659793812 0.019888623707239456 0.036082474226804134
1 0.12291169451073986 0.22508591065292097 0.018297533810660294 0.04810996563573883
1 0.1479713603818616 0.16237113402061853 0.014319809069212402 0.036082474226804134
1 0.1662688941925219 0.1915807560137457 0.015910898965791564 0.029209621993127127
1 0.21559268098647572 0.13487972508591065 0.014319809069212402 0.025773195876288665
1 0.22593476531424025 0.1512027491408935 0.01272871917263324 0.024054982817869414
1 0.24661893396976928 0.1323024054982818 0.01272871917263324 0.030927835051546393
1 0.30031821797931585 0.1640893470790378 0.01511535401750197 0.03264604810996563
1 0.2903739061256961 0.20446735395189003 0.015910898965791564 0.04123711340206185
1 0.31026252983293556 0.2190721649484536 0.014319809069212375 0.042955326460481114
1 0.35043754972155927 0.2139175257731959 0.01829753381066035 0.03951890034364261
1 0.3794749403341289 0.18814432989690721 0.017501988862370754 0.03264604810996563
1 0.3615751789976134 0.0979381443298969 0.013524264120922835 0.030927835051546393
1 0.4025457438345267 0.09965635738831616 0.01431980906921243 0.03436426116838488
1 0.41686555290373906 0.09536082474226804 0.011137629276054106 0.02920962199312714
1 0.45346062052505964 0.13487972508591067 0.01272871917263324 0.036082474226804134
1 0.46618933969769294 0.12628865979381443 0.01272871917263324 0.039518900343642624
1 0.41408114558472553 0.17096219931271478 0.01670644391408116 0.03951890034364261
1 0.46539379474940334 0.1675257731958763 0.015910898965791564 0.029209621993127127
1 0.5043754972155927 0.18384879725085912 0.014319809069212375 0.030927835051546393
1 0.47533810660302306 0.218213058419244 0.01511535401750197 0.04810996563573883
1 0.46618933969769294 0.27835051546391754 0.020684168655529023 0.041237113402061876
1 0.5373906125696102 0.3032646048109966 0.01988862370723954 0.04639175257731959
1 0.5513126491646778 0.4810996563573883 0.03023070803500394 0.058419243986254255
1 0.6487669053301511 0.3359106529209622 0.01829753381066035 0.049828178694158065
1 0.6109785202863962 0.2448453608247423 0.017501988862370754 0.036082474226804134
1 0.5739856801909308 0.20876288659793812 0.01511535401750197 0.03951890034364261
1 0.550914876690533 0.179553264604811 0.01511535401750208 0.03608247422680411
1 0.4777247414478918 0.08075601374570447 0.010342084327764511 0.024054982817869414
1 0.49443118536197295 0.1134020618556701 0.011933174224343646 0.02749140893470789
1 0.5294351630867145 0.08161512027491409 0.011933174224343701 0.02577319587628865
1 0.5656324582338902 0.13831615120274915 0.012728719172633296 0.029209621993127155
1 0.5747812251392204 0.10738831615120276 0.01193317422434359 0.025773195876288665
1 0.5914876690533015 0.14347079037800686 0.01193317422434359 0.02577319587628865
1 0.6145584725536992 0.11941580756013745 0.013524264120922891 0.025773195876288665
1 0.6431980906921241 0.15378006872852235 0.01352426412092278 0.029209621993127155
1 0.6992840095465394 0.2070446735395189 0.014319809069212375 0.03951890034364261
1 0.7199681782020684 0.22250859106529208 0.012728719172633185 0.03264604810996566
1 0.6968973747016707 0.25257731958762886 0.019093078758949944 0.048109965635738855
1 0.7704852824184567 0.21305841924398625 0.01511535401750208 0.030927835051546393
1 0.8070803500397773 0.24226804123711343 0.01670644391408116 0.03780068728522337
1 0.843277645186953 0.27835051546391754 0.012728719172633296 0.037800687285223344
1 0.8631662688941926 0.31443298969072164 0.017501988862370754 0.04123711340206182
1 0.7796340493237868 0.37285223367697595 0.019093078758949833 0.054982817869415834
1 0.9176610978520287 0.365979381443299 0.01670644391408116 0.04467353951890035
