1 0.1288056206088993 0.39453125 0.025761124121779846 0.042187500000000044
1 0.15163934426229508 0.40546875 0.02693208430913349 0.04531249999999998
1 0.17915690866510536 0.42890625 0.030444964871194385 0.0546875
1 0.23243559718969553 0.44296875 0.038641686182669804 0.05781249999999999
1 0.3079625292740047 0.4328125 0.037470725995316145 0.05312499999999998
1 0.3179156908665105 0.4046875 0.019906323185011676 0.03125
1 0.3372365339578455 0.41328125 0.025761124121779833 0.04531249999999998
1 0.37470725995316156 0.403125 0.02341920374707257 0.04062500000000002
1 0.40339578454332553 0.3578125 0.01990632318501173 0.03125
1 0.38348946135831385 0.4515625 0.03864168618266978 0.0625
1 0.42622950819672134 0.43046874999999996 0.030444964871194358 0.05156250000000001
1 0.4420374707259953 0.41640625 0.022248243559718994 0.04218749999999999
1 0.4689695550351288 0.4140625 0.0245901639344262 0.04062500000000002
1 0.5064402810304449 0.40625 0.02693208430913352 0.04062500000000002
1 0.5281030444964872 0.4453125 0.03512880562060894 0.06562500000000004
1 0.5667447306791569 0.496875 0.04449648711943788 0.07187500000000002
1 0.5837236533957846 0.409375 0.01756440281030447 0.03125
1 0.6036299765807962 0.41484375 0.01990632318501173 0.0390625
1 0.6264637002341921 0.43828124999999996 0.03512880562060894 0.05156250000000001
1 0.6692037470725996 0.4078125 0.01990632318501173 0.03750000000000003
1 0.7177985948477752 0.45703125 0.03981264637002346 0.06093749999999998
1 0.7429742388758782 0.41953125 0.01990632318501162 0.03593750000000001
1 0.7634660421545667 0.4125 0.023419203747072626 0.03437499999999999
1 0.765807962529274 0.44296875 0.021077283372365363 0.04218749999999999
1 0.8079625292740047 0.41015625 0.02810304449648715 0.0390625
1 0.8425058548009368 0.4640625 0.040983606557376984 0.05312499999999998
1 0.9028103044496487 0.43515625 0.030444964871194413 0.05156250000000001
1 0.9238875878220141 0.428125 0.023419203747072626 0.04375000000000001
1 0.9736533957845432 0.41484375 0.024590163934426257 0.04531249999999998
1 0.7172131147540983 0.4171875 0.022248243559718994 0.04062500000000002
