1 0.8458333333333333 0.3182957393483709 0.09499999999999997 0.13032581453634084
1 0.6408333333333334 0.5401002506265664 0.03166666666666662 0.06766917293233088
1 0.5900000000000001 0.5300751879699248 0.033333333333333326 0.06265664160401002
1 0.5433333333333333 0.5401002506265664 0.026666666666666616 0.057644110275689275
1 0.5091666666666667 0.5375939849624061 0.041666666666666685 0.06766917293233077
1 0.5258333333333334 0.512531328320802 0.025000000000000022 0.052631578947368474
1 0.48083333333333333 0.525062656641604 0.021666666666666667 0.04260651629072676
1 0.45 0.531328320802005 0.043333333333333335 0.06516290726817048
1 0.42666666666666664 0.5100250626566416 0.023333333333333373 0.04761904761904767
1 0.405 0.5275689223057645 0.026666666666666672 0.04761904761904756
1 0.3666666666666667 0.5363408521303259 0.03999999999999998 0.06516290726817042
1 0.37583333333333335 0.5075187969924813 0.024999999999999967 0.04260651629072687
1 0.3225 0.5426065162907268 0.03500000000000003 0.052631578947368474
1 0.3208333333333333 0.5137844611528822 0.024999999999999967 0.05012531328320807
1 0.2833333333333333 0.550125313283208 0.040000000000000036 0.06766917293233088
1 0.2833333333333333 0.5200501253132832 0.033333333333333326 0.05263157894736842
1 0.23666666666666666 0.5175438596491229 0.026666666666666672 0.04260651629072687
1 0.2008333333333333 0.5325814536340852 0.035 0.04761904761904756
1 0.1975 0.5037593984962405 0.021666666666666667 0.03508771929824561
1 0.08083333333333334 0.575187969924812 0.065 0.10776942355889729
1 0.08833333333333333 0.5238095238095238 0.03 0.05012531328320807
1 0.12416666666666668 0.5225563909774436 0.03499999999999999 0.05764411027568922
1 0.14250000000000002 0.5150375939849624 0.02833333333333335 0.05263157894736842
1 0.07666666666666666 0.5037593984962406 0.02333333333333333 0.04010025062656647
1 0.049166666666666664 0.5112781954887218 0.03166666666666667 0.055137844611528875
1 0.020833333333333336 0.5513784461152882 0.03833333333333334 0.1253132832080201
