1 0.2122549019607843 0.36062717770034847 0.04411764705882354 0.08710801393728224
1 0.3225490196078431 0.2308362369337979 0.017647058823529405 0.03658536585365854
1 0.3362745098039216 0.18902439024390244 0.013725490196078438 0.03310104529616725
1 0.3534313725490196 0.2038327526132404 0.01470588235294118 0.031358885017421595
1 0.41323529411764703 0.20905923344947736 0.018627450980392146 0.03484320557491288
1 0.453921568627451 0.21254355400696864 0.019607843137254943 0.04181184668989546
1 0.4259803921568628 0.18554006968641115 0.016666666666666663 0.029616724738675937
1 0.4215686274509804 0.1646341463414634 0.01764705882352946 0.029616724738675965
1 0.45833333333333337 0.18989547038327526 0.018627450980392146 0.031358885017421595
1 0.4808823529411764 0.19250871080139373 0.016666666666666663 0.03310104529616725
1 0.4901960784313726 0.2229965156794425 0.019607843137254888 0.045296167247386776
1 0.46225490196078434 0.15505226480836237 0.01470588235294118 0.03135888501742162
1 0.4715686274509804 0.14111498257839722 0.013725490196078438 0.02439024390243902
1 0.48921568627450984 0.15331010452961674 0.01568627450980392 0.031358885017421595
1 0.5102941176470588 0.16289198606271776 0.014705882352941235 0.03310104529616725
1 0.5058823529411764 0.13937282229965156 0.013725490196078383 0.027874564459930307
1 0.5220588235294118 0.13763066202090593 0.012745098039215641 0.02787456445993032
1 0.5343137254901961 0.12456445993031359 0.0117647058823529 0.026132404181184676
1 0.538235294117647 0.1524390243902439 0.013725490196078383 0.03310104529616725
1 0.5480392156862746 0.14111498257839722 0.01176470588235301 0.031358885017421595
1 0.5558823529411765 0.16550522648083624 0.013725490196078383 0.03135888501742162
1 0.5632352941176471 0.17857142857142858 0.016666666666666607 0.04006968641114983
1 0.5730392156862745 0.14721254355400698 0.014705882352941235 0.029616724738675965
1 0.5617647058823529 0.1210801393728223 0.0117647058823529 0.026132404181184676
1 0.596078431372549 0.1132404181184669 0.0117647058823529 0.02439024390243902
1 0.6259803921568627 0.10452961672473868 0.010784313725490158 0.027874564459930307
1 0.6480392156862745 0.10452961672473868 0.0117647058823529 0.027874564459930307
1 0.6691176470588236 0.10801393728222997 0.010784313725490269 0.027874564459930307
1 0.6446078431372548 0.12195121951219512 0.010784313725490269 0.024390243902439032
1 0.657843137254902 0.13414634146341464 0.0117647058823529 0.02439024390243902
1 0.6352941176470588 0.13937282229965156 0.015686274509803977 0.038327526132404185
1 0.6102941176470589 0.12804878048780488 0.014705882352941235 0.026132404181184676
1 0.6029411764705883 0.14547038327526132 0.013725490196078494 0.03310104529616725
1 0.6088235294117648 0.17160278745644597 0.015686274509803977 0.03658536585365854
1 0.592156862745098 0.23606271777003485 0.019607843137254832 0.03658536585365857
1 0.5431372549019609 0.2691637630662021 0.025490196078431393 0.04703832752613238
1 0.5892156862745097 0.2735191637630662 0.02352941176470591 0.05923344947735193
1 0.6088235294117648 0.31097560975609756 0.03137254901960784 0.07491289198606277
1 0.6450980392156862 0.2038327526132404 0.019607843137254943 0.048780487804878064
1 0.6524509803921568 0.24825783972125434 0.02450980392156865 0.05052264808362367
1 0.6691176470588236 0.2691637630662021 0.022549019607843168 0.04703832752613238
1 0.7049019607843137 0.12804878048780488 0.013725490196078494 0.026132404181184676
1 0.6955882352941176 0.1254355400696864 0.010784313725490158 0.024390243902439032
1 0.7093137254901961 0.12020905923344949 0.010784313725490158 0.020905923344947744
1 0.675 0.2142857142857143 0.0186274509803922 0.04181184668989549
1 0.7191176470588235 0.16202090592334495 0.014705882352941124 0.03135888501742162
1 0.7132352941176471 0.19773519163763065 0.016666666666666607 0.0400696864111498
1 0.7318627450980393 0.22386759581881532 0.022549019607843168 0.047038327526132406
1 0.6965686274509804 0.3170731707317073 0.0303921568627451 0.06968641114982577
1 0.7514705882352941 0.33710801393728224 0.0303921568627451 0.0714285714285714
1 0.7656862745098039 0.13153310104529617 0.013725490196078494 0.03310104529616725
1 0.7740196078431373 0.14634146341463417 0.012745098039215641 0.031358885017421595
1 0.7897058823529411 0.14285714285714285 0.012745098039215641 0.031358885017421595
1 0.8102941176470588 0.14982578397212543 0.016666666666666607 0.031358885017421595
1 0.8411764705882353 0.156794425087108 0.013725490196078383 0.03484320557491291
1 0.7514705882352941 0.16898954703832753 0.014705882352941124 0.03484320557491288
1 0.7862745098039216 0.1846689895470383 0.015686274509803866 0.03832752613240417
1 0.7995098039215687 0.21341463414634146 0.0186274509803922 0.047038327526132406
1 0.8200980392156862 0.20121951219512196 0.01666666666666672 0.0400696864111498
1 0.8357843137254902 0.18292682926829268 0.012745098039215641 0.0383275261324042
1 0.8490196078431372 0.21254355400696864 0.01764705882352935 0.0383275261324042
1 0.8573529411764707 0.19250871080139373 0.012745098039215752 0.04006968641114983
1 0.7901960784313726 0.2970383275261324 0.025490196078431393 0.06445993031358888
1 0.8166666666666667 0.2735191637630662 0.019607843137254832 0.045296167247386776
1 0.8289215686274509 0.35801393728222997 0.0303921568627451 0.06794425087108014
1 0.8563725490196079 0.3170731707317073 0.020588235294117685 0.05574912891986061
1 0.8828431372549019 0.2656794425087108 0.020588235294117685 0.050522648083623695
1 0.8955882352941176 0.22996515679442509 0.0186274509803922 0.048780487804878064
1 0.9004901960784314 0.20470383275261322 0.014705882352941124 0.03658536585365854
1 0.9392156862745098 0.2578397212543554 0.01764705882352935 0.04181184668989546
1 0.9367647058823529 0.3170731707317073 0.01862745098039209 0.05574912891986061
1 0.9186274509803922 0.3754355400696864 0.025490196078431393 0.05052264808362367
1 0.9073529411764706 0.42247386759581884 0.03431372549019618 0.07142857142857145
1 0.9431372549019608 0.23170731707317072 0.015686274509803866 0.04181184668989546
1 0.9450980392156862 0.2029616724738676 0.015686274509803866 0.036585365853658514
1 0.9544117647058823 0.1872822299651568 0.014705882352941235 0.0400696864111498
1 0.9284313725490196 0.17334494773519163 0.009803921568627416 0.03310104529616725
1 0.919607843137255 0.17770034843205573 0.01176470588235301 0.03484320557491291
1 0.8730392156862745 0.18815331010452963 0.014705882352941124 0.03484320557491288
1 0.8779411764705882 0.16202090592334495 0.012745098039215641 0.03484320557491288
1 0.8916666666666666 0.16202090592334495 0.014705882352941235 0.027874564459930307
