1 0.8448139350752177 0.26180555555555557 0.007917656373713333 0.026388888888888906
1 0.8634204275534443 0.2826388888888889 0.013460015835312755 0.03472222222222221
1 0.8606492478226445 0.32361111111111107 0.012668250197941378 0.03888888888888892
1 0.8764845605700713 0.3284722222222222 0.012668250197941378 0.03749999999999998
1 0.9034045922406968 0.28402777777777777 0.009501187648455978 0.026388888888888906
1 0.9022169437846397 0.3076388888888889 0.010292953285827466 0.029166666666666674
1 0.8899445764053839 0.3229166666666667 0.011084718923198733 0.03472222222222221
1 0.9049881235154393 0.3701388888888889 0.015835312747426777 0.05416666666666664
1 0.881631037212985 0.4652777777777778 0.026128266033254133 0.05833333333333335
1 0.8321456848772764 0.37430555555555556 0.020585906571654822 0.054166666666666696
1 0.8396674584323041 0.3534722222222222 0.0182106096595408 0.048611111111111105
1 0.8186856690419635 0.46111111111111114 0.025336500395882866 0.055555555555555525
1 0.7878068091844814 0.48263888888888884 0.022169437846397466 0.062499999999999944
1 0.7842438638163103 0.3618055555555556 0.0182106096595408 0.04583333333333334
1 0.7949326999208235 0.3423611111111111 0.015835312747426777 0.04583333333333334
1 0.8083927157561361 0.3111111111111111 0.014251781472684022 0.03888888888888886
1 0.8127474267616785 0.25763888888888886 0.01187648456057011 0.029166666666666646
1 0.824228028503563 0.28125 0.011084718923198733 0.03472222222222221
1 0.8337292161520189 0.27708333333333335 0.011084718923198733 0.03472222222222221
1 0.7933491686460807 0.28402777777777777 0.012668250197941378 0.03749999999999998
1 0.785827395091053 0.29930555555555555 0.0150435471100554 0.03749999999999998
1 0.733174980205859 0.23541666666666666 0.009501187648456089 0.029166666666666674
1 0.7367379255740301 0.2638888888888889 0.010292953285827355 0.02777777777777779
1 0.7470308788598574 0.2847222222222222 0.01187648456057 0.03888888888888886
1 0.7553444180522565 0.25 0.009501187648456089 0.02777777777777779
1 0.7715756136183689 0.25 0.01187648456057 0.02777777777777779
1 0.6733966745843231 0.22708333333333336 0.010292953285827355 0.02361111111111111
1 0.6777513855898654 0.26180555555555557 0.012668250197941378 0.03194444444444447
1 0.6872525732383215 0.3027777777777778 0.015835312747426666 0.03888888888888892
1 0.7090261282660333 0.25277777777777777 0.010292953285827355 0.030555555555555558
1 0.7133808392715757 0.2673611111111111 0.011084718923198733 0.029166666666666674
1 0.6460807600950118 0.2847222222222222 0.014251781472684022 0.036111111111111094
1 0.6532066508313539 0.23333333333333334 0.009501187648455978 0.02777777777777779
1 0.6397466349960412 0.22430555555555554 0.009501187648455978 0.02361111111111111
1 0.6607284243863816 0.32013888888888886 0.016627078384798044 0.03750000000000003
1 0.6631037212984956 0.36875 0.0182106096595408 0.048611111111111105
1 0.6912114014251782 0.41944444444444445 0.025336500395882866 0.06388888888888888
1 0.6167854315122723 0.23125 0.011084718923198733 0.02638888888888888
1 0.6175771971496438 0.2569444444444444 0.014251781472684022 0.03055555555555553
1 0.5894695170229611 0.21180555555555558 0.008709422011084711 0.02361111111111111
1 0.5819477434679334 0.23333333333333334 0.009501187648455978 0.024999999999999994
1 0.5807600950118765 0.2534722222222222 0.010292953285827466 0.02361111111111111
1 0.5558194774346793 0.22291666666666665 0.009501187648456089 0.02361111111111111
1 0.5395882818685669 0.23125 0.008709422011084711 0.02361111111111111
1 0.56215360253365 0.2673611111111111 0.011084718923198733 0.03194444444444444
1 0.5534441805225654 0.2881944444444444 0.014251781472684022 0.034722222222222265
1 0.5791765637371338 0.33819444444444446 0.0182106096595408 0.04305555555555557
1 0.6128266033254157 0.3111111111111111 0.015835312747426777 0.036111111111111094
1 0.5285035629453683 0.25 0.013460015835312755 0.02777777777777779
1 0.5095011876484561 0.2569444444444445 0.01187648456057011 0.033333333333333354
1 0.4912905779889153 0.27361111111111114 0.0150435471100554 0.03333333333333338
1 0.44457640538400633 0.25277777777777777 0.010292953285827355 0.027777777777777762
1 0.4893111638954869 0.32152777777777775 0.014251781472684077 0.0402777777777778
1 0.42874109263657956 0.2701388888888889 0.013460015835312755 0.03194444444444444
1 0.4358669833729216 0.34444444444444444 0.0166270783847981 0.0444444444444444
1 0.391132224861441 0.3055555555555556 0.011084718923198733 0.027777777777777735
1 0.4168646080760095 0.25277777777777777 0.010292953285827355 0.024999999999999994
1 0.3950910530482977 0.3506944444444444 0.020585906571654766 0.04305555555555557
1 0.37094220110847187 0.3402777777777778 0.015043547110055455 0.036111111111111094
1 0.33966745843230406 0.3034722222222222 0.014251781472684077 0.03194444444444444
1 0.3250197941409343 0.36250000000000004 0.019794140934283444 0.04722222222222222
1 0.24980205859065716 0.36597222222222225 0.0166270783847981 0.04305555555555557
1 0.2862232779097387 0.36458333333333337 0.0182106096595408 0.0402777777777778
1 0.27434679334916867 0.3159722222222222 0.015043547110055455 0.03194444444444444
1 0.2173396674584323 0.3472222222222222 0.015043547110055427 0.033333333333333326
1 0.45249406175771967 0.32152777777777775 0.0166270783847981 0.034722222222222265
1 0.5249406175771971 0.3597222222222222 0.019002375296912066 0.05277777777777781
1 0.4517022961203484 0.4201388888888889 0.021377672209026144 0.056944444444444464
1 0.5075217735550277 0.4423611111111111 0.0300870942201108 0.05416666666666664
1 0.5665083135391924 0.45 0.027711797307996777 0.06388888888888888
1 0.5665083135391924 0.3944444444444445 0.022961203483768733 0.04999999999999999
1 0.7466349960411718 0.43680555555555556 0.02375296912114011 0.05972222222222223
1 0.6761678543151227 0.54375 0.031670625494853555 0.07361111111111118
1 0.6163895486935866 0.4756944444444444 0.026128266033254133 0.06527777777777777
1 0.6377672209026128 0.3729166666666667 0.0213776722090262 0.056944444444444464
1 0.4505146476642914 0.24305555555555555 0.009501187648456033 0.0222222222222222
1 0.4996041171813143 0.28541666666666665 0.015835312747426777 0.03472222222222221
1 0.3345209817893904 0.3451388888888889 0.0166270783847981 0.03194444444444444
1 0.12945368171021376 0.53125 0.037212984956452894 0.07638888888888884
