1 0.18768046198267563 0.3642495784148398 0.050048123195380184 0.06745362563237778
1 0.31568816169393643 0.21163575042158517 0.015399422521655437 0.03204047217537942
1 0.3339749759384023 0.22765598650927488 0.015399422521655437 0.026981450252951095
1 0.3546679499518768 0.22849915682967958 0.014436958614051976 0.028667790893760536
1 0.3700673724735323 0.2571669477234401 0.012512030798845053 0.038785834738617186
1 0.41819056785370545 0.24283305227655988 0.01828681424446582 0.03709949409780777
1 0.37536092396535126 0.20236087689713322 0.019249278152069282 0.03372681281618889
1 0.397497593840231 0.20067453625632378 0.013474494706448514 0.040472175379426656
1 0.3286814244465832 0.18381112984822934 0.0163618864292589 0.02360876897133221
1 0.34504331087584217 0.20320404721753793 0.012512030798845053 0.02192242833052277
1 0.4177093358999038 0.1711635750421585 0.011549566891241592 0.025295109612141653
1 0.42348411934552455 0.15008431703204045 0.009624639076034613 0.020236087689713328
1 0.4470644850818094 0.16947723440134907 0.014436958614051976 0.028667790893760536
1 0.42589027911453325 0.20320404721753793 0.014436958614051976 0.03204047217537945
1 0.4494706448508181 0.2251264755480607 0.013474494706448514 0.0354131534569983
1 0.4817131857555341 0.23524451939291735 0.020211742059672744 0.03541315345699833
1 0.5081809432146295 0.18381112984822934 0.015399422521655382 0.03372681281618886
1 0.480269489894129 0.19139966273187184 0.013474494706448514 0.025295109612141653
1 0.4653512993262753 0.14502529510961215 0.008662175168431208 0.02360876897133221
1 0.49422521655437923 0.14333895446880268 0.012512030798845108 0.016863406408094445
1 0.5120307988450433 0.15261382799325462 0.013474494706448459 0.028667790893760564
1 0.5149181905678537 0.12563237774030353 0.011549566891241536 0.018549747048903872
1 0.5327237728585178 0.12984822934232715 0.012512030798845108 0.020236087689713314
1 0.5255052935514919 0.17284991568296795 0.009624639076034724 0.025295109612141653
1 0.5534167468719923 0.1627318718381113 0.013474494706448459 0.018549747048903886
1 0.5678537054860443 0.15092748735244518 0.011549566891241536 0.02192242833052277
1 0.546679499518768 0.13322091062394603 0.009624639076034613 0.020236087689713328
1 0.5818094321462945 0.12563237774030353 0.010587102983638075 0.018549747048903872
1 0.5899903753609239 0.11720067453625632 0.009624639076034724 0.018549747048903886
1 0.6044273339749759 0.13406408094435077 0.011549566891241536 0.02866779089376055
1 0.618864292589028 0.1163575042158516 0.011549566891241647 0.02360876897133221
1 0.6308950914340712 0.13069139966273188 0.010587102983638075 0.025295109612141667
1 0.641963426371511 0.12141652613827994 0.009624639076034613 0.020236087689713314
1 0.6280076997112609 0.15935919055649242 0.012512030798844997 0.025295109612141653
1 0.4971126082771896 0.28161888701517707 0.022136669874879722 0.04721753794266437
1 0.5452358036573628 0.290893760539629 0.018286814244465766 0.04553119730185495
1 0.6039461020211743 0.33305227655986513 0.024061597690086534 0.04890387858347384
1 0.5769971126082771 0.24620573355817876 0.018286814244465766 0.04047217537942663
1 0.5500481231953802 0.19224283305227657 0.01443695861405192 0.030354131534569978
1 0.588065447545717 0.1736930860033727 0.017324350336862415 0.026981450252951095
1 0.6703561116458132 0.17959527824620575 0.01443695861405192 0.03541315345699833
1 0.6693936477382099 0.1045531197301855 0.006737247353224229 0.020236087689713328
1 0.6915303176130896 0.12225969645868465 0.012512030798844997 0.021922428330522756
1 0.699711260827719 0.11045531197301856 0.009624639076034613 0.025295109612141653
1 0.7271414821944178 0.11298482293423272 0.012512030798844997 0.020236087689713328
1 0.7410972088546679 0.15008431703204045 0.009624639076034724 0.030354131534569978
1 0.753609239653513 0.13743676222596965 0.011549566891241536 0.028667790893760536
1 0.6337824831568817 0.23861720067453626 0.016361886429258843 0.04553119730185501
1 0.6881616939364774 0.26728499156829677 0.019249278152069338 0.0354131534569983
1 0.6958614051973051 0.3086003372681282 0.02117420596727615 0.04721753794266442
1 0.7367661212704524 0.28583473861720066 0.016361886429258954 0.04890387858347384
1 0.7459095283926853 0.39376053962900504 0.02887391722810395 0.06239460370994937
1 0.8161693936477382 0.40809443507588533 0.025024061597689995 0.06408094435075884
1 0.8989412897016362 0.4300168634064081 0.0327237728585178 0.0708263069139966
1 0.9167468719923003 0.3507588532883642 0.018286814244465877 0.04721753794266442
1 0.8469682386910491 0.31703204047217537 0.02117420596727615 0.060708263069139956
1 0.7921077959576517 0.3094435075885329 0.023099133782483183 0.04553119730185495
1 0.7617901828681424 0.2672849915682968 0.01443695861405192 0.04553119730185498
1 0.7295476419634264 0.23271500843170317 0.017324350336862304 0.037099494097807745
1 0.7232916265640039 0.1888701517706577 0.01443695861405192 0.026981450252951095
1 0.7059672762271415 0.16104553119730186 0.016361886429258954 0.025295109612141653
1 0.7521655437921078 0.17959527824620575 0.006737247353224229 0.03204047217537945
1 0.7651588065447545 0.18718381112984822 0.011549566891241536 0.03372681281618886
1 0.8012512030798845 0.15598650927487354 0.010587102983638186 0.028667790893760536
1 0.8190567853705486 0.16020236087689715 0.011549566891241536 0.030354131534569978
1 0.8113570741097209 0.24620573355817876 0.019249278152069338 0.03709949409780777
1 0.8152069297401348 0.20741989881956158 0.013474494706448459 0.02360876897133221
1 0.8787295476419634 0.2588532883642496 0.015399422521655382 0.04553119730185498
1 0.8941289701636188 0.23355817875210794 0.017324350336862415 0.038785834738617214
1 0.931665062560154 0.22006745362563238 0.013474494706448459 0.0354131534569983
1 0.9311838306063522 0.28667790893760536 0.016361886429258954 0.04721753794266442
1 0.7844080846968239 0.14671163575042157 0.013474494706448459 0.030354131534569978
