1 0.10833333333333334 0.45555555555555555 0.026666666666666672 0.040000000000000036
1 0.2316666666666667 0.4455555555555556 0.03666666666666665 0.06
1 0.26333333333333336 0.4688888888888889 0.033333333333333354 0.053333333333333344
1 0.32833333333333337 0.4355555555555556 0.026666666666666672 0.031111111111111145
1 0.35833333333333334 0.4677777777777778 0.033333333333333326 0.05555555555555558
1 0.42000000000000004 0.45111111111111113 0.03999999999999998 0.053333333333333344
1 0.44333333333333336 0.5444444444444445 0.07666666666666666 0.12444444444444447
1 0.4575 0.43333333333333335 0.021666666666666667 0.03999999999999998
1 0.48916666666666664 0.4444444444444444 0.02833333333333332 0.03999999999999998
1 0.5941666666666667 0.5088888888888888 0.06166666666666665 0.10666666666666663
1 0.6775 0.4377777777777778 0.04166666666666674 0.062222222222222234
1 0.7166666666666667 0.5877777777777777 0.08000000000000007 0.13111111111111107
1 0.8958333333333334 0.5733333333333334 0.07833333333333337 0.09777777777777774
1 0.9408333333333334 0.4733333333333334 0.05166666666666664 0.09333333333333332
1 0.8858333333333333 0.3844444444444445 0.03166666666666662 0.048888888888888926
1 0.8558333333333333 0.4288888888888889 0.03166666666666673 0.053333333333333344
1 0.8225 0.4477777777777778 0.03166666666666673 0.046666666666666634
