1 0.024725274725274728 0.584958217270195 0.038461538461538464 0.07799442896935938
1 0.06868131868131867 0.5501392757660167 0.045787545787545784 0.07520891364902504
1 0.09432234432234432 0.6448467966573816 0.07142857142857144 0.08635097493036215
1 0.10531135531135531 0.5988857938718664 0.06776556776556777 0.08913649025069648
1 0.23626373626373626 0.532033426183844 0.04029304029304026 0.05571030640668517
1 0.23717948717948717 0.5710306406685237 0.038461538461538436 0.06685236768802227
1 0.2710622710622711 0.5863509749303621 0.047619047619047616 0.10863509749303624
1 0.31684981684981683 0.5877437325905293 0.06959706959706963 0.11142061281337057
1 0.38186813186813184 0.6657381615598885 0.10073260073260076 0.1392757660167131
1 0.4249084249084249 0.83008356545961 0.16849816849816845 0.23955431754874645
1 0.35531135531135527 0.4178272980501393 0.047619047619047616 0.08356545961002787
1 0.456959706959707 0.4373259052924791 0.04945054945054944 0.06685236768802227
1 0.521062271062271 0.5125348189415042 0.038461538461538436 0.06685236768802227
1 0.5540293040293041 0.5766016713091922 0.06043956043956045 0.10584958217270202
1 0.5668498168498168 0.5139275766016713 0.038461538461538436 0.058495821727019504
1 0.6108058608058609 0.5682451253481895 0.053113553113553036 0.09470752089136492
1 0.63003663003663 0.8036211699164346 0.19047619047619047 0.29805013927576607
1 0.6401098901098901 0.5139275766016713 0.042124542124542086 0.07520891364902504
1 0.6675824175824177 0.5 0.034798534798534786 0.064066852367688
1 0.6941391941391941 0.5069637883008357 0.04029304029304026 0.06685236768802222
1 0.7554945054945055 0.5445682451253482 0.0494505494505495 0.08635097493036215
1 0.7902930402930404 0.5153203342618384 0.042124542124542086 0.06128133704735372
1 0.7912087912087913 0.6545961002785515 0.09157509157509158 0.16713091922005563
1 0.8195970695970696 0.584958217270195 0.06776556776556775 0.13370473537604466
1 0.8827838827838828 0.7534818941504178 0.12454212454212454 0.21448467966573814
1 0.8928571428571428 0.5055710306406686 0.034798534798534786 0.064066852367688
1 0.9221611721611722 0.5027855153203342 0.038461538461538436 0.06963788300835655
1 0.967948717948718 0.5194986072423398 0.03846153846153855 0.0807799442896936
1 0.9853479853479854 0.5153203342618384 0.02930402930402931 0.07799442896935926
1 0.9652014652014651 0.46935933147632314 0.03663003663003661 0.064066852367688
