1 0.13725490196078433 0.6606606606606606 0.13333333333333333 0.21021021021021014
1 0.12254901960784315 0.48348348348348347 0.05294117647058823 0.08408408408408413
1 0.2323529411764706 0.4429429429429429 0.033333333333333326 0.05705705705705705
1 0.2754901960784314 0.5180180180180181 0.07254901960784313 0.11711711711711709
1 0.2696078431372549 0.43543543543543545 0.025490196078431393 0.048048048048048075
1 0.30686274509803924 0.43993993993993996 0.02941176470588236 0.051051051051051066
1 0.3235294117647059 0.4144144144144144 0.03137254901960784 0.06006006006006004
1 0.36078431372549025 0.478978978978979 0.047058823529411764 0.08708708708708707
1 0.3892156862745098 0.45945945945945943 0.02941176470588236 0.060060060060060094
1 0.41274509803921566 0.4369369369369369 0.025490196078431338 0.045045045045045085
1 0.39313725490196083 0.4189189189189189 0.017647058823529405 0.03903903903903905
1 0.4 0.38738738738738737 0.01568627450980392 0.03003003003003002
1 0.45686274509803926 0.38288288288288286 0.019607843137254888 0.02702702702702703
1 0.5274509803921569 0.38288288288288286 0.019607843137254832 0.02702702702702703
1 0.5901960784313726 0.3843843843843844 0.015686274509803866 0.024024024024024038
1 0.55 0.43543543543543545 0.01764705882352946 0.03003003003003002
1 0.5696078431372549 0.4369369369369369 0.025490196078431393 0.03903903903903905
1 0.607843137254902 0.4369369369369369 0.027450980392156876 0.051051051051051066
1 0.5931372549019608 0.4114114114114114 0.01764705882352935 0.036036036036036
1 0.6392156862745098 0.42792792792792794 0.019607843137254943 0.03903903903903905
1 0.6745098039215687 0.5135135135135135 0.07058823529411773 0.0960960960960961
1 0.7107843137254901 0.45795795795795796 0.025490196078431393 0.0570570570570571
1 0.6813725490196079 0.4264264264264265 0.01764705882352935 0.04204204204204204
1 0.6686274509803922 0.45045045045045046 0.019607843137254943 0.036036036036036
1 0.7274509803921569 0.43093093093093093 0.019607843137254943 0.033033033033033066
1 0.7 0.4279279279279279 0.02352941176470591 0.03303303303303301
1 0.7794117647058824 0.509009009009009 0.05294117647058827 0.08108108108108114
1 0.8245098039215686 0.4519519519519519 0.033333333333333326 0.051051051051051066
1 0.8852941176470588 0.7102102102102101 0.14313725490196083 0.27327327327327333
1 0.8911764705882352 0.53003003003003 0.06862745098039225 0.1111111111111111
1 0.9745098039215687 0.4594594594594595 0.027450980392156876 0.05405405405405406
