1 0.24916666666666668 0.2815934065934066 0.15166666666666667 0.38186813186813184
1 0.4425 0.42994505494505497 0.04833333333333334 0.10164835164835168
1 0.5225 0.4409340659340659 0.04500000000000004 0.0851648351648352
1 0.4991666666666667 0.36401098901098905 0.03500000000000003 0.07967032967032966
1 0.5766666666666667 0.3708791208791209 0.040000000000000036 0.07142857142857145
1 0.5575 0.3076923076923077 0.03833333333333333 0.06043956043956045
1 0.6166666666666667 0.4519230769230769 0.046666666666666634 0.0851648351648352
1 0.62 0.33791208791208793 0.036666666666666625 0.06593406593406592
1 0.6516666666666666 0.2980769230769231 0.033333333333333326 0.052197802197802234
1 0.6499999999999999 0.375 0.033333333333333326 0.06318681318681318
1 0.715 0.4560439560439561 0.046666666666666634 0.0824175824175824
1 0.7366666666666667 0.3901098901098901 0.036666666666666625 0.0714285714285714
1 0.6991666666666667 0.33104395604395603 0.03166666666666662 0.06318681318681318
1 0.7308333333333333 0.30494505494505497 0.02499999999999991 0.06593406593406598
1 0.7766666666666666 0.3282967032967033 0.036666666666666736 0.06868131868131866
1 0.8275 0.45879120879120877 0.05499999999999994 0.09890109890109888
1 0.8383333333333334 0.3873626373626373 0.043333333333333335 0.0824175824175824
1 0.85 0.3269230769230769 0.030000000000000027 0.05494505494505497
1 0.935 0.3090659340659341 0.029999999999999916 0.05219780219780218
1 0.9408333333333333 0.38186813186813184 0.03833333333333333 0.07142857142857145
1 0.9491666666666667 0.3392857142857143 0.025000000000000022 0.05219780219780218
1 0.9450000000000001 0.4725274725274725 0.04999999999999993 0.09890109890109894
