1 0.17345132743362832 0.4416167664670658 0.049557522123893805 0.08682634730538924
1 0.22743362831858407 0.6646706586826348 0.12920353982300886 0.23952095808383234
1 0.2699115044247788 0.4565868263473054 0.04778761061946904 0.08682634730538924
1 0.46194690265486726 0.5284431137724551 0.06725663716814156 0.1227544910179641
1 0.4451327433628318 0.468562874251497 0.04424778761061948 0.07485029940119764
1 0.49557522123893805 0.36976047904191617 0.042477876106194745 0.07485029940119758
1 0.5982300884955752 0.5419161676646707 0.06725663716814156 0.12574850299401197
1 0.6238938053097345 0.49401197604790414 0.04778761061946901 0.10179640718562871
1 0.7398230088495575 0.4970059880239521 0.04955752212389375 0.08982035928143711
1 0.8053097345132743 0.3023952095808383 0.03539823008849552 0.07185628742514971
1 0.9176991150442477 0.2874251497005988 0.0513274336283186 0.08383233532934131
