1 0.09458333333333332 0.41792929292929293 0.05750000000000001 0.19949494949494945
1 0.034166666666666665 0.2878787878787879 0.04666666666666667 0.17171717171717174
1 0.0975 0.21464646464646464 0.051666666666666666 0.16666666666666663
1 0.01958333333333333 0.09090909090909091 0.029166666666666664 0.12121212121212122
1 0.195 0.0606060606060606 0.03 0.10606060606060605
1 0.33333333333333337 0.059343434343434344 0.041666666666666685 0.11363636363636363
1 0.16 0.643939393939394 0.06666666666666665 0.2222222222222222
1 0.24916666666666668 0.4936868686868687 0.065 0.20454545454545447
1 0.48416666666666663 0.35984848484848486 0.08833333333333332 0.3055555555555556
1 0.6770833333333333 0.38383838383838387 0.04583333333333328 0.20202020202020204
1 0.6625 0.273989898989899 0.04833333333333334 0.14393939393939395
1 0.6329166666666667 0.1654040404040404 0.04083333333333328 0.15404040404040403
1 0.6341666666666667 0.08712121212121213 0.03833333333333333 0.11363636363636365
1 0.6041666666666667 0.0606060606060606 0.03500000000000003 0.10606060606060605
1 0.7429166666666667 0.22095959595959597 0.04083333333333328 0.1590909090909091
1 0.7091666666666667 0.12247474747474746 0.039999999999999925 0.14898989898989898
1 0.7616666666666667 0.06818181818181818 0.029999999999999916 0.09595959595959595
1 0.8433333333333333 0.1982323232323232 0.039999999999999925 0.14898989898989895
1 0.8816666666666666 0.23737373737373735 0.043333333333333335 0.1414141414141414
1 0.8179166666666666 0.3787878787878788 0.04249999999999998 0.1717171717171717
1 0.8595833333333334 0.10732323232323232 0.029166666666666674 0.12373737373737374
1 0.9454166666666667 0.12626262626262627 0.035833333333333384 0.15151515151515152
1 0.9291666666666667 0.04040404040404041 0.02833333333333332 0.07575757575757576
1 0.9808333333333333 0.08333333333333334 0.03833333333333333 0.11111111111111112
1 0.8279166666666666 0.7095959595959596 0.08750000000000002 0.3030303030303031
1 0.9025 0.8888888888888888 0.10666666666666669 0.2222222222222222
1 0.9625 0.5858585858585859 0.06666666666666665 0.25757575757575757
