1 0.26140350877192986 0.2536912751677852 0.06315789473684214 0.1261744966442953
1 0.3171052631578947 0.19731543624161074 0.0429824561403509 0.09932885906040267
1 0.3890350877192983 0.2335570469798658 0.057017543859649134 0.10738255033557045
1 0.4368421052631579 0.2046979865771812 0.0421052631578947 0.0926174496644295
1 0.49210526315789477 0.20939597315436242 0.05087719298245619 0.08859060402684563
1 0.5456140350877192 0.26711409395973157 0.0491228070175439 0.10469798657718124
1 0.6710526315789473 0.19530201342281878 0.050877192982456076 0.08993288590604029
1 0.6780701754385965 0.28523489932885904 0.04385964912280693 0.10335570469798658
1 0.7570175438596491 0.2986577181208054 0.047368421052631615 0.09798657718120807
1 0.8131578947368421 0.15503355704697985 0.06140350877192979 0.11946308724832214
1 0.8793859649122806 0.29328859060402684 0.07807017543859651 0.13825503355704696
1 0.21096491228070174 0.261744966442953 0.04473684210526316 0.07785234899328858
