1 0.21493027071369974 0.3412698412698413 0.016406890894175546 0.03318903318903321
1 0.24036095159967186 0.37662337662337664 0.01968826907301066 0.04329004329004327
1 0.27891714520098443 0.3694083694083694 0.01968826907301069 0.04329004329004327
1 0.2719442165709598 0.3073593073593074 0.015586546349466768 0.0317460317460318
1 0.3166529942575882 0.3643578643578643 0.02132895816242819 0.03896103896103892
1 0.3022969647251846 0.3362193362193362 0.018867924528301883 0.03751803751803756
1 0.3400328137817884 0.2950937950937951 0.017227235438884325 0.03318903318903316
1 0.3412633305988515 0.3347763347763347 0.01640689089417552 0.034632034632034625
1 0.3666940114848236 0.3275613275613276 0.016406890894175574 0.034632034632034625
1 0.39417555373256763 0.34415584415584416 0.02050861361771944 0.0418470418470418
1 0.3888433141919606 0.30447330447330445 0.016406890894175574 0.034632034632034625
1 0.37325676784249384 0.2647907647907648 0.014766201804757961 0.030303030303030304
1 0.3896636587366694 0.2712842712842713 0.014766201804758017 0.031746031746031744
1 0.4196062346185398 0.30808080808080807 0.018867924528301883 0.03607503607503609
1 0.41304347826086957 0.2510822510822511 0.015586546349466768 0.031746031746031744
1 0.4331419196062346 0.26334776334776333 0.014766201804758017 0.033189033189033185
1 0.4524200164068909 0.24025974025974028 0.015586546349466768 0.030303030303030304
1 0.4569319114027892 0.27200577200577203 0.014766201804758017 0.03030303030303033
1 0.4581624282198523 0.3073593073593074 0.017227235438884325 0.028860028860028863
1 0.48318293683347 0.3246753246753247 0.01804757998359313 0.037518037518037506
1 0.4364232977850697 0.3318903318903319 0.01968826907301069 0.04329004329004327
1 0.5172272354388843 0.35569985569985574 0.02378999179655461 0.05339105339105338
1 0.44667760459392947 0.41414141414141414 0.028712059064807227 0.05772005772005773
1 0.48687448728465954 0.2647907647907648 0.015586546349466768 0.03318903318903321
1 0.5032813781788351 0.2777777777777778 0.017227235438884325 0.038961038961038974
1 0.5344544708777687 0.28643578643578643 0.01722723543888427 0.03607503607503604
1 0.5295324036095159 0.24963924963924966 0.015586546349466768 0.03174603174603177
1 0.542247744052502 0.22655122655122656 0.011484823625922957 0.025974025974025983
1 0.5578342904019689 0.2215007215007215 0.011484823625922846 0.021645021645021634
1 0.5574241181296145 0.24314574314574314 0.013945857260049266 0.027417027417027395
1 0.5635767022149303 0.2655122655122655 0.014766201804758072 0.034632034632034625
1 0.5808039376538146 0.2481962481962482 0.016406890894175574 0.02886002886002889
1 0.5840853158326498 0.2243867243867244 0.013125512715340348 0.030303030303030304
1 0.593929450369155 0.20995670995670995 0.014766201804757961 0.030303030303030304
1 0.6103363412633306 0.2215007215007215 0.014766201804758072 0.03607503607503609
1 0.6185397867104183 0.24603174603174602 0.014766201804757961 0.027417027417027395
1 0.6230516817063168 0.22655122655122656 0.015586546349466768 0.028860028860028863
1 0.6423297785069729 0.21212121212121213 0.016406890894175463 0.028860028860028863
1 0.6439704675963904 0.240981240981241 0.014766201804757961 0.028860028860028863
1 0.660377358490566 0.2691197691197691 0.018047579983593076 0.03607503607503609
1 0.6611977030352748 0.24098124098124096 0.016406890894175463 0.031746031746031717
1 0.6821164889253486 0.22582972582972582 0.013945857260049155 0.030303030303030304
1 0.6858080393765382 0.2554112554112554 0.016406890894175574 0.034632034632034625
1 0.5803937653814601 0.3347763347763348 0.020508613617719385 0.04329004329004327
1 0.6193601312551271 0.3015873015873016 0.01968826907301069 0.04617604617604615
1 0.5951599671862182 0.3650793650793651 0.025430680885972112 0.05194805194805191
1 0.5299425758818703 0.40764790764790765 0.03445447087776865 0.05627705627705626
1 0.5754716981132075 0.45454545454545453 0.03527481542247746 0.07503607503607501
1 0.6259228876127974 0.4733044733044733 0.03609515996718626 0.06926406926406925
1 0.6398687448728466 0.3722943722943723 0.02789171452009842 0.04906204906204903
1 0.6292042657916326 0.35064935064935066 0.016406890894175574 0.034632034632034625
1 0.6714520098441346 0.3556998556998557 0.020508613617719496 0.044733044733044736
1 0.6710418375717802 0.3217893217893218 0.022969647251845693 0.037518037518037506
1 0.7083675143560295 0.28860028860028863 0.015586546349466768 0.034632034632034625
1 0.7321575061525841 0.25613275613275616 0.012305168170631653 0.030303030303030304
1 0.7255947497949139 0.2453102453102453 0.013945857260049266 0.023088023088023074
1 0.7424118129614439 0.23809523809523808 0.014766201804757961 0.03463203463203465
1 0.7551271534044299 0.2857142857142857 0.01722723543888438 0.04040404040404039
1 0.773174733388023 0.2481962481962482 0.015586546349466768 0.037518037518037506
1 0.7608695652173914 0.2481962481962482 0.012305168170631653 0.02886002886002889
1 0.8031173092698933 0.27200577200577203 0.014766201804757961 0.03030303030303033
1 0.8195242001640689 0.2568542568542569 0.01312551271534046 0.034632034632034625
1 0.7986054142739951 0.30447330447330445 0.01722723543888438 0.04040404040404039
1 0.8215750615258408 0.31457431457431456 0.01722723543888438 0.037518037518037506
1 0.828137817883511 0.3448773448773449 0.020508613617719385 0.04617604617604615
1 0.8457752255947498 0.3759018759018759 0.01968826907301069 0.05627705627705626
1 0.8552091878589008 0.34199134199134196 0.018867924528301883 0.04040404040404039
1 0.8675143560295324 0.3189033189033189 0.01722723543888427 0.037518037518037506
1 0.8383921246923708 0.28715728715728717 0.014766201804758072 0.031746031746031744
1 0.8564397046759639 0.2510822510822511 0.01312551271534046 0.03463203463203465
1 0.8789991796554553 0.2907647907647908 0.01722723543888438 0.041847041847041855
1 0.7255947497949138 0.417027417027417 0.027071369975389614 0.04906204906204903
1 0.6944216570959802 0.4877344877344878 0.03855619360131246 0.07503607503607507
1 0.7674323215750616 0.43001443001443 0.027071369975389614 0.05772005772005773
1 0.7949138638228056 0.3643578643578644 0.018047579983593076 0.0505050505050505
1 0.8121410992616899 0.5303030303030303 0.037735849056603765 0.0735930735930736
1 0.8314191960623463 0.46897546897546893 0.027071369975389614 0.06060606060606061
1 0.8966365873666939 0.48989898989898994 0.02789171452009842 0.07070707070707077
1 0.900738310090238 0.3282828282828283 0.016406890894175574 0.044733044733044736
1 0.9228876127973749 0.3556998556998557 0.018047579983593187 0.044733044733044736
1 0.9155045118949959 0.30808080808080807 0.01312551271534046 0.03030303030303033
1 0.9204265791632485 0.2813852813852814 0.014766201804758072 0.023088023088023102
