1 0.069140625 0.3628808864265928 0.04140625 0.06925207756232687
1 0.09296875 0.32271468144044324 0.024999999999999994 0.03324099722991686
1 0.13671875 0.3365650969529086 0.02500000000000001 0.041551246537396114
1 0.158203125 0.42659279778393355 0.06328125000000001 0.11080332409972299
1 0.216796875 0.34695290858725764 0.03046874999999999 0.056786703601108046
1 0.2609375 0.3975069252077562 0.06562500000000002 0.11634349030470914
1 0.352734375 0.34556786703601106 0.025781249999999978 0.04293628808864264
1 0.36015624999999996 0.4030470914127424 0.04375000000000001 0.07202216066481998
1 0.496875 0.4023545706371191 0.04375000000000007 0.07617728531855955
1 0.46953124999999996 0.27977839335180055 0.02031250000000001 0.03601108033240996
1 0.478125 0.36218836565096957 0.029687500000000033 0.03739612188365654
1 0.468359375 0.33102493074792244 0.017968750000000033 0.03324099722991691
1 0.545703125 0.36703601108033246 0.02734375 0.05263157894736842
1 0.5765625000000001 0.3656509695290859 0.017187500000000022 0.024930747922437657
1 0.852734375 0.5242382271468145 0.07265624999999998 0.13157894736842107
1 0.827734375 0.4141274238227147 0.038281250000000044 0.07756232686980608
1 0.89921875 0.36703601108033246 0.0234375 0.05263157894736842
1 0.918359375 0.3698060941828255 0.032031249999999956 0.05817174515235457
1 0.9554687500000001 0.41551246537396125 0.04531249999999998 0.08587257617728533
1 0.015234375 0.3760387811634349 0.028906249999999998 0.0789473684210526
