1 0.07833333333333334 0.4622222222222222 0.07666666666666666 0.08444444444444449
1 0.17583333333333334 0.5033333333333333 0.09833333333333333 0.15333333333333327
1 0.27166666666666667 0.49 0.060000000000000026 0.09555555555555556
1 0.43333333333333335 0.4177777777777778 0.026666666666666672 0.048888888888888926
1 0.5716666666666667 0.5122222222222222 0.046666666666666634 0.06888888888888883
1 0.6525 0.5155555555555555 0.06833333333333336 0.09777777777777774
1 0.7775000000000001 0.4677777777777778 0.09833333333333327 0.14888888888888896
1 0.9108333333333334 0.48666666666666664 0.07500000000000007 0.11555555555555552
1 0.9741666666666666 0.4855555555555556 0.05166666666666664 0.20666666666666667
1 0.7133333333333334 0.49444444444444446 0.046666666666666745 0.09111111111111114
