1 0.10120000000000001 0.5385906040268457 0.052000000000000005 0.10067114093959734
1 0.1992 0.29278523489932884 0.022400000000000003 0.05536912751677853
1 0.2344 0.2768456375838926 0.02560000000000001 0.05369127516778521
1 0.2788 0.23741610738255034 0.020000000000000018 0.04865771812080538
1 0.3124 0.24077181208053688 0.01679999999999998 0.04530201342281878
1 0.308 0.2063758389261745 0.019199999999999995 0.040268456375838924
1 0.3308 0.22818791946308725 0.018400000000000027 0.05033557046979864
1 0.3488 0.21812080536912754 0.01759999999999995 0.05033557046979867
1 0.3692 0.26593959731543626 0.018400000000000027 0.05201342281879198
1 0.36360000000000003 0.19630872483221476 0.01679999999999998 0.03691275167785235
1 0.3876 0.1912751677852349 0.020000000000000018 0.04697986577181207
1 0.3972 0.24161073825503354 0.020000000000000018 0.043624161073825496
1 0.4324 0.3280201342281879 0.02479999999999999 0.04865771812080538
1 0.472 0.24664429530201343 0.020799999999999985 0.05369127516778527
1 0.4336 0.1912751677852349 0.017600000000000005 0.040268456375838924
1 0.4432 0.16023489932885904 0.016000000000000014 0.035234899328859065
1 0.45599999999999996 0.162751677852349 0.012799999999999978 0.03020134228187918
1 0.4792 0.17114093959731544 0.019199999999999995 0.040268456375838924
1 0.4948 0.2038590604026846 0.01679999999999998 0.04194630872483221
1 0.494 0.15184563758389263 0.015200000000000047 0.035234899328859065
1 0.518 0.16526845637583892 0.016799999999999926 0.04865771812080538
1 0.5496 0.21644295302013422 0.016000000000000014 0.040268456375838924
1 0.5276000000000001 0.15436241610738255 0.013599999999999945 0.040268456375838924
1 0.5528 0.13590604026845637 0.01440000000000008 0.03691275167785235
1 0.5611999999999999 0.16023489932885904 0.015199999999999991 0.04194630872483221
1 0.5771999999999999 0.13506711409395972 0.016800000000000037 0.035234899328859065
1 0.5984 0.125 0.016000000000000014 0.041946308724832224
1 0.608 0.15687919463087246 0.016000000000000014 0.03859060402684564
1 0.6012 0.18791946308724833 0.015199999999999991 0.040268456375838924
1 0.622 0.1971476510067114 0.016799999999999926 0.04194630872483221
1 0.6295999999999999 0.12835570469798657 0.015999999999999903 0.041946308724832224
1 0.652 0.1451342281879195 0.01760000000000006 0.03859060402684564
1 0.6636 0.1342281879194631 0.013599999999999945 0.03691275167785235
1 0.6888000000000001 0.1342281879194631 0.012800000000000034 0.03691275167785235
1 0.7076 0.15436241610738255 0.015199999999999991 0.040268456375838924
1 0.6888000000000001 0.16359060402684564 0.01759999999999995 0.04194630872483224
1 0.6556 0.1837248322147651 0.018399999999999972 0.03859060402684564
1 0.5751999999999999 0.33053691275167785 0.025599999999999956 0.05369127516778527
1 0.5984 0.386744966442953 0.027200000000000002 0.06879194630872482
1 0.61 0.2911073825503355 0.024799999999999933 0.05536912751677853
1 0.6608 0.25419463087248323 0.02080000000000004 0.0553691275167785
1 0.6952 0.21728187919463088 0.019199999999999995 0.04530201342281878
1 0.7288 0.2625838926174497 0.02079999999999993 0.05201342281879198
1 0.7412000000000001 0.2290268456375839 0.015199999999999991 0.04194630872483221
1 0.7452000000000001 0.18959731543624161 0.015199999999999991 0.040268456375838924
1 0.7208 0.39932885906040266 0.028799999999999937 0.0738255033557047
1 0.6579999999999999 0.3976510067114094 0.03280000000000005 0.06711409395973156
1 0.7916 0.44798657718120805 0.034399999999999986 0.09731543624161076
1 0.8715999999999999 0.48322147651006714 0.02959999999999996 0.08053691275167785
1 0.886 0.39681208053691275 0.02639999999999998 0.06543624161073824
1 0.8468 0.3733221476510067 0.024799999999999933 0.06208053691275167
1 0.8104 0.29697986577181207 0.02079999999999993 0.057046979865771785
1 0.752 0.28859060402684567 0.022399999999999975 0.05369127516778521
1 0.7964 0.24832214765100674 0.016799999999999926 0.05033557046979867
1 0.7772 0.20553691275167785 0.015200000000000102 0.03859060402684564
1 0.77 0.17953020134228187 0.013600000000000056 0.03020134228187918
1 0.8084 0.19211409395973156 0.016799999999999926 0.04194630872483221
1 0.8196 0.22567114093959734 0.020000000000000018 0.04530201342281878
1 0.8395999999999999 0.212248322147651 0.015199999999999991 0.03859060402684564
1 0.868 0.2273489932885906 0.012799999999999923 0.03859060402684564
1 0.8755999999999999 0.22399328859060402 0.010400000000000076 0.04194630872483221
1 0.8976 0.25838926174496646 0.012800000000000034 0.043624161073825524
1 0.8868 0.29278523489932884 0.015199999999999991 0.045302013422818754
1 0.8644000000000001 0.31543624161073824 0.019999999999999907 0.05369127516778521
1 0.9056 0.23406040268456377 0.016000000000000014 0.04194630872483224
1 0.928 0.2684563758389262 0.016000000000000014 0.046979865771812096
1 0.9464 0.24412751677852348 0.014399999999999968 0.045302013422818754
1 0.9216 0.3238255033557047 0.02080000000000004 0.06040268456375841
1 0.944 0.37919463087248323 0.022400000000000087 0.06711409395973156
1 0.9523999999999999 0.43456375838926176 0.021599999999999953 0.07046979865771813
1 0.9716 0.36325503355704697 0.016800000000000037 0.052013422818791955
1 0.968 0.3271812080536913 0.012800000000000034 0.03355704697986572
1 0.9736 0.3036912751677852 0.012800000000000034 0.03691275167785235
1 0.9812000000000001 0.2575503355704698 0.015199999999999991 0.04194630872483221
