1 0.2449392712550607 0.5656474820143885 0.19838056680161942 0.28956834532374104
1 0.27530364372469635 0.2473021582733813 0.10526315789473684 0.17805755395683456
1 0.4176788124156545 0.09532374100719425 0.06342780026990558 0.09352517985611511
1 0.48717948717948717 0.09352517985611511 0.053981106612685514 0.0935251798561151
1 0.5465587044534412 0.08183453237410071 0.04858299595141691 0.08453237410071943
1 0.558029689608637 0.1591726618705036 0.06072874493927127 0.09532374100719423
1 0.6079622132253711 0.28507194244604317 0.10661268556005399 0.17446043165467628
1 0.39541160593792174 0.03147482014388489 0.04858299595141702 0.05935251798561151
1 0.6821862348178138 0.03057553956834532 0.04723346828609987 0.05755395683453237
1 0.8076923076923077 0.03776978417266187 0.05263157894736836 0.06474820143884892
1 0.9230769230769231 0.02697841726618705 0.05128205128205121 0.050359712230215826
1 0.9001349527665317 0.4955035971223022 0.19973009446693657 0.32553956834532377
