1 0.02318718381112985 0.4409090909090909 0.029510961214165264 0.06060606060606061
1 0.23988195615514335 0.34393939393939393 0.01939291736930862 0.033333333333333326
1 0.265177065767285 0.3765151515151515 0.019392917369308593 0.043939393939393945
1 0.29637436762225966 0.3840909090909091 0.021079258010118063 0.040909090909090895
1 0.342327150084317 0.37196969696969695 0.028667790893760536 0.04696969696969694
1 0.2989038785834739 0.30757575757575756 0.017706576728499124 0.036363636363636376
1 0.37015177065767285 0.3378787878787879 0.016863406408094472 0.036363636363636376
1 0.3676222596964587 0.29848484848484846 0.016863406408094417 0.03939393939393937
1 0.39924114671163574 0.32499999999999996 0.01433389544688024 0.0378787878787879
1 0.4215851602023609 0.3386363636363636 0.02192242833052277 0.040909090909090895
1 0.42074198988195616 0.3007575757575758 0.015177065767284947 0.0318181818181818
1 0.407672849915683 0.26515151515151514 0.01433389544688024 0.027272727272727282
1 0.42074198988195616 0.2704545454545455 0.015177065767284947 0.03484848484848485
1 0.44477234401349075 0.24924242424242424 0.014333895446880296 0.02878787878787875
1 0.4612141652613828 0.2628787878787879 0.016863406408094417 0.03181818181818183
1 0.48355817875210794 0.30303030303030304 0.01602023608768971 0.036363636363636376
1 0.46458684654300164 0.3734848484848485 0.02192242833052277 0.046969696969696995
1 0.48524451939291735 0.2340909090909091 0.012647554806070826 0.025757575757575757
1 0.5252951096121417 0.26515151515151514 0.013490725126475533 0.030303030303030276
1 0.48650927487352447 0.271969696969697 0.02192242833052277 0.03484848484848485
1 0.5164418212478921 0.325 0.021079258010118007 0.046969696969696995
1 0.5387858347386172 0.27954545454545454 0.018549747048903886 0.043939393939393945
1 0.5526981450252951 0.25075757575757573 0.016020236087689765 0.0378787878787879
1 0.5362563237774031 0.25303030303030305 0.01180438448566612 0.036363636363636376
1 0.5754637436762227 0.22424242424242424 0.012647554806070826 0.027272727272727282
1 0.5881112984822934 0.23409090909090907 0.01433389544688024 0.02878787878787878
1 0.5927487352445193 0.22045454545454546 0.015177065767285058 0.025757575757575757
1 0.6209949409780775 0.2174242424242424 0.01433389544688024 0.02878787878787878
1 0.6323777403035413 0.20303030303030303 0.01180438448566612 0.033333333333333326
1 0.6184654300168634 0.24848484848484848 0.016020236087689765 0.03636363636363635
1 0.6049747048903878 0.24924242424242424 0.014333895446880351 0.02878787878787875
1 0.6011804384485666 0.26666666666666666 0.015177065767284947 0.033333333333333326
1 0.5847386172006745 0.28787878787878785 0.019392917369308593 0.04545454545454547
1 0.5535413153456998 0.35454545454545455 0.02613827993254647 0.054545454545454564
1 0.5645025295109612 0.4113636363636364 0.03288364249578413 0.05303030303030304
1 0.4776559865092749 0.4181818181818182 0.0295109612141653 0.05757575757575756
1 0.6125632377740303 0.45606060606060606 0.03288364249578413 0.0696969696969697
1 0.6214165261382799 0.32954545454545453 0.025295109612141653 0.040909090909090895
1 0.6327993254637436 0.3606060606060606 0.02613827993254636 0.05757575757575756
1 0.6462900505902192 0.2128787878787879 0.012647554806070826 0.02878787878787878
1 0.6606239460370995 0.22499999999999998 0.01770657672849918 0.03181818181818183
1 0.6795952782462058 0.20833333333333334 0.010118043844856595 0.025757575757575757
1 0.6930860033726813 0.22424242424242424 0.013490725126475644 0.033333333333333326
1 0.6559865092748736 0.24166666666666664 0.013490725126475533 0.02878787878787878
1 0.6981450252951096 0.26666666666666666 0.016863406408094472 0.033333333333333326
1 0.7196458684654301 0.22272727272727272 0.01433389544688024 0.030303030303030304
1 0.7255480607082632 0.25 0.012647554806070826 0.036363636363636376
1 0.6543001686340641 0.30833333333333335 0.0202360876897133 0.0378787878787879
1 0.6690556492411467 0.34545454545454546 0.019392917369308593 0.045454545454545414
1 0.6774873524451939 0.36818181818181817 0.02613827993254636 0.06363636363636366
1 0.709106239460371 0.3560606060606061 0.021922428330522825 0.048484848484848464
1 0.7019392917369309 0.32121212121212117 0.022765598650927532 0.04545454545454547
1 0.6606239460370995 0.46439393939393936 0.03794266441821248 0.07424242424242422
1 0.7280775716694772 0.4962121212121212 0.036256323777403066 0.08636363636363642
1 0.7567453625632379 0.40681818181818186 0.02613827993254636 0.05303030303030304
1 0.8056492411467117 0.4348484848484848 0.0295109612141653 0.05454545454545451
1 0.7681281618887015 0.24393939393939396 0.015177065767285058 0.030303030303030304
1 0.7799325463743676 0.22954545454545455 0.015177065767284947 0.02878787878787878
1 0.8035413153456998 0.2356060606060606 0.013490725126475533 0.03181818181818183
1 0.815345699831366 0.24166666666666667 0.015177065767284947 0.03484848484848485
1 0.8389544688026982 0.2636363636363636 0.016863406408094472 0.03636363636363635
1 0.8684654300168634 0.2537878787878788 0.015177065767284947 0.037878787878787845
1 0.75 0.2871212121212121 0.01770657672849918 0.03484848484848485
1 0.7752951096121417 0.27121212121212124 0.01770657672849918 0.03636363636363632
1 0.7984822934232715 0.28484848484848485 0.01686340640809436 0.039393939393939426
1 0.8456998313659359 0.3007575757575758 0.015177065767285058 0.03484848484848485
1 0.8397976391231028 0.33106060606060606 0.021922428330522714 0.040909090909090895
1 0.8360033726812817 0.3666666666666667 0.024451939291736946 0.04545454545454547
1 0.8781618887015177 0.3378787878787879 0.016020236087689765 0.039393939393939426
1 0.8891231028667791 0.37424242424242427 0.021079258010118007 0.06060606060606061
1 0.9034569983136593 0.3386363636363636 0.01770657672849918 0.043939393939393945
1 0.9068296795952783 0.31439393939393945 0.016020236087689765 0.03484848484848485
1 0.87858347386172 0.2833333333333333 0.016863406408094472 0.033333333333333326
1 0.8849072512647556 0.27424242424242423 0.012647554806070826 0.036363636363636376
1 0.8988195615514334 0.24848484848484848 0.01180438448566612 0.033333333333333326
1 0.9245362563237773 0.2856060606060606 0.01433389544688024 0.040909090909090895
1 0.9401349072512648 0.32272727272727275 0.015177065767285058 0.03939393939393937
1 0.9405564924114671 0.30757575757575756 0.016020236087689765 0.036363636363636376
1 0.9603709949409781 0.2681818181818182 0.01180438448566612 0.033333333333333326
1 0.9616357504215851 0.29848484848484846 0.01433389544688024 0.036363636363636376
1 0.9696458684654301 0.3727272727272727 0.018549747048903886 0.06060606060606061
1 0.9401349072512648 0.47424242424242424 0.028667790893760592 0.06060606060606055
1 0.8709949409780775 0.4856060606060606 0.028667790893760592 0.06212121212121219
1 0.8486509274873525 0.5409090909090909 0.031197301854974713 0.07575757575757569
1 0.9388701517706577 0.4553030303030303 0.024451939291736946 0.0378787878787879
