1 0.20933014354066987 0.5180806675938804 0.047049441786283897 0.07649513212795545
1 0.4274322169059011 0.26981919332406124 0.019138755980861233 0.04172461752433937
1 0.42703349282296654 0.21974965229485396 0.018341307814992047 0.04172461752433937
1 0.4553429027113237 0.23643949930458974 0.017543859649122806 0.036161335187760796
1 0.48604465709728867 0.31154381084840055 0.02472089314194581 0.05006954102920724
1 0.5442583732057416 0.3574408901251739 0.027910685805422664 0.047287899860917915
1 0.7288676236044658 0.18358831710709317 0.020733652312599715 0.050069541029207215
1 0.7488038277511961 0.16133518776077888 0.019138755980861233 0.03337969401947147
1 0.7220893141945773 0.14673157162726008 0.018341307814992103 0.02920723226703753
1 0.886762360446571 0.22183588317107095 0.01754385964912286 0.04867872044506258
