1 0.047499999999999994 0.34125 0.07166666666666666 0.10750000000000004
1 0.15 0.36 0.07333333333333335 0.11499999999999999
1 0.2275 0.41125 0.08500000000000002 0.13749999999999996
1 0.2475 0.33125 0.06500000000000003 0.09750000000000003
1 0.30666666666666664 0.53125 0.08666666666666667 0.15749999999999997
1 0.385 0.5475 0.09333333333333332 0.14000000000000007
1 0.41333333333333333 0.6425000000000001 0.1166666666666667 0.20499999999999996
1 0.5775 0.685 0.12166666666666659 0.2599999999999999
1 0.7558333333333334 0.6950000000000001 0.15833333333333333 0.30999999999999994
1 0.7833333333333333 0.3875 0.07666666666666666 0.15000000000000002
1 0.95 0.45125 0.08999999999999997 0.16249999999999998
