1 0.07500000000000001 0.6125 0.04166666666666667 0.07187500000000002
1 0.14218750000000002 0.61015625 0.03645833333333334 0.06718750000000007
1 0.18333333333333335 0.7359375 0.04583333333333331 0.07499999999999996
1 0.21197916666666666 0.6125 0.040624999999999994 0.07187500000000002
1 0.2453125 0.584375 0.03437500000000002 0.06562500000000004
1 0.2869791666666667 0.7093750000000001 0.04270833333333335 0.06874999999999998
1 0.28802083333333334 0.5984375 0.034375000000000044 0.06562499999999993
1 0.3338541666666667 0.646875 0.04062500000000002 0.07499999999999996
1 0.3375 0.56640625 0.033333333333333326 0.06718749999999996
1 0.36666666666666664 0.5703125 0.03125 0.0625
1 0.40260416666666665 0.58515625 0.036458333333333315 0.0703125
1 0.39479166666666665 0.7093750000000001 0.03958333333333336 0.06874999999999998
1 0.4322916666666667 0.5515625 0.033333333333333326 0.06562499999999993
1 0.46197916666666666 0.5796875 0.034375000000000044 0.06562500000000004
1 0.48125 0.54609375 0.03541666666666665 0.06718750000000007
1 0.53125 0.54140625 0.03750000000000009 0.0703125
1 0.5614583333333334 0.5984375 0.03541666666666676 0.07187500000000002
1 0.5244791666666666 0.71328125 0.04062500000000002 0.0859375
1 0.6020833333333333 0.70703125 0.04166666666666663 0.0703125
1 0.5989583333333334 0.5515625 0.03541666666666665 0.06562499999999993
1 0.6223958333333333 0.52734375 0.03229166666666672 0.051562499999999956
1 0.6359375 0.578125 0.038541666666666585 0.06875000000000009
1 0.675 0.534375 0.03749999999999998 0.07187500000000002
1 0.7020833333333334 0.5874999999999999 0.03749999999999998 0.06874999999999998
1 0.6963541666666666 0.6921875 0.038541666666666585 0.07500000000000007
1 0.7427083333333333 0.54375 0.03541666666666665 0.06562499999999993
1 0.775 0.596875 0.043749999999999956 0.078125
1 0.7869791666666667 0.6976562500000001 0.04062499999999991 0.07656249999999998
1 0.8036458333333334 0.52890625 0.04270833333333324 0.06406249999999997
1 0.8489583333333334 0.5445312499999999 0.039583333333333304 0.06093749999999998
1 0.8635416666666667 0.7015625 0.04791666666666661 0.08125000000000004
1 0.91875 0.5835937499999999 0.033333333333333326 0.06406250000000002
1 0.9588541666666667 0.55 0.04270833333333335 0.07500000000000007
