1 0.125 0.6020671834625323 0.10666666666666667 0.13953488372093026
1 0.09333333333333332 0.6886304909560723 0.05 0.09043927648578809
1 0.13833333333333334 0.45736434108527135 0.07 0.10852713178294576
1 0.25583333333333336 0.5749354005167958 0.12166666666666665 0.19896640826873385
1 0.22666666666666668 0.4728682170542636 0.05666666666666667 0.09819121447028423
1 0.2683333333333333 0.43540051679586567 0.07333333333333333 0.1162790697674419
1 0.3425 0.39405684754521964 0.09833333333333333 0.1472868217054264
1 0.4191666666666667 0.3049095607235142 0.08833333333333332 0.15503875968992245
1 0.4916666666666667 0.272609819121447 0.10333333333333333 0.1731266149870801
1 0.44333333333333336 0.5723514211886305 0.14333333333333337 0.2196382428940568
1 0.6583333333333333 0.5335917312661499 0.050000000000000044 0.07493540051679592
1 0.8316666666666667 0.45865633074935397 0.18666666666666676 0.3281653746770025
1 0.7308333333333333 0.5155038759689923 0.03833333333333333 0.08527131782945735
