1 0.0663296568627451 0.5551630434782608 0.05422794117647059 0.09402173913043477
1 0.1557904411764706 0.5736413043478261 0.04503676470588236 0.07663043478260867
1 0.10600490196078431 0.5070652173913044 0.04166666666666666 0.07173913043478258
1 0.0625 0.4548913043478261 0.035539215686274515 0.06413043478260871
1 0.015778186274509803 0.4934782608695652 0.0272671568627451 0.06413043478260871
1 0.04810049019607843 0.42309782608695656 0.03063725490196078 0.049456521739130455
1 0.02696078431372549 0.4019021739130435 0.02696078431372549 0.05706521739130438
1 0.009957107843137256 0.3611413043478261 0.019301470588235295 0.0516304347826087
1 0.012254901960784315 0.2847826086956522 0.010416666666666668 0.017391304347826098
1 0.01608455882352941 0.29891304347826086 0.012561274509803922 0.02608695652173909
1 0.03216911764705882 0.3019021739130435 0.011029411764705881 0.022282608695652184
1 0.043658088235294115 0.3105978260869565 0.01623774509803922 0.024456521739130432
1 0.057904411764705885 0.32581521739130437 0.019607843137254895 0.030978260869565177
1 0.09068627450980393 0.3551630434782609 0.02083333333333333 0.03206521739130436
1 0.12653186274509803 0.3605978260869565 0.021446078431372556 0.03858695652173916
1 0.15900735294117646 0.37717391304347825 0.020833333333333343 0.036956521739130443
1 0.18121936274509803 0.39266304347826086 0.023590686274509803 0.03858695652173916
1 0.2028186274509804 0.39456521739130435 0.015318627450980393 0.034782608695652195
1 0.2271752450980392 0.4252717391304348 0.023590686274509803 0.04402173913043478
1 0.2581188725490196 0.4266304347826087 0.022977941176470562 0.03913043478260869
1 0.3278186274509804 0.48288043478260867 0.030024509803921573 0.05815217391304345
1 0.37346813725490197 0.471195652173913 0.03492647058823528 0.06195652173913041
1 0.4013480392156863 0.475 0.030637254901960786 0.046739130434782616
1 0.4603247549019608 0.497554347826087 0.023590686274509776 0.0581521739130435
1 0.48897058823529416 0.5125 0.026348039215686347 0.047826086956521796
1 0.5176164215686274 0.5040760869565217 0.02787990196078438 0.0581521739130435
1 0.4745710784313726 0.46739130434782605 0.0202205882352941 0.03478260869565214
1 0.4987745098039216 0.4654891304347826 0.015318627450980449 0.040760869565217406
1 0.5265012254901961 0.47255434782608696 0.016850490196078427 0.03206521739130436
1 0.44025735294117646 0.44646739130434787 0.023897058823529438 0.034239130434782605
1 0.3984375 0.4260869565217391 0.02113970588235292 0.03804347826086957
1 0.37346813725490197 0.4125 0.019607843137254943 0.03804347826086957
1 0.3535539215686274 0.4032608695652174 0.02144607843137253 0.02717391304347827
1 0.3409926470588235 0.4440217391304348 0.017156862745098034 0.03913043478260869
1 0.3040747549019608 0.4524456521739131 0.02420343137254899 0.03967391304347828
1 0.3040747549019608 0.40951086956521743 0.01746323529411764 0.02989130434782611
1 0.2856924019607843 0.40706521739130436 0.016850490196078427 0.02717391304347827
1 0.6669730392156863 0.5372282608695653 0.03125 0.06032608695652175
1 0.7204350490196079 0.5138586956521739 0.027267156862745057 0.05054347826086958
1 0.7034313725490196 0.5119565217391304 0.016544117647058765 0.042391304347826064
1 0.7614889705882353 0.51875 0.022977941176470562 0.04293478260869571
1 0.7824754901960784 0.5114130434782609 0.01593137254901955 0.03804347826086962
1 0.7918198529411764 0.48913043478260876 0.012561274509803932 0.03586956521739132
1 0.8085171568627452 0.5230978260869565 0.02083333333333337 0.039673913043478226
1 0.8537071078431373 0.5342391304347827 0.018075980392156854 0.034782608695652084
1 0.8347120098039216 0.5144021739130434 0.016237745098039214 0.034239130434782605
1 0.9018075980392157 0.5160326086956522 0.01378676470588236 0.030978260869565233
1 0.9192708333333333 0.5119565217391304 0.012561274509803932 0.029347826086956574
1 0.9296875 0.501358695652174 0.011335784313725394 0.023369565217391364
1 0.9401041666666667 0.5206521739130434 0.01378676470588236 0.025000000000000022
1 0.9489889705882353 0.49592391304347827 0.013174019607843146 0.02010869565217388
1 0.9724264705882353 0.5206521739130434 0.01593137254901955 0.02934782608695652
1 0.06525735294117647 0.29891304347826086 0.010416666666666664 0.018478260869565222
1 0.042279411764705885 0.29021739130434787 0.015931372549019607 0.02065217391304347
1 0.07919730392156862 0.3222826086956522 0.017463235294117654 0.02826086956521734
1 0.10738357843137256 0.3293478260869565 0.01685049019607844 0.02717391304347827
1 0.13878676470588236 0.3353260869565217 0.011029411764705871 0.02717391304347827
1 0.12729779411764705 0.3252717391304348 0.013174019607843132 0.029891304347826053
1 0.14430147058823528 0.31875 0.011029411764705871 0.023369565217391308
1 0.17049632352941177 0.32119565217391305 0.011948529411764719 0.02608695652173909
1 0.19791666666666666 0.3421195652173913 0.015318627450980393 0.025543478260869557
1 0.1842830882352941 0.3358695652173913 0.013174019607843118 0.020652173913043526
1 0.2463235294117647 0.3760869565217391 0.017156862745098034 0.02934782608695652
1 0.23069852941176472 0.34945652173913044 0.011029411764705871 0.02065217391304347
1 0.2789522058823529 0.3679347826086956 0.013174019607843146 0.02065217391304347
1 0.2876838235294118 0.36141304347826086 0.014093137254901966 0.02717391304347827
1 0.2939644607843137 0.35380434782608694 0.011335784313725505 0.019565217391304346
1 0.2731311274509804 0.3453804347826087 0.01378676470588236 0.022282608695652184
1 0.25888480392156865 0.3635869565217391 0.01470588235294118 0.024999999999999967
1 0.24142156862745098 0.32418478260869565 0.01470588235294118 0.02010869565217388
1 0.5657169117647058 0.5138586956521739 0.023590686274509776 0.048369565217391275
1 0.6118259803921569 0.5201086956521739 0.023284313725490113 0.04673913043478256
1 0.6475183823529411 0.5209239130434782 0.016237745098039214 0.040760869565217406
1 0.6924019607843137 0.48125 0.020220588235294157 0.03749999999999998
1 0.6784620098039216 0.5040760869565217 0.016850490196078427 0.03750000000000003
1 0.6706495098039216 0.4771739130434782 0.01899509803921573 0.03152173913043482
1 0.6426164215686274 0.4796195652173913 0.01746323529411764 0.03532608695652173
1 0.6280637254901961 0.4779891304347826 0.014093137254902022 0.03315217391304348
1 0.6106004901960784 0.47744565217391305 0.020220588235294157 0.03315217391304348
1 0.5862438725490196 0.47798913043478264 0.016237745098039214 0.036413043478260854
1 0.5735294117647058 0.4834239130434783 0.019607843137254943 0.03967391304347828
1 0.5660232843137254 0.4567934782608696 0.01746323529411764 0.027717391304347805
1 0.5854779411764706 0.452445652173913 0.01593137254901955 0.025543478260869557
1 0.6092218137254901 0.44864130434782606 0.012561274509803932 0.023369565217391308
1 0.627297794117647 0.4459239130434782 0.015012254901960786 0.02989130434782611
1 0.6495098039215685 0.46657608695652175 0.012867647058823484 0.02989130434782611
1 0.6968443627450981 0.4557065217391304 0.013174019607843146 0.02880434782608693
1 0.7170649509803921 0.46304347826086956 0.015625 0.03260869565217395
1 0.7230392156862745 0.43831521739130436 0.011029411764705843 0.02119565217391306
1 0.7541360294117647 0.4730978260869565 0.014399509803921573 0.02989130434782611
1 0.7382046568627451 0.4676630434782609 0.010723039215686292 0.026630434782608736
1 0.767156862745098 0.4627717391304348 0.011029411764705954 0.024456521739130432
1 0.7789522058823529 0.4434782608695652 0.009497549019607865 0.02065217391304347
1 0.7902879901960784 0.4557065217391304 0.010723039215686292 0.024456521739130432
1 0.8610600490196079 0.5152173913043478 0.012561274509803932 0.02826086956521734
1 0.8670343137254901 0.4991847826086957 0.012867647058823484 0.024456521739130432
1 0.8785232843137255 0.49619565217391304 0.014399509803921573 0.02826086956521734
1 0.8511029411764706 0.47798913043478264 0.013480392156862697 0.025543478260869612
1 0.8184742647058822 0.48396739130434785 0.015012254901960786 0.030978260869565177
1 0.6478247549019608 0.4358695652173913 0.013174019607843146 0.02065217391304347
1 0.7064950980392157 0.4309782608695652 0.011642156862745057 0.017391304347826098
1 0.6962316176470589 0.4320652173913043 0.010110294117647078 0.017391304347826042
1 0.810202205882353 0.46657608695652175 0.011335784313725505 0.02119565217391306
1 0.8276654411764706 0.47798913043478264 0.008884803921568651 0.022282608695652184
1 0.7447916666666667 0.4964673913043478 0.015931372549019662 0.0320652173913043
1 0.44684436274509803 0.408695652173913 0.01746323529411764 0.03478260869565214
1 0.4586397058823529 0.44076086956521743 0.014093137254901966 0.028260869565217395
1 0.4814644607843137 0.4529891304347826 0.019914215686274495 0.03749999999999998
1 0.49463848039215685 0.4309782608695652 0.018688725490196123 0.03152173913043477
1 0.4875919117647059 0.41494565217391305 0.018075980392156854 0.030978260869565233
1 0.5321691176470589 0.4470108695652174 0.016544117647058765 0.027717391304347805
1 0.5427389705882353 0.4269021739130435 0.010723039215686292 0.02663043478260868
1 0.5571384803921569 0.43233695652173915 0.011948529411764719 0.02119565217391306
1 0.569546568627451 0.43043478260869567 0.011029411764705843 0.023913043478260843
1 0.5850183823529411 0.4298913043478261 0.013174019607843035 0.021739130434782594
1 0.585171568627451 0.4111413043478261 0.011029411764705843 0.017934782608695632
1 0.5978860294117647 0.40489130434782605 0.008884803921568651 0.02065217391304347
1 0.5877757352941176 0.3942934782608696 0.007046568627451011 0.016847826086956508
1 0.5799632352941176 0.3994565217391305 0.006127450980392135 0.018478260869565222
1 0.6283700980392157 0.4027173913043478 0.0085784313725491 0.011956521739130477
1 0.6435355392156863 0.41793478260869565 0.008272058823529438 0.018478260869565166
1 0.5655637254901961 0.41304347826086957 0.009803921568627416 0.020652173913043526
1 0.5620404411764706 0.3942934782608696 0.008884803921568651 0.020108695652173936
1 0.5474877450980392 0.41195652173913044 0.007965686274509887 0.016304347826086973
1 0.5217524509803921 0.4358695652173913 0.01593137254901955 0.02934782608695652
1 0.5136335784313726 0.4043478260869565 0.014399509803921573 0.021739130434782594
1 0.5191482843137254 0.3861413043478261 0.008884803921568651 0.017934782608695687
1 0.5081188725490196 0.3804347826086957 0.007659313725490224 0.014130434782608725
1 0.4762561274509804 0.4146739130434782 0.011335784313725505 0.026086956521739146
1 0.4678308823529412 0.39456521739130435 0.009803921568627416 0.020652173913043526
1 0.477328431372549 0.3826086956521739 0.006740196078431404 0.018478260869565222
1 0.4863664215686274 0.37717391304347825 0.007659313725490169 0.01521739130434785
1 0.4950980392156863 0.3861413043478261 0.007352941176470618 0.016847826086956508
1 0.4580269607843137 0.3448369565217391 0.008578431372549045 0.016847826086956563
1 0.44684436274509803 0.3853260869565217 0.010110294117647078 0.017391304347826042
1 0.45649509803921573 0.3934782608695652 0.009803921568627472 0.017391304347826098
1 0.42371323529411764 0.3798913043478261 0.009191176470588203 0.019565217391304346
1 0.43412990196078427 0.3869565217391304 0.012254901960784326 0.02282608695652172
1 0.42754289215686275 0.4152173913043478 0.011948529411764719 0.02717391304347827
1 0.413296568627451 0.4171195652173913 0.013480392156862753 0.029891304347826053
1 0.4139093137254902 0.3940217391304348 0.011029411764705899 0.02065217391304347
1 0.40303308823529416 0.37880434782608696 0.008884803921568596 0.018478260869565222
1 0.4091605392156863 0.36929347826086956 0.008884803921568596 0.015760869565217384
1 0.41559436274509803 0.36494565217391306 0.005821078431372584 0.017934782608695632
1 0.3874080882352941 0.3964673913043478 0.013174019607843146 0.029891304347826053
1 0.3786764705882353 0.37717391304347825 0.011642156862745112 0.019565217391304346
1 0.39399509803921573 0.3695652173913043 0.011642156862745112 0.02065217391304347
1 0.3694852941176471 0.3502717391304348 0.009803921568627472 0.013586956521739135
1 0.36412377450980393 0.3888586956521739 0.011948529411764719 0.027717391304347805
1 0.36090686274509803 0.36875 0.011642156862745057 0.023369565217391308
1 0.3439031862745098 0.3796195652173913 0.013786764705882304 0.017934782608695632
1 0.35263480392156865 0.36168478260869563 0.007965686274509831 0.020108695652173936
1 0.35370710784313725 0.34592391304347825 0.010110294117647078 0.020108695652173936
1 0.5317095588235294 0.40298913043478257 0.008272058823529438 0.017934782608695687
1 0.5459558823529411 0.39021739130434785 0.007352941176470673 0.016304347826086973
1 0.23069852941176472 0.39456521739130435 0.018995098039215702 0.034782608695652195
1 0.21461397058823528 0.3834239130434782 0.015625 0.034239130434782605
1 0.21951593137254902 0.3586956521739131 0.012561274509803932 0.023913043478260898
1 0.2233455882352941 0.3334239130434783 0.00919117647058823 0.019021739130434756
1 0.2080269607843137 0.3263586956521739 0.012867647058823511 0.023369565217391308
1 0.6629901960784313 0.4309782608695652 0.009803921568627416 0.021739130434782594
1 0.6755514705882353 0.4285326086956522 0.009803921568627416 0.02119565217391306
