1 0.3247269116186693 0.2168141592920354 0.01986097318768615 0.03716814159292037
1 0.3579940417080437 0.21061946902654866 0.018867924528301938 0.03893805309734513
1 0.3768619662363456 0.17522123893805308 0.02085402184707047 0.03893805309734513
1 0.4126117179741807 0.17256637168141592 0.018867924528301883 0.03362831858407081
1 0.4384309831181728 0.17876106194690267 0.018867924528301883 0.035398230088495575
1 0.46325719960278056 0.2079646017699115 0.022840119165839112 0.044247787610619455
1 0.4692154915590864 0.1654867256637168 0.02085402184707047 0.040707964601769925
1 0.4414101290963257 0.15486725663716816 0.01688182720953324 0.026548672566371695
1 0.4374379344587885 0.14778761061946905 0.014895729890764597 0.03362831858407081
1 0.47219463753723934 0.13539823008849558 0.014895729890764653 0.02654867256637168
1 0.5024826216484608 0.18584070796460178 0.017874875868917617 0.03893805309734513
1 0.4950347567030785 0.17079646017699116 0.016881827209533296 0.03362831858407078
1 0.49602780536246277 0.1415929203539823 0.014895729890764708 0.024778761061946902
1 0.49751737835153925 0.12654867256637167 0.011916583912611745 0.023008849557522124
1 0.5188679245283019 0.13805309734513274 0.014895729890764597 0.02831858407079646
1 0.5268123138033763 0.12477876106194691 0.014895729890764597 0.02654867256637168
1 0.5392254220456802 0.14690265486725665 0.01588877855014892 0.035398230088495575
1 0.5451837140019861 0.1929203539823009 0.01787487586891756 0.04247787610619469
1 0.5248262164846078 0.17256637168141592 0.01688182720953335 0.030088495575221225
1 0.5486593843098312 0.16991150442477876 0.018867924528301883 0.035398230088495575
1 0.5804369414101291 0.18141592920353983 0.01688182720953324 0.03716814159292037
1 0.570506454816286 0.1486725663716814 0.01688182720953324 0.035398230088495575
1 0.554617676266137 0.13628318584070798 0.012909632571996066 0.028318584070796474
1 0.5794438927507448 0.12123893805309735 0.014895729890764597 0.030088495575221252
1 0.5943396226415094 0.1398230088495575 0.014895729890764597 0.03185840707964602
1 0.6107249255213505 0.10442477876106195 0.013902681231380387 0.024778761061946902
1 0.6191658391261172 0.1672566371681416 0.018867924528301883 0.03716814159292037
1 0.6221449851042702 0.14424778761061946 0.014895729890764708 0.02300884955752211
1 0.6256206554121152 0.1256637168141593 0.013902681231380276 0.028318584070796474
1 0.5714995034756702 0.23539823008849559 0.0248262164846077 0.060176991150442505
1 0.6196623634558094 0.22123893805309736 0.021847070506454735 0.04601769911504425
1 0.6554121151936445 0.18938053097345134 0.01787487586891756 0.04247787610619469
1 0.6673286991062561 0.23628318584070795 0.021847070506454735 0.05132743362831857
1 0.6976166832174777 0.2424778761061947 0.0248262164846077 0.060176991150442505
1 0.6588877855014896 0.11327433628318584 0.012909632571996066 0.021238938053097345
1 0.6732869910625621 0.11150442477876107 0.011916583912611634 0.028318584070796474
1 0.653922542204568 0.1424778761061947 0.012909632571995955 0.026548672566371667
1 0.6648460774577954 0.13982300884955753 0.012909632571995955 0.02831858407079646
1 0.6822244289970208 0.14778761061946905 0.013902681231380276 0.02300884955752211
1 0.702085402184707 0.11946902654867257 0.013902681231380276 0.026548672566371695
1 0.7204568023833168 0.14778761061946905 0.01688182720953324 0.03362831858407081
1 0.7090367428003972 0.1929203539823009 0.01787487586891756 0.035398230088495575
1 0.6931479642502483 0.17876106194690267 0.01588877855014892 0.035398230088495575
1 0.733862959285005 0.1761061946902655 0.013902681231380387 0.03362831858407081
1 0.7388282025819265 0.14601769911504425 0.01588877855014892 0.03362831858407078
1 0.7581926514399205 0.13805309734513274 0.012909632571995955 0.02831858407079646
1 0.7740814299900696 0.18849557522123894 0.018867924528301994 0.04778761061946901
1 0.7780536246276067 0.14778761061946905 0.014895729890764597 0.030088495575221225
1 0.7899702085402185 0.16814159292035397 0.018867924528301883 0.03893805309734513
1 0.7944389275074479 0.13805309734513274 0.013902681231380387 0.03185840707964603
1 0.8068520357497517 0.1592920353982301 0.01688182720953324 0.035398230088495575
1 0.8232373386295928 0.13362831858407082 0.01588877855014903 0.03362831858407081
1 0.8232373386295928 0.18761061946902655 0.01787487586891756 0.04247787610619469
1 0.7999006951340616 0.2079646017699115 0.01688182720953324 0.040707964601769925
1 0.7601787487586892 0.3230088495575221 0.04071499503475673 0.0902654867256637
1 0.8535253227408143 0.20619469026548673 0.018867924528301883 0.0513274336283186
1 0.8530287984111221 0.14424778761061946 0.01787487586891756 0.03362831858407081
1 0.874875868917577 0.15575221238938053 0.01588877855014892 0.03185840707964602
1 0.8788480635551142 0.23097345132743363 0.01787487586891756 0.044247787610619455
1 0.8704071499503476 0.26902654867256637 0.020854021847070414 0.04955752212389383
1 0.9289970208540218 0.2584070796460177 0.018867924528301883 0.049557522123893805
1 0.9314796425024826 0.2150442477876106 0.021847070506454846 0.03716814159292034
1 0.9334657398212513 0.19026548672566373 0.01588877855014892 0.030088495575221225
1 0.9379344587884806 0.1654867256637168 0.012909632571996066 0.026548672566371695
1 0.9141012909632572 0.18141592920353983 0.01688182720953324 0.0407079646017699
