1 0.23965517241379308 0.6197674418604651 0.12068965517241378 0.15581395348837213
1 0.31551724137931036 0.5604651162790697 0.06551724137931031 0.09767441860465109
1 0.03879310344827587 0.5302325581395348 0.06724137931034484 0.09302325581395354
1 0.08103448275862069 0.4918604651162791 0.04482758620689655 0.07209302325581396
1 0.1439655172413793 0.46395348837209305 0.03620689655172413 0.053488372093023206
1 0.18189655172413793 0.45465116279069767 0.036206896551724155 0.0488372093023256
1 0.21293103448275863 0.48953488372093024 0.05344827586206896 0.07674418604651168
1 0.22586206896551725 0.4569767441860465 0.041379310344827586 0.04418604651162794
1 0.2879310344827586 0.4825581395348837 0.04137931034482761 0.06279069767441858
1 0.30689655172413793 0.45813953488372094 0.03103448275862064 0.04651162790697677
1 0.33879310344827585 0.4790697674418605 0.03275862068965518 0.037209302325581395
1 0.38706896551724135 0.5232558139534884 0.05344827586206896 0.08837209302325577
1 0.4181034482758621 0.5023255813953489 0.03275862068965513 0.05116279069767443
1 0.4560344827586207 0.5616279069767443 0.07413793103448274 0.10465116279069775
1 0.48017241379310344 0.49767441860465117 0.03965517241379313 0.06046511627906981
1 0.5120689655172413 0.5034883720930232 0.04137931034482761 0.053488372093023206
1 0.5310344827586206 0.47325581395348837 0.027586206896551668 0.0488372093023256
1 0.5810344827586207 0.49767441860465117 0.034482758620689724 0.06046511627906981
1 0.6068965517241379 0.47790697674418603 0.03103448275862064 0.05348837209302326
1 0.6258620689655172 0.38139534883720927 0.03448275862068961 0.05116279069767443
1 0.8586206896551725 0.49302325581395345 0.04482758620689664 0.06511627906976741
1 0.9732758620689655 0.5534883720930233 0.0431034482758621 0.08837209302325588
