1 0.060228452751817235 0.28598130841121494 0.0249221183800623 0.04859813084112152
1 0.29387331256490135 0.20747663551401868 0.012461059190031154 0.029906542056074764
1 0.3078920041536864 0.2130841121495327 0.01349948078920038 0.022429906542056066
1 0.32398753894080995 0.23271028037383176 0.01869158878504673 0.0392523364485981
1 0.328141225337487 0.1869158878504673 0.01661474558670817 0.029906542056074764
1 0.3520249221183801 0.18785046728971963 0.014537902388369661 0.03177570093457943
1 0.37227414330218067 0.19906542056074766 0.013499480789200435 0.028037383177570097
1 0.37071651090342683 0.22897196261682243 0.016614745586708224 0.03177570093457943
1 0.4049844236760125 0.23177570093457944 0.014537902388369661 0.029906542056074764
1 0.4143302180685358 0.24485981308411214 0.01661474558670817 0.04485981308411213
1 0.4117341640706127 0.19158878504672897 0.015576323987538887 0.028037383177570097
1 0.37850467289719625 0.1616822429906542 0.011422637590861873 0.02429906542056076
1 0.411214953271028 0.15420560747663553 0.012461059190031154 0.03177570093457946
1 0.42315680166147457 0.1485981308411215 0.009345794392523366 0.02429906542056076
1 0.43977154724818274 0.15327102803738318 0.015576323987538943 0.02616822429906543
1 0.43406022845275183 0.18411214953271027 0.014537902388369661 0.03925233644859813
1 0.44963655244029077 0.17570093457943925 0.014537902388369661 0.03364485981308413
1 0.45742471443406024 0.19813084112149532 0.015576323987538943 0.041121495327102825
1 0.4750778816199377 0.18411214953271027 0.015576323987538943 0.02803738317757007
1 0.49065420560747663 0.15514018691588785 0.015576323987538943 0.029906542056074792
1 0.48026998961578404 0.13925233644859814 0.011422637590861873 0.02429906542056076
1 0.4787123572170301 0.12242990654205607 0.012461059190031154 0.020560747663551412
1 0.4953271028037383 0.11869158878504672 0.010384215991692591 0.024299065420560734
1 0.5062305295950156 0.14205607476635512 0.011422637590861928 0.022429906542056094
1 0.5218068535825544 0.1691588785046729 0.015576323987538943 0.03551401869158877
1 0.5462097611630321 0.1485981308411215 0.01661474558670817 0.03177570093457943
1 0.5384215991692627 0.12710280373831775 0.011422637590861928 0.022429906542056066
1 0.5275181723779855 0.14299065420560747 0.012461059190031154 0.02429906542056076
1 0.5623052959501558 0.17943925233644858 0.017653167185877505 0.037383177570093434
1 0.583073727933541 0.1514018691588785 0.015576323987538943 0.0336448598130841
1 0.5768431983385254 0.13457943925233645 0.013499480789200491 0.02990654205607475
1 0.5602284527518172 0.11682242990654204 0.011422637590861928 0.028037383177570083
1 0.6022845275181724 0.14205607476635512 0.012461059190031154 0.02616822429906543
1 0.5919003115264798 0.12429906542056074 0.010384215991692591 0.024299065420560748
1 0.6235721703011423 0.13177570093457944 0.013499480789200491 0.028037383177570097
1 0.6360332294911735 0.11869158878504672 0.009345794392523366 0.024299065420560734
1 0.6246105919003115 0.10560747663551402 0.009345794392523366 0.0205607476635514
1 0.6417445482866044 0.10467289719626169 0.010384215991692591 0.02242990654205608
1 0.6022845275181724 0.11495327102803739 0.012461059190031154 0.0205607476635514
1 0.5924195223260644 0.2177570093457944 0.019730010384216068 0.03925233644859813
1 0.632398753894081 0.25514018691588786 0.020768431983385294 0.054205607476635526
1 0.6500519210799585 0.2327102803738318 0.01661474558670828 0.035514018691588795
1 0.6370716510903427 0.20373831775700935 0.015576323987538943 0.03738317757009346
1 0.6386292834890965 0.14953271028037385 0.012461059190031154 0.022429906542056094
1 0.6505711318795431 0.13457943925233645 0.01349948078920038 0.026168224299065415
1 0.67601246105919 0.11962616822429907 0.012461059190031154 0.02616822429906543
1 0.6858774662512981 0.102803738317757 0.011422637590861817 0.022429906542056066
1 0.7076843198338525 0.10560747663551402 0.011422637590861817 0.028037383177570097
1 0.691588785046729 0.31401869158878504 0.02699896157840087 0.05607476635514019
1 0.6874350986500519 0.2532710280373832 0.01869158878504673 0.04299065420560749
1 0.6635514018691588 0.17570093457943925 0.01661474558670817 0.029906542056074764
1 0.7159916926272066 0.18130841121495328 0.017653167185877505 0.03738317757009346
1 0.6973001038421599 0.17102803738317757 0.01349948078920038 0.028037383177570097
1 0.7388369678089304 0.15794392523364487 0.013499480789200491 0.03177570093457943
1 0.7331256490134994 0.1383177570093458 0.014537902388369717 0.029906542056074778
1 0.7596053997923157 0.19065420560747665 0.01349948078920038 0.03738317757009346
1 0.7336448598130841 0.22990654205607475 0.017653167185877505 0.0336448598130841
1 0.7585669781931463 0.34859813084112146 0.028037383177570097 0.061682242990654224
1 0.7907580477673937 0.2831775700934579 0.02180685358255452 0.05046728971962616
1 0.7653167185877466 0.24205607476635516 0.020768431983385183 0.04672897196261683
1 0.7907580477673937 0.19532710280373833 0.015576323987538943 0.03177570093457946
1 0.7912772585669783 0.1616822429906542 0.010384215991692591 0.028037383177570097
1 0.7710280373831776 0.11121495327102804 0.01349948078920038 0.028037383177570097
1 0.7980269989615785 0.12710280373831775 0.011422637590861817 0.026168224299065415
1 0.8213914849428868 0.12897196261682242 0.010384215991692702 0.02616822429906543
1 0.8286604361370716 0.1691588785046729 0.012461059190031154 0.03177570093457943
1 0.8156801661474559 0.197196261682243 0.01349948078920038 0.03177570093457943
1 0.8271028037383177 0.2457943925233645 0.017653167185877394 0.03925233644859816
1 0.838006230529595 0.21028037383177572 0.014537902388369606 0.03925233644859813
1 0.8556593977154725 0.2046728971962617 0.012461059190031154 0.03925233644859813
1 0.8624091381100727 0.16822429906542058 0.015576323987538943 0.0336448598130841
1 0.838006230529595 0.1467289719626168 0.012461059190031154 0.03177570093457946
1 0.85202492211838 0.12710280373831775 0.011422637590861817 0.026168224299065415
1 0.9231568016614746 0.3355140186915888 0.020768431983385294 0.05420560747663555
1 0.8894080996884735 0.22242990654205608 0.017653167185877394 0.04485981308411213
1 0.8977154724818277 0.20841121495327103 0.015576323987538943 0.03551401869158877
1 0.8743509865005192 0.16074766355140185 0.012461059190031154 0.029906542056074764
1 0.891484942886812 0.1691588785046729 0.01349948078920038 0.03177570093457943
1 0.9044652128764279 0.1616822429906542 0.010384215991692591 0.02429906542056076
1 0.9044652128764279 0.13738317757009344 0.010384215991692591 0.024299065420560734
1 0.9485981308411215 0.18785046728971963 0.009345794392523366 0.028037383177570097
1 0.9392523364485981 0.17289719626168223 0.009345794392523366 0.028037383177570097
1 0.9288681204569055 0.20093457943925233 0.011422637590861928 0.03177570093457943
1 0.9340602284527517 0.2457943925233645 0.015576323987538943 0.03925233644859816
1 0.9376947040498442 0.19532710280373833 0.012461059190031154 0.028037383177570097
