1 0.12720070422535212 0.528169014084507 0.12588028169014084 0.1901408450704225
1 0.2262323943661972 0.6320422535211268 0.17781690140845072 0.221830985915493
1 0.37588028169014087 0.7177230046948357 0.23239436619718307 0.3298122065727699
1 0.047975352112676055 0.4694835680751174 0.09419014084507042 0.17136150234741782
1 0.09727112676056338 0.41901408450704225 0.09066901408450705 0.11737089201877937
1 0.06734154929577464 0.36208920187793425 0.06249999999999999 0.08098591549295775
1 0.22887323943661972 0.36737089201877937 0.06866197183098594 0.08920187793427231
1 0.30545774647887325 0.3884976525821596 0.06161971830985913 0.10093896713615025
1 0.38600352112676056 0.43368544600938963 0.0765845070422535 0.10680751173708919
1 0.5272887323943662 0.4225352112676056 0.07218309859154931 0.12441314553990612
1 0.6650528169014085 0.4424882629107981 0.08890845070422537 0.12910798122065725
1 0.756161971830986 0.4800469483568075 0.11267605633802813 0.15258215962441318
1 0.7830105633802817 0.8620892018779343 0.27376760563380287 0.2640845070422535
1 0.9727112676056338 0.5428403755868545 0.05457746478873238 0.16079812206572763
