1 0.47 0.15660377358490568 0.07 0.14716981132075474
1 0.1825 0.5056603773584906 0.09 0.13584905660377355
1 0.04 0.47924528301886793 0.075 0.12075471698113205
1 0.019999999999999997 0.38113207547169814 0.034999999999999996 0.09056603773584909
1 0.16875 0.3547169811320755 0.037500000000000006 0.06037735849056608
1 0.19874999999999998 0.3716981132075472 0.037500000000000006 0.06415094339622646
1 0.24875000000000003 0.4188679245283019 0.05250000000000002 0.09056603773584909
1 0.25375000000000003 0.3471698113207547 0.03250000000000003 0.04528301886792452
1 0.30125 0.3433962264150943 0.03250000000000003 0.060377358490566024
1 0.33625 0.36603773584905663 0.04249999999999998 0.06037735849056608
1 0.35250000000000004 0.41509433962264153 0.04999999999999999 0.09056603773584909
1 0.36124999999999996 0.3320754716981132 0.027500000000000024 0.05283018867924527
1 0.37124999999999997 0.3132075471698113 0.02250000000000002 0.030188679245283012
1 0.53 0.5679245283018868 0.10500000000000004 0.19999999999999996
1 0.58625 0.47358490566037736 0.07250000000000001 0.13207547169811318
1 0.61625 0.4018867924528302 0.04749999999999999 0.09433962264150947
1 0.5862499999999999 0.33773584905660375 0.02749999999999997 0.05660377358490565
1 0.55625 0.3264150943396226 0.022499999999999964 0.0641509433962264
1 0.65875 0.36226415094339626 0.03749999999999998 0.08301886792452834
1 0.6950000000000001 0.33962264150943394 0.029999999999999916 0.060377358490566024
1 0.76875 0.5 0.08250000000000002 0.14716981132075468
1 0.81375 0.6584905660377358 0.11750000000000005 0.23773584905660383
1 0.765 0.41509433962264153 0.06000000000000005 0.07547169811320753
1 0.77875 0.3509433962264151 0.04250000000000009 0.06037735849056608
1 0.97875 0.36226415094339626 0.04249999999999998 0.07547169811320759
