1 0.4410399257195915 0.20182724252491696 0.016713091922005596 0.03820598006644518
1 0.4619312906220984 0.20930232558139536 0.02135561745589598 0.043189368770764125
1 0.6114206128133705 0.10382059800664452 0.013927576601671321 0.031561461794019946
1 0.6402042711234912 0.1362126245847176 0.013927576601671321 0.026578073089701004
1 0.6518105849582172 0.143687707641196 0.014856081708449431 0.028239202657807327
1 0.6722376973073352 0.11960132890365449 0.01299907149489321 0.02990033222591361
1 0.7548746518105849 0.143687707641196 0.014856081708449431 0.028239202657807327
1 0.7729805013927576 0.14451827242524917 0.013927576601671321 0.03322259136212624
1 0.8746518105849582 0.18604651162790697 0.012999071494893322 0.03986710963455148
1 0.8950789229340761 0.21262458471760798 0.016713091922005652 0.03986710963455148
1 0.893686165273909 0.2508305647840532 0.01578458681522754 0.04651162790697677
1 0.8282265552460539 0.2541528239202658 0.02042711234911787 0.05647840531561463
1 0.9243268337975858 0.24750830564784054 0.01764159702878365 0.0431893687707641
1 0.9428969359331476 0.19186046511627908 0.0120705663881151 0.034883720930232565
