1 0.81006006006006 0.499 0.022522522522522515 0.038000000000000034
1 0.7567567567567568 0.5640000000000001 0.02102102102102099 0.027999999999999914
1 0.7102102102102102 0.542 0.018018018018018056 0.028000000000000025
1 0.6764264264264264 0.587 0.028528528528528496 0.038000000000000034
1 0.6156156156156156 0.617 0.039039039039038936 0.050000000000000044
1 0.6201201201201201 0.589 0.024024024024024038 0.030000000000000027
1 0.6328828828828829 0.546 0.022522522522522515 0.02400000000000002
1 0.6013513513513513 0.558 0.022522522522522515 0.02399999999999991
1 0.5825825825825826 0.584 0.027027027027027084 0.03600000000000003
1 0.5683183183183182 0.5760000000000001 0.028528528528528496 0.03199999999999992
1 0.5322822822822824 0.581 0.028528528528528496 0.030000000000000027
1 0.545045045045045 0.562 0.027027027027026973 0.027999999999999914
1 0.5330330330330331 0.623 0.04504504504504503 0.05400000000000005
1 0.4804804804804805 0.592 0.036036036036036 0.040000000000000036
1 0.4864864864864865 0.565 0.030030030030030075 0.03799999999999992
1 0.4264264264264264 0.594 0.036036036036036 0.04400000000000004
1 0.45945945945945943 0.69 0.07207207207207206 0.06799999999999995
1 0.40315315315315314 0.556 0.019519519519519524 0.03599999999999992
1 0.31906906906906907 0.696 0.06156156156156156 0.09199999999999997
1 0.2702702702702703 0.7290000000000001 0.0780780780780781 0.10199999999999998
1 0.256006006006006 0.603 0.03453453453453453 0.050000000000000044
1 0.28378378378378377 0.583 0.02702702702702703 0.038000000000000034
1 0.3108108108108108 0.638 0.04504504504504503 0.06000000000000005
1 0.3348348348348348 0.607 0.04204204204204204 0.05400000000000005
1 0.13063063063063063 0.745 0.08108108108108109 0.1140000000000001
1 0.17267267267267267 0.688 0.05405405405405406 0.07999999999999996
1 0.20870870870870872 0.6559999999999999 0.04804804804804805 0.06799999999999995
1 0.16666666666666666 0.597 0.03903903903903905 0.050000000000000044
1 0.23573573573573575 0.565 0.030030030030030047 0.03799999999999992
1 0.09984984984984985 0.591 0.03153153153153153 0.04600000000000004
1 0.054804804804804805 0.603 0.03753753753753753 0.050000000000000044
1 0.056306306306306314 0.694 0.07657657657657659 0.11199999999999999
1 0.06231231231231231 0.868 0.11261261261261261 0.1399999999999999
