1 0.282015065913371 0.20286195286195285 0.012241054613935987 0.028619528619528628
1 0.353578154425612 0.14730639730639733 0.012241054613935931 0.028619528619528628
1 0.3695856873822976 0.19444444444444445 0.014124293785310715 0.03198653198653201
1 0.3625235404896422 0.2382154882154882 0.015065913370998107 0.03198653198653201
1 0.3667608286252354 0.2786195286195286 0.01412429378531077 0.03535353535353536
1 0.4086629001883239 0.27441077441077444 0.020715630885122405 0.04713804713804709
1 0.4096045197740113 0.1893939393939394 0.011299435028248594 0.0286195286195286
1 0.44774011299435024 0.18602693602693604 0.014124293785310715 0.03535353535353533
1 0.4585687382297552 0.23063973063973064 0.01694915254237289 0.040404040404040414
1 0.4661016949152542 0.19276094276094274 0.015065913370998107 0.03872053872053874
1 0.4849340866290019 0.2297979797979798 0.01883239171374762 0.04208754208754212
1 0.4891713747645951 0.1994949494949495 0.01789077212806023 0.03872053872053871
1 0.4891713747645951 0.3063973063973064 0.025423728813559365 0.047138047138047146
1 0.6049905838041432 0.26262626262626265 0.02354048964218458 0.057239057239057256
1 0.5767419962335216 0.13720538720538722 0.010357815442561202 0.028619528619528628
1 0.7109227871939736 0.1893939393939394 0.016949152542372836 0.04208754208754209
1 0.7504708097928436 0.24579124579124578 0.022598870056497078 0.043771043771043766
