1 0.21987641606591143 0.35951940850277264 0.03810504634397527 0.08687615526802217
1 0.17507723995880536 0.20887245841035118 0.018537590113285263 0.04066543438077633
1 0.3681771369721936 0.21072088724584104 0.03810504634397527 0.059149722735674676
1 0.41400617919670446 0.18946395563770796 0.02265705458290418 0.06469500924214419
1 0.6307929969104016 0.21534195933456562 0.025746652935118353 0.03512014787430684
1 0.4392378990731205 0.14417744916820702 0.013388259526261548 0.022181146025878007
1 0.46240988671472705 0.1414048059149723 0.014418125643666346 0.024029574861367836
1 0.48918640576725025 0.14048059149722736 0.012358393408856805 0.025878003696857665
1 0.5205973223480947 0.12846580406654343 0.01750772399588052 0.02772643253234751
1 0.451081359423275 0.17190388170055454 0.01441812564366629 0.022181146025878007
1 0.49536560247167866 0.19685767097966728 0.01441812564366629 0.027726432532347495
1 0.47940267765190525 0.1922365988909427 0.01750772399588052 0.029574861367837352
1 0.719361483007209 0.19870609981515713 0.015447991761071034 0.042513863216266184
1 0.6987641606591143 0.17467652495378927 0.015447991761071034 0.03512014787430684
1 0.6390319258496395 0.12292051756007394 0.013388259526261548 0.02772643253234751
1 0.654994850669413 0.12846580406654343 0.012358393408856916 0.035120147874306826
1 0.7270854788877446 0.15434380776340112 0.010298661174047319 0.027726432532347495
1 0.7378990731204943 0.18391866913123844 0.019567456230690006 0.027726432532347522
1 0.7744593202883625 0.1487985212569316 0.014418125643666402 0.027726432532347522
1 0.811534500514933 0.14417744916820702 0.01441812564366629 0.03327171903881701
1 0.790422245108136 0.18299445471349352 0.013388259526261548 0.03696857670979667
1 0.8274974253347065 0.18207024029574861 0.015447991761071034 0.027726432532347522
1 0.8089598352214212 0.17744916820702403 0.01750772399588052 0.029574861367837324
1 0.868692070030896 0.2911275415896488 0.01750772399588052 0.046210720887245815
1 0.9320288362512874 0.23844731977818856 0.016477857878475777 0.03327171903881701
1 0.8995880535530381 0.1709796672828096 0.013388259526261659 0.03142329020332718
1 0.9346035015447992 0.19038817005545286 0.013388259526261548 0.029574861367837324
1 0.9752832131822864 0.18207024029574861 0.018537590113285263 0.04251386321626616
