1 0.7081818181818182 0.2629032258064516 0.06727272727272726 0.1129032258064516
1 0.62 0.2532258064516129 0.05818181818181811 0.13870967741935483
1 0.5409090909090909 0.29838709677419356 0.049090909090909074 0.11935483870967745
1 0.48727272727272725 0.30483870967741933 0.043636363636363584 0.08709677419354839
1 0.46545454545454545 0.3661290322580645 0.06181818181818177 0.12580645161290321
1 0.4036363636363636 0.3354838709677419 0.047272727272727244 0.11612903225806454
1 0.34090909090909094 0.28225806451612906 0.07818181818181819 0.14516129032258066
1 0.24363636363636365 0.282258064516129 0.06545454545454546 0.13225806451612904
1 0.19636363636363635 0.29516129032258065 0.05090909090909093 0.11935483870967745
1 0.08818181818181818 0.3419354838709677 0.08909090909090908 0.15483870967741936
1 0.06909090909090909 0.26129032258064516 0.06909090909090909 0.11612903225806451
