1 0.2003154574132492 0.4007042253521127 0.039432176656151424 0.08028169014084507
1 0.26774447949526814 0.27112676056338025 0.016561514195583604 0.03521126760563381
1 0.29219242902208203 0.25 0.014984227129337557 0.035211267605633784
1 0.3099369085173501 0.2204225352112676 0.012618296529968431 0.03239436619718308
1 0.33241324921135645 0.21619718309859154 0.01813880126182965 0.03239436619718308
1 0.32373817034700314 0.2788732394366197 0.021293375394321745 0.04225352112676056
1 0.3907728706624606 0.24859154929577465 0.019716088328075698 0.040845070422535185
1 0.41561514195583593 0.2577464788732394 0.020504731861198777 0.03943661971830989
1 0.39037854889589907 0.18661971830985916 0.014195583596214534 0.03239436619718311
1 0.40063091482649843 0.17535211267605633 0.014195583596214534 0.03239436619718308
1 0.4246845425867508 0.16126760563380282 0.01813880126182965 0.04084507042253521
1 0.42665615141955837 0.19507042253521126 0.018927444794952675 0.04084507042253521
1 0.4436119873817035 0.15704225352112677 0.013406940063091455 0.03239436619718308
1 0.46490536277602523 0.1563380281690141 0.014984227129337557 0.036619718309859134
1 0.443217665615142 0.22816901408450704 0.018927444794952675 0.03380281690140846
1 0.48974763406940064 0.1267605633802817 0.012618296529968487 0.028169014084507046
1 0.4964511041009464 0.1880281690140845 0.013406940063091455 0.03239436619718311
1 0.47791798107255523 0.2084507042253521 0.022082018927444824 0.04225352112676056
1 0.5078864353312302 0.12816901408450704 0.01104100946372244 0.022535211267605645
1 0.5500788643533123 0.15281690140845072 0.01813880126182965 0.029577464788732383
1 0.5792586750788644 0.14507042253521127 0.01813880126182965 0.03661971830985916
1 0.5899053627760252 0.10352112676056338 0.01577287066246047 0.029577464788732383
1 0.6470820189274449 0.10845070422535211 0.01340694006309151 0.028169014084507046
1 0.623422712933754 0.12746478873239436 0.01813880126182965 0.023943661971830996
1 0.5347003154574133 0.18943661971830986 0.02208201892744488 0.03802816901408451
1 0.487776025236593 0.30281690140845074 0.0212933753943218 0.03943661971830986
1 0.5347003154574133 0.3035211267605634 0.02681388012618302 0.04647887323943661
1 0.5694006309148265 0.24295774647887325 0.017350157728706628 0.038028169014084484
1 0.6190851735015772 0.20140845070422536 0.025236593059936863 0.04507042253521126
1 0.6620662460567823 0.11619718309859155 0.0134069400630914 0.029577464788732383
1 0.6470820189274449 0.16549295774647887 0.01813880126182965 0.03521126760563381
1 0.6474763406940063 0.2063380281690141 0.02208201892744477 0.04647887323943661
1 0.6293375394321767 0.25 0.023659305993690816 0.04929577464788734
1 0.6533911671924291 0.26267605633802815 0.022870662460567792 0.04366197183098591
1 0.6821766561514195 0.3098591549295775 0.028391167192429068 0.059154929577464765
1 0.6821766561514195 0.16126760563380282 0.014195583596214534 0.026760563380281682
1 0.6880914826498423 0.1943661971830986 0.021293375394321745 0.030985915492957733
1 0.7105678233438486 0.15492957746478872 0.01577287066246058 0.03943661971830986
1 0.7452681388012619 0.14507042253521127 0.017350157728706628 0.03943661971830986
1 0.7594637223974763 0.1267605633802817 0.02050473186119872 0.03380281690140845
1 0.7417192429022081 0.1823943661971831 0.019716088328075698 0.03239436619718311
1 0.7062302839116719 0.21267605633802816 0.016561514195583604 0.04225352112676056
1 0.7066246056782335 0.28591549295774643 0.02050473186119872 0.050704225352112664
1 0.7432965299684542 0.21830985915492956 0.019716088328075698 0.036619718309859134
1 0.7689274447949527 0.34507042253521125 0.02681388012618302 0.06478873239436617
1 0.78903785488959 0.14084507042253522 0.01340694006309151 0.03098591549295776
1 0.7779968454258674 0.16901408450704225 0.011829652996845463 0.03661971830985916
1 0.7748422712933754 0.2140845070422535 0.02444794952681384 0.04507042253521126
1 0.8075709779179812 0.22464788732394367 0.02208201892744477 0.052112676056338014
1 0.7929810725552051 0.2669014084507042 0.021293375394321745 0.049295774647887314
1 0.7969242902208202 0.17464788732394365 0.014984227129337557 0.030985915492957733
1 0.8264984227129337 0.1352112676056338 0.012618296529968487 0.03380281690140845
1 0.8631703470031546 0.14507042253521127 0.01340694006309151 0.03380281690140846
1 0.8797318611987381 0.19154929577464788 0.01340694006309151 0.03380281690140846
1 0.8320189274447949 0.19507042253521129 0.017350157728706628 0.035211267605633784
1 0.8537066246056781 0.25422535211267605 0.021293375394321745 0.05774647887323944
1 0.8387223974763407 0.3211267605633803 0.021293375394321856 0.03943661971830986
1 0.9077287066246056 0.2605633802816901 0.02050473186119872 0.05352112676056339
1 0.8746056782334385 0.23450704225352112 0.020504731861198833 0.049295774647887314
1 0.5780757097791798 0.17464788732394365 0.02050473186119872 0.03380281690140843
1 0.6281545741324921 0.1443661971830986 0.014984227129337557 0.03239436619718311
