1 0.07149853085210578 0.29391304347826086 0.025465230166503428 0.038260869565217404
1 0.341332027424094 0.2234782608695652 0.0186092066601371 0.03304347826086956
1 0.346718903036239 0.1826086956521739 0.019588638589618013 0.034782608695652195
1 0.4157688540646425 0.20608695652173914 0.018609206660137156 0.03304347826086956
1 0.4476003917727718 0.21652173913043476 0.019588638589618013 0.0365217391304348
1 0.4838393731635651 0.22 0.019588638589618013 0.03304347826086956
1 0.5215475024485798 0.27217391304347827 0.026444662095984395 0.04347826086956519
1 0.5558276199804113 0.3017391304347826 0.02448579823702246 0.05739130434782608
1 0.6018609206660137 0.3034782608695652 0.03428011753183147 0.0643478260869565
1 0.5734573947110676 0.24173913043478262 0.014691478942213454 0.04173913043478261
1 0.42066601371204704 0.17739130434782607 0.016650342801175333 0.02782608695652175
1 0.42801175318315376 0.15391304347826085 0.01567091087169442 0.02260869565217391
1 0.44906953966699314 0.1808695652173913 0.014691478942213565 0.027826086956521723
1 0.4701273261508325 0.19217391304347825 0.01762977473065619 0.029565217391304355
1 0.48824681684622917 0.14608695652173914 0.012732615083251686 0.02782608695652175
1 0.5024485798237023 0.14956521739130435 0.013712047012732598 0.027826086956521723
1 0.5019588638589618 0.12521739130434784 0.012732615083251686 0.02434782608695653
1 0.5367286973555339 0.1565217391304348 0.01175318315377083 0.020869565217391306
1 0.5259549461312438 0.12260869565217392 0.01175318315377083 0.026086956521739146
1 0.5421155729676788 0.12782608695652173 0.014691478942213454 0.026086956521739132
1 0.539177277179236 0.18869565217391304 0.0186092066601371 0.03304347826086956
1 0.5636630754162586 0.16956521739130434 0.0186092066601371 0.029565217391304355
1 0.5881488736532812 0.17304347826086958 0.01665034280117539 0.029565217391304327
1 0.5886385896180215 0.11217391304347826 0.013712047012732653 0.02260869565217391
1 0.6807051909892263 0.3234782608695652 0.025465230166503372 0.05913043478260871
1 0.7536728697355534 0.33304347826086955 0.016650342801175277 0.05391304347826087
1 0.8349657198824681 0.3669565217391304 0.026444662095984395 0.048695652173913084
1 0.8491674828599413 0.30695652173913046 0.02350636630754166 0.0469565217391304
1 0.9123408423114594 0.33913043478260874 0.01665034280117539 0.04521739130434782
1 0.8682664054848188 0.26956521739130435 0.020568070519098924 0.03826086956521735
1 0.7952987267384917 0.28695652173913044 0.019588638589618013 0.04173913043478261
1 0.7198824681684624 0.2391304347826087 0.02350636630754155 0.03652173913043477
1 0.6660137120470128 0.2173913043478261 0.01762977473065619 0.03478260869565217
1 0.6302644466209598 0.20521739130434782 0.0186092066601371 0.034782608695652195
1 0.5950048971596473 0.1426086956521739 0.012732615083251742 0.024347826086956514
1 0.6052889324191968 0.12173913043478261 0.009794319294809006 0.03130434782608696
1 0.6180215475024486 0.13391304347826088 0.009794319294809006 0.02782608695652175
1 0.638099902056807 0.14956521739130435 0.010773751224289918 0.027826086956521723
1 0.6341821743388834 0.10521739130434782 0.010773751224289918 0.019130434782608688
1 0.6571988246816847 0.10695652173913042 0.009794319294809006 0.01565217391304348
1 0.677277179236043 0.12695652173913044 0.012732615083251742 0.02434782608695653
1 0.6875612144955925 0.11043478260869566 0.01175318315377083 0.019130434782608688
1 0.7056807051909892 0.1217391304347826 0.010773751224289918 0.017391304347826084
1 0.7228207639569051 0.14608695652173914 0.01175318315377083 0.020869565217391306
1 0.7027424094025465 0.1991304347826087 0.016650342801175277 0.029565217391304355
1 0.7428991185112634 0.17478260869565218 0.012732615083251742 0.029565217391304355
1 0.7487757100881489 0.12695652173913044 0.012732615083251742 0.020869565217391306
1 0.7732615083251715 0.18521739130434783 0.010773751224289918 0.02608695652173912
1 0.786973555337904 0.18956521739130433 0.014691478942213454 0.03478260869565217
1 0.796767874632713 0.16695652173913045 0.01273261508325163 0.020869565217391278
1 0.7786483839373164 0.1408695652173913 0.013712047012732653 0.020869565217391306
1 0.8437806072477962 0.1565217391304348 0.014691478942213565 0.020869565217391306
1 0.8721841332027425 0.17043478260869566 0.012732615083251742 0.03478260869565217
1 0.9084231145935358 0.17391304347826086 0.014691478942213454 0.03478260869565217
1 0.8961802154750245 0.18608695652173912 0.01175318315377083 0.020869565217391306
1 0.8873653281096964 0.2043478260869565 0.015670910871694366 0.03304347826086959
1 0.846718903036239 0.18695652173913044 0.014691478942213454 0.03304347826086956
1 0.8374142997061704 0.21391304347826084 0.015670910871694366 0.03130434782608696
1 0.8095004897159648 0.1965217391304348 0.014691478942213565 0.03130434782608696
1 0.9260528893241919 0.24434782608695654 0.014691478942213565 0.0365217391304348
1 0.941234084231146 0.20782608695652174 0.015670910871694366 0.029565217391304355
1 0.9397649363369246 0.17652173913043478 0.014691478942213454 0.029565217391304355
