1 0.07198748043818466 0.5081135902636917 0.06885758998435054 0.10750507099391482
1 0.07824726134585289 0.3772819472616633 0.03755868544600939 0.052738336713995915
1 0.12206572769953053 0.38539553752535494 0.03755868544600939 0.056795131845841784
1 0.16118935837245696 0.3945233265720081 0.031298904538341166 0.04259634888438135
1 0.16666666666666666 0.3529411764705882 0.02660406885758998 0.04056795131845842
1 0.20109546165884196 0.37119675456389456 0.026604068857590008 0.03651115618661255
1 0.22300469483568075 0.4158215010141988 0.04225352112676056 0.056795131845841784
1 0.20031298904538342 0.48377281947261663 0.05633802816901409 0.07099391480730222
1 0.19170579029733958 0.6531440162271805 0.09859154929577466 0.15010141987829617
1 0.27856025039123633 0.537525354969574 0.06572769953051644 0.11764705882352938
1 0.3223787167449139 0.4969574036511156 0.04694835680751175 0.0851926977687627
1 0.2996870109546166 0.43103448275862066 0.029733959311424085 0.046653144016227166
1 0.3262910798122066 0.4077079107505071 0.02660406885758998 0.04462474645030423
1 0.3161189358372457 0.3752535496957403 0.021909233176838794 0.04056795131845842
1 0.2809076682316119 0.32150101419878296 0.020344287949921713 0.03448275862068961
1 0.25039123630672927 0.32454361054766734 0.02190923317683882 0.04056795131845842
1 0.37480438184663534 0.41987829614604466 0.02347417840375582 0.03651115618661255
1 0.37871674491392804 0.49492900608519275 0.03442879499217527 0.06490872210953352
1 0.4076682316118936 0.460446247464503 0.026604068857590035 0.03651115618661255
1 0.4139280125195618 0.41784989858012167 0.023474178403755874 0.03651115618661255
1 0.4538341158059468 0.45740365111561865 0.028169014084507005 0.046653144016227166
1 0.4647887323943662 0.41683569979716023 0.021909233176838794 0.03853955375253548
1 0.47730829420970267 0.3762677484787018 0.01877934272300469 0.03448275862068967
1 0.5039123630672926 0.4036511156186613 0.025039123630672955 0.04462474645030429
1 0.4397496087636933 0.5446247464503042 0.06259780907668233 0.10750507099391482
1 0.5125195618153364 0.6217038539553752 0.0860719874804382 0.1480730223123733
1 0.4859154929577465 0.5040567951318458 0.04851330203442883 0.08722109533468558
1 0.5219092331768388 0.4888438133874239 0.04538341158059467 0.07302231237322515
1 0.5579029733959311 0.4006085192697769 0.026604068857590035 0.050709939148073035
1 0.5876369327073552 0.40060851926977686 0.023474178403755874 0.03853955375253548
1 0.6298904538341158 0.46855983772819476 0.026604068857589924 0.04056795131845842
1 0.6314553990610329 0.4148073022312373 0.020344287949921824 0.03448275862068967
1 0.6502347417840375 0.3945233265720081 0.023474178403755874 0.04259634888438135
1 0.6799687010954616 0.41683569979716023 0.020344287949921713 0.03853955375253548
1 0.6658841940532081 0.4766734279918864 0.026604068857590035 0.04462474645030429
1 0.6885758998435054 0.4787018255578093 0.025039123630672955 0.0486815415821501
1 0.7034428794992176 0.4432048681541582 0.023474178403755874 0.04259634888438135
1 0.7128325508607198 0.41683569979716023 0.020344287949921713 0.03853955375253548
1 0.6995305164319249 0.3772819472616633 0.021909233176838905 0.032454361054766734
1 0.7480438184663537 0.4239350912778904 0.028169014084507005 0.04056795131845842
1 0.7527386541471048 0.4645030425963489 0.025039123630672955 0.04056795131845842
1 0.7245696400625978 0.4929006085192698 0.03755868544600938 0.06896551724137934
1 0.7824726134585289 0.511156186612576 0.04068857589984354 0.0730223123732251
1 0.8333333333333334 0.513184584178499 0.04851330203442883 0.09330628803245439
1 0.8904538341158059 0.5862068965517242 0.06885758998435054 0.11359026369168357
1 0.86697965571205 0.49492900608519275 0.031298904538341166 0.056795131845841784
1 0.9045383411580594 0.49594320486815413 0.031298904538341166 0.05882352941176466
1 0.9553990610328638 0.5121703853955375 0.05477308294209704 0.09533468559837732
1 0.9303599374021909 0.40365111561866124 0.029733959311424085 0.0486815415821501
1 0.8591549295774648 0.4290060851926978 0.031298904538341166 0.046653144016227166
1 0.8028169014084507 0.39858012170385393 0.025039123630672955 0.03853955375253554
