1 0.3771676300578035 0.21890971039182283 0.018304431599229287 0.03236797274275979
1 0.4585741811175337 0.2223168654173765 0.017341040462427737 0.03577512776831346
1 0.5414258188824663 0.13202725724020442 0.011560693641618491 0.018739352640545145
1 0.5500963391136802 0.13713798977853492 0.011560693641618491 0.02896081771720614
1 0.48362235067437376 0.31942078364565585 0.026974951830443128 0.04940374787052809
1 0.6059730250481695 0.2708688245315162 0.023121387283236983 0.05110732538330495
1 0.7803468208092486 0.2768313458262351 0.023121387283236983 0.05621805792163545
1 0.8280346820809248 0.2955706984667802 0.027938342967244734 0.05962521294718909
1 0.9007707129094413 0.14906303236797275 0.011560693641618491 0.025553662691652462
1 0.9137764932562621 0.15332197614991483 0.010597302504816941 0.03066439522998296
