1 0.29945945945945945 0.18446601941747573 0.015135135135135092 0.031067961165048563
1 0.4118918918918919 0.20873786407766992 0.012972972972972951 0.029126213592233025
1 0.4464864864864865 0.23106796116504852 0.017297297297297287 0.03495145631067961
1 0.44432432432432434 0.18155339805825244 0.015135135135135147 0.033009708737864074
1 0.4610810810810811 0.13495145631067962 0.009729729729729741 0.025242718446601933
1 0.48108108108108105 0.170873786407767 0.015135135135135147 0.031067961165048563
1 0.4589189189189189 0.20097087378640777 0.011891891891891937 0.029126213592232997
1 0.5475675675675675 0.16699029126213594 0.011891891891891881 0.027184466019417458
1 0.5594594594594595 0.19029126213592235 0.01621621621621616 0.031067961165048535
1 0.6324324324324324 0.1203883495145631 0.012972972972972951 0.031067961165048535
1 0.625945945945946 0.26019417475728157 0.01945945945945937 0.03883495145631069
1 0.6275675675675676 0.2145631067961165 0.01621621621621616 0.04077669902912623
1 0.6702702702702703 0.21941747572815534 0.01729729729729723 0.03883495145631066
1 0.6756756756756757 0.17572815533980582 0.012972972972972951 0.033009708737864074
1 0.6383783783783783 0.33689320388349514 0.031351351351351364 0.05242718446601946
1 0.6756756756756757 0.2912621359223301 0.019459459459459483 0.04271844660194174
1 0.7313513513513513 0.2300970873786408 0.022702702702702693 0.04077669902912623
1 0.8243243243243243 0.25922330097087376 0.018378378378378413 0.036893203883495124
1 0.8567567567567568 0.2563106796116505 0.018378378378378413 0.05436893203883497
1 0.8243243243243243 0.38737864077669903 0.044324324324324316 0.11844660194174761
1 0.932972972972973 0.2407766990291262 0.015135135135135203 0.04271844660194174
