1 0.0975609756097561 0.4121004566210046 0.03658536585365854 0.061643835616438325
1 0.12271341463414634 0.4292237442922374 0.04115853658536585 0.0684931506849315
1 0.18064024390243905 0.4121004566210046 0.03201219512195122 0.05707762557077628
1 0.21875 0.4143835616438356 0.038109756097560954 0.07077625570776258
1 0.2576219512195122 0.4143835616438356 0.030487804878048808 0.05251141552511418
1 0.29496951219512196 0.45319634703196343 0.038109756097560954 0.061643835616438325
1 0.30106707317073167 0.4098173515981735 0.03201219512195125 0.04337899543378998
1 0.2545731707317073 0.5833333333333333 0.0426829268292683 0.07534246575342463
1 0.3460365853658537 0.6073059360730594 0.036585365853658514 0.05936073059360725
1 0.35518292682926833 0.4269406392694064 0.03353658536585363 0.0593607305936073
1 0.40091463414634143 0.4417808219178082 0.036585365853658514 0.06621004566210043
1 0.4245426829268293 0.5696347031963471 0.028963414634146367 0.05251141552511418
1 0.4725609756097561 0.5924657534246576 0.03353658536585363 0.06164383561643838
1 0.45884146341463417 0.3995433789954338 0.02743902439024387 0.0547945205479452
1 0.5099085365853658 0.43150684931506844 0.03201219512195119 0.0593607305936073
1 0.5365853658536586 0.3938356164383562 0.03353658536585369 0.04794520547945208
1 0.5182926829268293 0.6141552511415524 0.03658536585365857 0.0639269406392694
1 0.5846036585365854 0.6118721461187215 0.03201219512195119 0.0639269406392694
1 0.5967987804878049 0.4132420091324201 0.038109756097560954 0.0547945205479452
1 0.6455792682926829 0.4212328767123288 0.03506097560975607 0.07077625570776253
1 0.6714939024390243 0.4280821917808219 0.03506097560975607 0.06621004566210043
1 0.7149390243902438 0.40410958904109584 0.03353658536585369 0.0593607305936073
1 0.7309451219512195 0.4337899543378996 0.03201219512195119 0.0684931506849315
1 0.7858231707317074 0.4098173515981735 0.03506097560975607 0.06621004566210043
1 0.8132621951219512 0.4269406392694064 0.041158536585365835 0.0730593607305936
1 0.8765243902439024 0.4372146118721461 0.04878048780487798 0.07990867579908678
1 0.9237804878048781 0.4212328767123288 0.04878048780487798 0.07990867579908673
