1 0.07272727272727272 0.5792880258899676 0.12363636363636364 0.2135922330097087
1 0.06090909090909091 0.4692556634304207 0.06727272727272728 0.10355987055016186
1 0.07454545454545454 0.43042071197411 0.04 0.07119741100323629
1 0.0890909090909091 0.3996763754045307 0.04363636363636364 0.08737864077669905
1 0.17272727272727273 0.4110032362459547 0.04363636363636364 0.1035598705501618
1 0.22000000000000003 0.4644012944983819 0.08363636363636365 0.16504854368932043
1 0.21909090909090911 0.37216828478964403 0.030909090909090914 0.05825242718446605
1 0.19090909090909092 0.3543689320388349 0.032727272727272716 0.06148867313915857
1 0.26909090909090905 0.23948220064724918 0.025454545454545452 0.058252427184465994
1 0.2963636363636364 0.40453074433656955 0.0472727272727273 0.09708737864077671
1 0.3090909090909091 0.3818770226537217 0.029090909090909056 0.05825242718446605
1 0.2627272727272727 0.3398058252427184 0.027272727272727282 0.05825242718446605
1 0.3290909090909091 0.34304207119741104 0.029090909090909056 0.045307443365695754
1 0.38 0.3656957928802589 0.036363636363636376 0.07119741100323623
1 0.37363636363636366 0.4449838187702265 0.05636363636363634 0.09385113268608414
1 0.3772727272727273 0.558252427184466 0.09636363636363637 0.18446601941747576
1 0.4618181818181818 0.3786407766990291 0.04363636363636364 0.1035598705501618
1 0.49909090909090903 0.3883495145631068 0.05636363636363634 0.09061488673139162
1 0.5036363636363637 0.482200647249191 0.06545454545454549 0.13592233009708737
1 0.6136363636363636 0.6084142394822006 0.10000000000000009 0.2071197411003236
1 0.5690909090909091 0.40614886731391586 0.036363636363636376 0.06796116504854366
1 0.6790909090909091 0.4563106796116505 0.052727272727272734 0.11003236245954695
1 0.6627272727272727 0.36245954692556637 0.030909090909090997 0.06472491909385109
1 0.6927272727272727 0.37702265372168287 0.029090909090909056 0.06148867313915857
1 0.7245454545454546 0.3511326860841424 0.027272727272727226 0.06148867313915857
1 0.7563636363636363 0.3802588996763754 0.050909090909090904 0.0744336569579288
1 0.8281818181818181 0.6262135922330097 0.12181818181818183 0.21035598705501612
1 0.8281818181818181 0.41262135922330095 0.052727272727272734 0.09385113268608414
1 0.8872727272727272 0.4110032362459547 0.047272727272727244 0.09708737864077666
1 0.9390909090909091 0.4239482200647249 0.052727272727272734 0.11650485436893204
