1 0.06706349206349206 0.29600570613409416 0.02142857142857143 0.049928673323823114
1 0.2956349206349206 0.21255349500713266 0.016666666666666663 0.03138373751783169
1 0.3130952380952381 0.22039942938659057 0.015079365079365081 0.0442225392296719
1 0.33373015873015877 0.2189728958630528 0.018253968253968245 0.03851640513552071
1 0.3317460317460318 0.19472182596291013 0.019047619047619035 0.02710413694721825
1 0.35277777777777775 0.1925820256776034 0.019841269841269826 0.03423680456490727
1 0.35158730158730156 0.22182596291012838 0.019047619047619035 0.04136947218259629
1 0.3662698412698413 0.24322396576319544 0.021428571428571408 0.0442225392296719
1 0.3765873015873016 0.20970042796005706 0.019841269841269882 0.03423680456490727
1 0.4099206349206349 0.24037089871611983 0.018253968253968245 0.0442225392296719
1 0.40555555555555556 0.2746077032810271 0.020634920634920673 0.047075606276747506
1 0.3956349206349207 0.15905848787446505 0.011904761904761918 0.02425106990014264
1 0.4123015873015873 0.19115549215406563 0.015079365079365081 0.03423680456490727
1 0.4369047619047619 0.1925820256776034 0.016666666666666663 0.03138373751783166
1 0.4206349206349206 0.15977175463623394 0.015873015873015872 0.03138373751783166
1 0.4376984126984127 0.16048502139800286 0.013492063492063444 0.029957203994293857
1 0.46706349206349207 0.20185449358059915 0.019841269841269882 0.047075606276747506
1 0.44365079365079363 0.1875891583452211 0.017460317460317454 0.029957203994293857
1 0.4714285714285714 0.13480741797432239 0.012698412698412709 0.02139800285306706
1 0.4817460317460317 0.14693295292439373 0.015873015873015872 0.028530670470756053
1 0.49484126984126986 0.12410841654778887 0.011904761904761918 0.02282453637660485
1 0.503968253968254 0.14122681883024252 0.015873015873015817 0.028530670470756053
1 0.5059523809523809 0.15263908701854495 0.015079365079365026 0.03138373751783166
1 0.5007936507936508 0.18045649072753212 0.014285714285714235 0.029957203994293885
1 0.5297619047619048 0.1768901569186876 0.016666666666666607 0.0342368045649073
1 0.515079365079365 0.1326676176890157 0.012698412698412764 0.019971469329529257
1 0.5511904761904762 0.15477888730385164 0.015079365079365137 0.029957203994293857
1 0.5472222222222223 0.14621968616262482 0.013492063492063555 0.02710413694721825
1 0.5619047619047619 0.11911554921540657 0.015873015873015817 0.027104136947218263
1 0.5638888888888889 0.15121255349500712 0.013492063492063444 0.028530670470756053
1 0.5531746031746032 0.18116975748930098 0.01904761904761909 0.03708987161198288
1 0.5686507936507936 0.2296718972895863 0.023015873015873045 0.04850213980028531
1 0.5900793650793651 0.16119828815977177 0.01984126984126977 0.039942938659058486
1 0.5876984126984127 0.15121255349500712 0.01825396825396819 0.03138373751783166
1 0.6146825396825397 0.11269614835948644 0.01031746031746028 0.02282453637660485
1 0.6257936507936508 0.11483594864479316 0.013492063492063444 0.02995720399429387
1 0.6186507936507937 0.14122681883024252 0.015079365079365026 0.03138373751783166
1 0.642063492063492 0.15121255349500712 0.012698412698412764 0.03138373751783166
1 0.65 0.14621968616262482 0.012698412698412653 0.029957203994293857
1 0.6555555555555556 0.11412268188302424 0.011111111111111072 0.031383737517831675
1 0.6730158730158731 0.10912981455064194 0.011111111111111183 0.018544935805991453
1 0.6777777777777778 0.12268188302425106 0.014285714285714346 0.03708987161198289
1 0.6146825396825397 0.21255349500713266 0.021428571428571463 0.04850213980028531
1 0.6150793650793651 0.25178316690442226 0.023809523809523836 0.049928673323823114
1 0.6595238095238095 0.19329529243937232 0.0174603174603174 0.03851640513552068
1 0.6710317460317461 0.21968616262482166 0.01666666666666672 0.039942938659058486
1 0.7015873015873015 0.10841654778887304 0.014285714285714346 0.025677603423680445
1 0.7007936507936507 0.17902995720399428 0.01904761904761909 0.035663338088445073
1 0.7174603174603175 0.1833095577746077 0.014285714285714235 0.03851640513552068
1 0.721031746031746 0.2346647646219686 0.01984126984126977 0.0442225392296719
1 0.6936507936507936 0.25606276747503565 0.022222222222222254 0.049928673323823086
1 0.7123015873015872 0.3430813124108416 0.032539682539682535 0.06419400855920115
1 0.7678571428571428 0.35805991440798857 0.030952380952380953 0.06276747503566332
1 0.7341269841269842 0.1483594864479315 0.014285714285714346 0.03423680456490727
1 0.7452380952380953 0.1362339514978602 0.012698412698412653 0.03566333808844506
1 0.769047619047619 0.12696148359486448 0.012698412698412764 0.02282453637660485
1 0.7785714285714286 0.14764621968616262 0.012698412698412653 0.029957203994293857
1 0.7964285714285715 0.13980028530670469 0.013492063492063555 0.028530670470756053
1 0.8198412698412698 0.1340941512125535 0.012698412698412653 0.031383737517831675
1 0.8424603174603175 0.15406562054208273 0.011904761904761862 0.028530670470756053
1 0.825 0.16904422253922968 0.013492063492063555 0.035663338088445073
1 0.7928571428571429 0.16619115549215407 0.014285714285714346 0.027104136947218277
1 0.7976190476190477 0.20613409415121256 0.015873015873015928 0.04136947218259629
1 0.8194444444444444 0.19971469329529246 0.016666666666666607 0.03708987161198288
1 0.7531746031746032 0.19186875891583452 0.0174603174603174 0.03851640513552068
1 0.7333333333333334 0.1833095577746077 0.014285714285714346 0.032810271041369465
1 0.8238095238095238 0.2553495007132668 0.01904761904761909 0.054208273894436526
1 0.8428571428571429 0.2211126961483595 0.02063492063492056 0.0456490727532097
1 0.7587301587301587 0.2532097004279601 0.023809523809523836 0.047075606276747506
1 0.786904761904762 0.28530670470756064 0.024603174603174627 0.0542082738944365
1 0.8654761904761905 0.1868758915834522 0.015079365079365137 0.039942938659058486
1 0.8571428571428572 0.2303851640513552 0.01746031746031751 0.03851640513552068
1 0.8928571428571428 0.231811697574893 0.01746031746031751 0.047075606276747534
1 0.9051587301587302 0.22253922967189727 0.013492063492063444 0.042796005706134094
1 0.892063492063492 0.1818830242510699 0.015873015873015928 0.03851640513552068
1 0.905952380952381 0.17902995720399428 0.013492063492063444 0.03851640513552068
1 0.9115079365079365 0.14907275320970043 0.011904761904761862 0.032810271041369465
1 0.9492063492063492 0.1833095577746077 0.014285714285714346 0.02710413694721825
1 0.9484126984126984 0.19400855920114124 0.011111111111111183 0.03423680456490727
1 0.9345238095238095 0.20827389443651928 0.013492063492063444 0.039942938659058486
1 0.9515873015873015 0.2289586305278174 0.015873015873015928 0.04136947218259629
1 0.9230158730158731 0.2703281027104137 0.01904761904761909 0.047075606276747534
1 0.9115079365079366 0.33666191155492153 0.024603174603174627 0.059914407988587715
