1 0.1930851063829787 0.39723032069970843 0.1053191489361702 0.18513119533527694
1 0.2367021276595745 0.24052478134110788 0.0968085106382979 0.15743440233236153
1 0.27393617021276595 0.10787172011661808 0.07340425531914893 0.119533527696793
1 0.16702127659574467 0.0816326530612245 0.059574468085106386 0.09620991253644315
1 0.41276595744680855 0.19825072886297376 0.03829787234042553 0.06122448979591838
1 0.46223404255319145 0.21064139941690962 0.03510638297872343 0.06268221574344024
1 0.49627659574468086 0.20845481049562684 0.03936170212765955 0.0641399416909621
1 0.571808510638298 0.21355685131195334 0.028723404255319163 0.053935860058309054
1 0.5973404255319148 0.19679300291545188 0.037234042553191515 0.06122448979591835
1 0.6404255319148936 0.21355685131195334 0.04042553191489362 0.05976676384839649
1 0.6824468085106383 0.21501457725947523 0.03510638297872337 0.07142857142857145
1 0.7127659574468086 0.20408163265306123 0.02765957446808509 0.055393586005830886
1 0.7712765957446808 0.21355685131195334 0.036170212765957444 0.05976676384839649
1 0.8037234042553192 0.2142857142857143 0.0478723404255319 0.07871720116618078
1 0.7723404255319148 0.1749271137026239 0.021276595744680882 0.037900874635568516
1 0.8436170212765957 0.20189504373177844 0.05319148936170215 0.10058309037900875
1 0.899468085106383 0.21720116618075802 0.06702127659574475 0.11370262390670552
1 0.9462765957446808 0.21209912536443148 0.037234042553191515 0.05976676384839652
1 0.9835106382978723 0.2325072886297376 0.03297872340425534 0.08600583090379005
