1 0.19548511047070125 0.324486301369863 0.043227665706051854 0.10102739726027399
1 0.3463016330451489 0.18493150684931509 0.016330451488952957 0.030821917808219162
1 0.36935638808837656 0.1969178082191781 0.022094140249759864 0.030821917808219162
1 0.38424591738712777 0.1523972602739726 0.02113352545629199 0.03082191780821919
1 0.40297790585975024 0.18835616438356162 0.014409221902017322 0.03424657534246575
1 0.4193083573487032 0.16523972602739728 0.016330451488952902 0.035958904109589046
1 0.41786743515850144 0.2029109589041096 0.01729106628242072 0.042808219178082196
1 0.38808837656099904 0.2611301369863014 0.028818443804034533 0.046232876712328785
1 0.4226705091258406 0.2645547945205479 0.026897214217098953 0.04623287671232876
1 0.44812680115273773 0.2251712328767123 0.018251681075888537 0.039383561643835635
1 0.4586935638808838 0.08647260273972603 0.018251681075888593 0.03253424657534246
1 0.47454370797310275 0.15325342465753425 0.01921229586935641 0.029109589041095896
1 0.484149855907781 0.2268835616438356 0.026897214217098897 0.035958904109589046
1 0.4990393852065321 0.1977739726027397 0.018251681075888537 0.035958904109589046
1 0.5326609029779059 0.1934931506849315 0.016330451488952957 0.0410958904109589
1 0.569164265129683 0.13184931506849315 0.016330451488952846 0.0273972602739726
1 0.5898174831892411 0.11386986301369864 0.01729106628242072 0.02568493150684932
1 0.6522574447646494 0.113013698630137 0.028818443804034533 0.03767123287671233
1 0.6690682036503363 0.18664383561643835 0.018251681075888593 0.0410958904109589
1 0.6325648414985591 0.2011986301369863 0.020172910662824117 0.046232876712328785
1 0.6080691642651297 0.2525684931506849 0.026897214217098897 0.04623287671232876
1 0.5552353506243997 0.2551369863013699 0.02113352545629199 0.04794520547945205
1 0.611911623439001 0.3013698630136986 0.04034582132564846 0.061643835616438325
1 0.7050912584053795 0.1618150684931507 0.015369836695485084 0.03253424657534246
1 0.7046109510086456 0.1284246575342466 0.014409221902017322 0.02397260273972604
1 0.7454370797310279 0.13784246575342465 0.013448607108549449 0.03253424657534247
1 0.7617675312199808 0.15924657534246575 0.019212295869356355 0.0273972602739726
1 0.7785782901056676 0.13955479452054795 0.014409221902017322 0.032534246575342485
1 0.7420749279538905 0.1738013698630137 0.014409221902017322 0.025684931506849307
1 0.7089337175792507 0.1738013698630137 0.01729106628242083 0.029109589041095896
1 0.7492795389048992 0.19006849315068491 0.01729106628242072 0.03767123287671234
1 0.7756964457252642 0.18664383561643835 0.018251681075888593 0.04452054794520549
1 0.7939481268011528 0.1601027397260274 0.016330451488952957 0.03595890410958902
1 0.7247838616714697 0.2628424657534247 0.02785782901056677 0.06335616438356165
1 0.8342939481268011 0.2662671232876712 0.025936599423631135 0.04965753424657535
1 0.8717579250720462 0.2756849315068493 0.0240153698366955 0.06164383561643835
1 0.8900096061479347 0.20633561643835618 0.020172910662824117 0.04623287671232876
1 0.9341978866474544 0.2251712328767123 0.014409221902017322 0.039383561643835635
1 0.9442843419788665 0.2071917808219178 0.015369836695485084 0.0410958904109589
1 0.9298751200768491 0.2628424657534246 0.02113352545629199 0.04623287671232876
