1 0.09215885947046844 0.24865350089766608 0.01934826883910387 0.04129263913824058
1 0.29633401221995925 0.21992818671454217 0.01832993890020368 0.03770197486535007
1 0.36710794297352345 0.1947935368043088 0.021384928716904283 0.04488330341113106
1 0.384928716904277 0.16786355475763015 0.018329938900203624 0.034111310592459615
1 0.40580448065173114 0.17594254937163373 0.013238289205702636 0.03590664272890484
1 0.4231160896130346 0.22800718132854578 0.02749490835030549 0.06104129263913821
1 0.42617107942973526 0.17235188509874327 0.01731160896130346 0.02872531418312388
1 0.43228105906313646 0.1490125673249551 0.01527494908350302 0.02872531418312388
1 0.46028513238289204 0.20736086175942547 0.01832993890020368 0.04129263913824058
1 0.4928716904276986 0.21903052064631956 0.024439918533604887 0.043087971274685805
1 0.4969450101832994 0.17684021543985637 0.020366598778004008 0.037701974865350096
1 0.49134419551934827 0.14991023339317772 0.013238289205702691 0.034111310592459615
1 0.4694501018329939 0.13824057450628366 0.014256619144602856 0.025134649910233398
1 0.504582484725051 0.1526032315978456 0.013238289205702636 0.025134649910233398
1 0.524949083503055 0.16606822262118492 0.0193482688391039 0.034111310592459615
1 0.5193482688391038 0.1319569120287253 0.014256619144602856 0.026929982046678624
1 0.5483706720977597 0.1400359066427289 0.01323828920570258 0.032315978456014374
1 0.564663951120163 0.1894075403949731 0.021384928716904228 0.04847396768402154
1 0.5855397148676171 0.17863554757630162 0.016293279022403295 0.037701974865350096
1 0.5824847250509164 0.1265709156193896 0.010183299389001976 0.026929982046678638
1 0.5916496945010183 0.1310592459605027 0.012219959266802416 0.028725314183123865
1 0.6206720977596741 0.17235188509874327 0.019348268839103788 0.03590664272890484
1 0.6278004073319755 0.13824057450628366 0.01731160896130346 0.028725314183123893
1 0.6120162932790224 0.1140035906642729 0.018329938900203624 0.026929982046678638
1 0.6390020366598779 0.11490125673249552 0.013238289205702691 0.03231597845601436
1 0.6593686354378818 0.14362657091561937 0.0193482688391039 0.02872531418312388
1 0.6670061099796334 0.11220825852782765 0.014256619144602856 0.030520646319569134
1 0.6929735234215886 0.1229802513464991 0.01323828920570258 0.026929982046678652
1 0.689918533604888 0.10412926391382406 0.015274949083503131 0.02872531418312388
1 0.7199592668024439 0.11579892280071813 0.012219959266802527 0.026929982046678624
1 0.7413441955193483 0.13824057450628366 0.016293279022403295 0.035906642728904856
1 0.5743380855397149 0.2755834829443447 0.03054989816700604 0.05924596050269301
1 0.570264765784114 0.24685816876122083 0.024439918533604943 0.03411131059245959
1 0.6267820773930753 0.20556552962298025 0.019348268839103788 0.037701974865350096
1 0.6313645621181263 0.25493716337522443 0.022403258655804503 0.053859964093357277
1 0.6766802443991853 0.2127468581687612 0.021384928716904228 0.04488330341113106
1 0.6659877800407332 0.20107719928186712 0.018329938900203624 0.03590664272890484
1 0.6914460285132382 0.1903052064631957 0.020366598778004064 0.046678635547576314
1 0.7026476578411405 0.177737881508079 0.018329938900203735 0.03590664272890484
1 0.684826883910387 0.2639138240574506 0.027494908350305436 0.046678635547576314
1 0.725050916496945 0.22890484739676842 0.02647657841140527 0.05206463195691205
1 0.7561099796334012 0.21095152603231598 0.02138492871690434 0.037701974865350096
1 0.7525458248472505 0.26750448833034113 0.024439918533604832 0.053859964093357277
1 0.7744399185336048 0.2594254937163375 0.02342158859470478 0.04847396768402154
1 0.8034623217922607 0.32046678635547576 0.02647657841140527 0.0628366247755835
1 0.8615071283095723 0.329443447037702 0.02851323828920571 0.05565529622980253
1 0.925152749490835 0.36714542190305205 0.027494908350305547 0.06642728904847395
1 0.8879837067209776 0.2585278276481149 0.024439918533604832 0.053859964093357304
1 0.9378818737270875 0.3025134649910234 0.022403258655804503 0.05565529622980253
1 0.8034623217922607 0.21813285457809695 0.022403258655804503 0.05206463195691202
1 0.7505091649694501 0.17953321364452424 0.012219959266802416 0.02872531418312385
1 0.769857433808554 0.19210053859964094 0.014256619144602856 0.03590664272890487
1 0.7764765784114054 0.1436265709156194 0.01527494908350302 0.03231597845601436
1 0.790224032586558 0.1570915619389587 0.016293279022403295 0.030520646319569134
1 0.8075356415478616 0.16337522441651706 0.014256619144602856 0.03949730700179532
1 0.8065173116089612 0.1319569120287253 0.014256619144602856 0.03770197486535008
1 0.8228105906313645 0.15080789946140036 0.018329938900203735 0.03949730700179532
1 0.8309572301425662 0.13824057450628366 0.018329938900203624 0.035906642728904856
1 0.8497963340122199 0.24416517055655296 0.0193482688391039 0.046678635547576314
1 0.8533604887983707 0.19748653500897667 0.020366598778004175 0.03590664272890484
1 0.8487780040733197 0.1561938958707361 0.01527494908350302 0.025134649910233398
1 0.8635437881873727 0.14991023339317772 0.016293279022403184 0.034111310592459615
1 0.8767820773930755 0.18491921005385997 0.014256619144602856 0.03590664272890484
1 0.8828920570264767 0.17145421903052066 0.014256619144602856 0.034111310592459615
1 0.9017311608961303 0.15798922800718132 0.01527494908350302 0.03949730700179532
1 0.9226069246435845 0.1642728904847397 0.016293279022403295 0.04129263913824058
1 0.9093686354378818 0.19748653500897667 0.018329938900203735 0.03949730700179535
1 0.9419551934826884 0.23429084380610413 0.018329938900203624 0.04488330341113106
1 0.9577393075356415 0.21364452423698382 0.01527494908350302 0.03949730700179535
1 0.9663951120162932 0.19120287253141832 0.012219959266802416 0.037701974865350096
1 0.9017311608961304 0.23429084380610413 0.02138492871690434 0.03411131059245959
