1 0.8762088974854931 0.1493174061433447 0.009671179883945835 0.03242320819112626
1 0.8317214700193424 0.13907849829351537 0.011605415860735047 0.03242320819112629
1 0.8481624758220503 0.18344709897610922 0.015473887814313247 0.03924914675767918
1 0.8839458413926499 0.19197952218430034 0.011605415860735047 0.03242320819112626
1 0.8786266924564796 0.2158703071672355 0.01644100580270791 0.03924914675767918
1 0.867504835589942 0.2380546075085324 0.01934235976789167 0.052901023890784965
1 0.9115087040618955 0.2696245733788396 0.01644100580270802 0.05119453924914677
1 0.8554158607350097 0.2909556313993174 0.022243713733075432 0.05631399317406138
1 0.8384912959381045 0.21501706484641636 0.01740812379110257 0.05119453924914677
1 0.8230174081237911 0.2303754266211604 0.02127659574468077 0.047781569965870324
1 0.8036750483558994 0.17406143344709898 0.015473887814313247 0.040955631399317405
1 0.7969052224371374 0.13310580204778155 0.015473887814313358 0.03071672354948804
1 0.7683752417794971 0.12457337883959044 0.012572533849129597 0.0341296928327645
1 0.784816247582205 0.15017064846416384 0.01644100580270802 0.04095563139931743
1 0.7828820116054158 0.1885665529010239 0.02030947775628633 0.04948805460750855
1 0.72678916827853 0.1493174061433447 0.012572533849129597 0.03242320819112626
1 0.7412959381044488 0.15187713310580203 0.01644100580270791 0.034129692832764486
1 0.7379110251450678 0.1953924914675768 0.015473887814313358 0.035836177474402736
1 0.6803675048355899 0.16467576791808874 0.012572533849129597 0.035836177474402736
1 0.7113152804642167 0.189419795221843 0.01644100580270791 0.03754266211604093
1 0.7045454545454546 0.22866894197952217 0.01644100580270791 0.047781569965870296
1 0.7059961315280464 0.2832764505119454 0.023210831721470093 0.058020477815699634
1 0.7422630560928434 0.2372013651877133 0.014506769825918808 0.04436860068259382
1 0.7790135396518375 0.28498293515358364 0.024177949709864643 0.05802047781569969
1 0.781431334622824 0.3455631399317406 0.029013539651837617 0.07337883959044372
1 0.6590909090909092 0.22098976109215018 0.01644100580270791 0.04266211604095563
1 0.6305609284332689 0.2525597269624573 0.021276595744680882 0.054607508532423216
1 0.6474854932301741 0.2696245733788396 0.01644100580270791 0.04436860068259388
1 0.6639264990328819 0.33532423208191126 0.028046421663442955 0.06655290102389078
1 0.5701160541586073 0.24573378839590443 0.02030947775628622 0.04436860068259385
1 0.5232108317214701 0.28242320819112626 0.023210831721469982 0.05290102389078499
1 0.554642166344294 0.302901023890785 0.024177949709864643 0.059726962457337884
1 0.6445841392649903 0.17491467576791808 0.01644100580270791 0.04266211604095563
1 0.6247582205029014 0.2150170648464164 0.01740812379110246 0.040955631399317405
1 0.6508704061895552 0.11262798634812286 0.009671179883945835 0.027303754266211594
1 0.6615087040618955 0.12627986348122866 0.011605415860735047 0.027303754266211608
1 0.5923597678916828 0.16467576791808874 0.010638297872340385 0.029010238907849817
1 0.6068665377176015 0.15443686006825938 0.010638297872340385 0.02559726962457337
1 0.503384912959381 0.12542662116040956 0.00870406189555123 0.01877133105802048
1 0.5111218568665377 0.13822525597269625 0.010638297872340385 0.02730375426621162
1 0.5488394584139265 0.15017064846416384 0.010638297872340385 0.03071672354948804
1 0.5415860735009671 0.19197952218430034 0.013539651837524147 0.03242320819112626
1 0.5072533849129595 0.18515358361774742 0.014506769825918808 0.03924914675767918
1 0.4497098646034816 0.15870307167235495 0.011605415860734991 0.030716723549488067
1 0.4724371373307544 0.15699658703071673 0.012572533849129597 0.030716723549488067
1 0.47775628626692457 0.20136518771331058 0.015473887814313358 0.03412969283276451
1 0.46083172147001933 0.2363481228668942 0.01837524177949712 0.046075085324232046
1 0.42359767891682787 0.19027303754266212 0.013539651837524203 0.03242320819112626
1 0.4260154738878143 0.2525597269624573 0.01837524177949712 0.03412969283276451
1 0.4047388781431335 0.17747440273037543 0.012572533849129597 0.02730375426621162
1 0.3795938104448743 0.2039249146757679 0.014506769825918753 0.029010238907849845
1 0.4032882011605416 0.2790102389078498 0.01934235976789167 0.0460750853242321
1 0.37234042553191493 0.2713310580204778 0.017408123791102514 0.04436860068259385
1 0.33123791102514505 0.23208191126279865 0.012572533849129597 0.03071672354948804
1 0.3056092843326886 0.2295221843003413 0.011605415860735047 0.029010238907849817
1 0.28433268858800775 0.25170648464163825 0.013539651837524203 0.039249146757679154
1 0.3109284332688588 0.2593856655290102 0.014506769825918753 0.040955631399317405
1 0.3225338491295938 0.27303754266211605 0.01837524177949712 0.03754266211604096
1 0.33994197292069633 0.27730375426621157 0.01837524177949712 0.042662116040955655
1 0.2567698259187621 0.2704778156996587 0.01450676982591878 0.03242320819112626
1 0.20309477756286265 0.4249146757679181 0.03675048355899421 0.08191126279863481
