1 0.08278457196613358 0.5838870431893688 0.05644402634054562 0.08803986710963452
1 0.28645343367826903 0.23588039867109634 0.01411100658513642 0.026578073089701004
1 0.3038570084666039 0.2508305647840532 0.013170272812793982 0.023255813953488358
1 0.31749764816556914 0.24916943521594687 0.01411100658513642 0.03322259136212627
1 0.345719661335842 0.2674418604651163 0.01411100658513642 0.026578073089701004
1 0.36500470366886173 0.2782392026578073 0.01881467544684856 0.034883720930232565
1 0.3889934148635936 0.2857142857142857 0.021636876763875823 0.03986710963455148
1 0.3711194731890875 0.24833887043189368 0.01411100658513642 0.0282392026578073
1 0.3570084666039511 0.22425249169435219 0.0159924741298213 0.029900332225913623
1 0.33349012229539043 0.22591362126245845 0.012229539040451598 0.023255813953488386
1 0.3292568203198495 0.21096345514950166 0.013170272812793982 0.023255813953488358
1 0.36970837253057387 0.20016611295681064 0.01505174035747886 0.02491694352159468
1 0.3880526810912512 0.1877076411960133 0.012229539040451542 0.026578073089701004
1 0.40216368767638755 0.21262458471760798 0.014111006585136365 0.026578073089701004
1 0.4040451552210724 0.1877076411960133 0.01411100658513642 0.026578073089701004
1 0.444967074317968 0.18521594684385384 0.011288805268109103 0.021594684385382062
1 0.45625587958607716 0.21926910299003322 0.016933207902163683 0.03322259136212624
1 0.47883349012229537 0.23172757475083056 0.016933207902163683 0.0415282392026578
1 0.46425211665098776 0.15946843853820597 0.01034807149576672 0.023255813953488386
1 0.4628410159924741 0.13953488372093023 0.011288805268109159 0.01661129568106312
1 0.4891815616180621 0.132890365448505 0.011288805268109159 0.016611295681063135
1 0.4943555973659455 0.1935215946843854 0.019755409219191 0.03820598006644518
1 0.5272812793979305 0.20099667774086377 0.0159924741298213 0.03322259136212627
1 0.5094073377234243 0.16528239202657807 0.012229539040451542 0.02491694352159468
1 0.4835371589840075 0.16196013289036545 0.011288805268109103 0.018272425249169444
1 0.5362182502351834 0.16362126245847175 0.011288805268109048 0.02491694352159468
1 0.5705550329256821 0.16943521594684385 0.012229539040451542 0.029900332225913595
1 0.5522107243650047 0.1478405315614618 0.013170272812793926 0.023255813953488358
1 0.5649106302916275 0.12541528239202657 0.010348071495766664 0.024916943521594667
1 0.5809031044214488 0.143687707641196 0.012229539040451542 0.028239202657807327
1 0.5931326434619002 0.12292358803986711 0.012229539040451542 0.026578073089701004
1 0.621354656632173 0.14784053156146182 0.0159924741298213 0.029900332225913623
1 0.6208842897460018 0.11877076411960133 0.011288805268109159 0.02159468438538205
1 0.641110065851364 0.13205980066445183 0.012229539040451542 0.02491694352159468
1 0.6411100658513641 0.11295681063122923 0.010348071495766664 0.019933554817275753
1 0.6834430856067732 0.117109634551495 0.012229539040451542 0.024916943521594667
1 0.511288805268109 0.2815614617940199 0.021636876763875823 0.04485049833887045
1 0.5691439322671683 0.28405315614617943 0.022577610536218207 0.05315614617940195
1 0.5578551269990593 0.2383720930232558 0.016933207902163683 0.031561461794019946
1 0.6128880526810913 0.2591362126245847 0.017873941674506177 0.03654485049833886
1 0.6396989651928504 0.2965116279069767 0.022577610536218318 0.051495016611295685
1 0.6288805268109126 0.21179401993355482 0.01411100658513642 0.034883720930232565
1 0.6632173095014111 0.20099667774086377 0.015051740357478804 0.029900332225913623
1 0.6749764816556915 0.25 0.019755409219190945 0.04817275747508307
1 0.7126058325493885 0.28156146179402 0.021636876763875823 0.051495016611295685
1 0.7714016933207902 0.28488372093023256 0.02069614299153333 0.048172757475083094
1 0.7751646284101599 0.22508305647840532 0.02069614299153344 0.04817275747508304
1 0.6989651928504232 0.2134551495016611 0.016933207902163683 0.03820598006644518
1 0.691439322671684 0.1478405315614618 0.013170272812793926 0.026578073089701004
1 0.7116650987770461 0.17857142857142858 0.012229539040451542 0.028239202657807327
1 0.7267168391345249 0.1669435215946844 0.01411100658513642 0.0282392026578073
1 0.7234242709313264 0.132890365448505 0.013170272812794037 0.033222591362126255
1 0.8428974600188146 0.3073089700996678 0.026340545625587963 0.05315614617940201
1 0.8673565380997178 0.2350498338870432 0.022577610536218318 0.04485049833887045
1 0.8918156161806209 0.20182724252491693 0.015051740357478804 0.034883720930232565
1 0.9134524929444967 0.23754152823920266 0.016933207902163794 0.0431893687707641
1 0.9289746001881467 0.27159468438538203 0.019755409219191056 0.04817275747508304
1 0.8297271872060207 0.21511627906976744 0.01881467544684856 0.03820598006644518
1 0.8485418626528692 0.20431893687707642 0.011288805268109048 0.029900332225913623
1 0.8607714016933208 0.15033222591362128 0.011288805268109048 0.031561461794019946
1 0.8955785512699905 0.16279069767441862 0.015051740357478915 0.03322259136212624
1 0.8057384760112889 0.18106312292358806 0.0159924741298213 0.029900332225913623
1 0.8349012229539041 0.15448504983388706 0.012229539040451542 0.023255813953488386
1 0.8142050799623706 0.1245847176079734 0.012229539040451542 0.02657807308970099
1 0.8029162746942615 0.14202657807308972 0.012229539040451654 0.02491694352159471
1 0.7761053621825024 0.15863787375415284 0.013170272812794037 0.021594684385382062
1 0.7746942615239887 0.18853820598006643 0.017873941674506066 0.021594684385382062
1 0.7403574788334901 0.19933554817275748 0.015051740357478804 0.026578073089701004
1 0.7610536218250235 0.1403654485049834 0.011288805268109159 0.021594684385382062
1 0.7765757290686737 0.12873754152823919 0.012229539040451542 0.021594684385382062
1 0.746942615239887 0.11544850498338871 0.013170272812793926 0.024916943521594695
