1 0.1372854914196568 0.39050131926121373 0.0530421216848674 0.08443271767810023
1 0.18798751950078002 0.4670184696569921 0.05772230889235569 0.11081794195250666
1 0.30187207488299533 0.49076517150395776 0.07020280811232449 0.11609498680738783
1 0.3073322932917317 0.16226912928759896 0.03120124804992197 0.055408970976253274
1 0.41887675507020283 0.79155672823219 0.05460218408736345 0.09498680738786269
1 0.47269890795631825 0.816622691292876 0.043681747269890825 0.0870712401055409
1 0.5741029641185648 0.8232189973614776 0.046801872074883066 0.08970976253298157
1 0.6279251170046802 0.7994722955145119 0.04524180967238689 0.08443271767810023
1 0.7129485179407176 0.7176781002638521 0.03432137285491421 0.06860158311345643
1 0.6903276131045242 0.812664907651715 0.03588143525741039 0.07387862796833777
1 0.7628705148205928 0.737467018469657 0.03120124804992208 0.0712401055408971
1 0.7893915756630265 0.7097625329815304 0.03432137285491421 0.0633245382585752
1 0.8268330733229329 0.6886543535620053 0.03120124804992197 0.06860158311345643
1 0.8408736349453978 0.6398416886543536 0.03744149765990645 0.06596306068601587
1 0.8322932917316692 0.5897097625329815 0.029641185647425905 0.04485488126649073
1 0.8400936037441498 0.5514511873350924 0.023400936037441422 0.0474934036939314
1 0.8338533541341653 0.5197889182058048 0.023400936037441533 0.04221635883905012
1 0.8174726989079564 0.46701846965699206 0.021840873634945468 0.0474934036939314
1 0.748829953198128 0.39973614775725597 0.018720748829953227 0.04485488126649079
1 0.7355694227769112 0.38390501319261217 0.01404056162246492 0.039577836411609446
1 0.8837753510140405 0.7493403693931399 0.04524180967238689 0.08970976253298146
