1 0.0792910447761194 0.4348534201954397 0.04477611940298508 0.09771986970684038
1 0.24813432835820895 0.2760586319218241 0.02052238805970147 0.037459283387622166
1 0.2868470149253731 0.26302931596091206 0.025186567164179108 0.043973941368078195
1 0.3022388059701493 0.253257328990228 0.02052238805970147 0.050488599348534224
1 0.32042910447761197 0.25651465798045603 0.023320895522388085 0.04071661237785018
1 0.3143656716417911 0.2076547231270358 0.02052238805970147 0.04071661237785015
1 0.3423507462686567 0.2752442996742671 0.022388059701492546 0.0456026058631922
1 0.3456156716417911 0.2027687296416938 0.01958955223880593 0.04723127035830618
1 0.36007462686567165 0.2076547231270358 0.018656716417910446 0.03745928338762214
1 0.36986940298507465 0.19462540716612378 0.019589552238805985 0.030944625407166138
1 0.39225746268656714 0.2068403908794788 0.021455223880597007 0.039087947882736146
1 0.40531716417910446 0.16449511400651468 0.017723880597014907 0.029315960912052103
1 0.42490671641791045 0.1775244299674267 0.019589552238805985 0.02931596091205213
1 0.42490671641791045 0.2060260586319218 0.01585820895522383 0.034201954397394124
1 0.43376865671641796 0.2255700325732899 0.016791044776119424 0.034201954397394124
1 0.4375 0.19381107491856678 0.016791044776119368 0.02931596091205213
1 0.4244402985074627 0.25814332247557004 0.026119402985074647 0.05374592833876224
1 0.4612873134328358 0.18729641693811075 0.021455223880597007 0.04234527687296419
1 0.45475746268656714 0.16205211726384366 0.013992537313432807 0.027687296416938095
1 0.45009328358208955 0.13517915309446255 0.01585820895522383 0.02931596091205213
1 0.46595149253731344 0.1498371335504886 0.012126865671641784 0.029315960912052103
1 0.478544776119403 0.15798045602605865 0.018656716417910446 0.03583061889250813
1 0.47994402985074625 0.12947882736156352 0.015858208955223885 0.027687296416938123
1 0.5125932835820896 0.15146579804560262 0.019589552238805874 0.03583061889250813
1 0.5139925373134329 0.19951140065146578 0.018656716417910446 0.04071661237785015
1 0.49906716417910446 0.18892508143322476 0.0186567164179105 0.03583061889250816
1 0.4869402985074627 0.21824104234527686 0.026119402985074647 0.04885993485342019
1 0.4846082089552239 0.2931596091205212 0.025186567164179108 0.06188925081433222
1 0.5424440298507462 0.2980456026058632 0.027052238805970186 0.052117263843648176
1 0.5611007462686567 0.24592833876221498 0.025186567164179108 0.04885993485342022
1 0.5984141791044777 0.3143322475570033 0.03264925373134331 0.06514657980456023
1 0.6086753731343284 0.254885993485342 0.025186567164179108 0.043973941368078195
1 0.5284514925373134 0.12947882736156352 0.013992537313432751 0.027687296416938123
1 0.5452425373134329 0.1457654723127036 0.013992537313432862 0.03094462540716611
1 0.5643656716417911 0.1726384364820847 0.020522388059701524 0.03583061889250813
1 0.5746268656716418 0.1465798045602606 0.018656716417910446 0.03583061889250813
1 0.5517723880597015 0.10667752442996742 0.010261194029850706 0.024429967426710095
1 0.5811567164179104 0.09364820846905537 0.014925373134328401 0.030944625407166138
1 0.583955223880597 0.11889250814332247 0.01492537313432829 0.03257328990228013
1 0.6142723880597014 0.13192182410423453 0.017723880597014907 0.039087947882736174
1 0.6147388059701493 0.09201954397394137 0.016791044776119368 0.02442996742671011
1 0.6389925373134329 0.050488599348534204 0.013059701492537323 0.029315960912052116
1 0.6352611940298507 0.09364820846905537 0.011194029850746245 0.021172638436482094
1 0.6357276119402985 0.11563517915309446 0.013992537313432862 0.022801302931596087
1 0.6511194029850746 0.1669381107491857 0.018656716417910446 0.034201954397394124
1 0.6431902985074627 0.1970684039087948 0.021455223880596952 0.04234527687296419
1 0.6030783582089552 0.2076547231270358 0.027052238805970075 0.04723127035830618
1 0.6543843283582089 0.24674267100977199 0.03078358208955223 0.050488599348534224
1 0.6930970149253731 0.22068403908794787 0.02425373134328357 0.04723127035830618
1 0.6884328358208955 0.17589576547231273 0.018656716417910446 0.04885993485342019
1 0.6879664179104477 0.14169381107491857 0.019589552238805985 0.039087947882736146
1 0.6665111940298507 0.11319218241042345 0.019589552238805985 0.04071661237785017
1 0.6884328358208955 0.09120521172638438 0.01679104477611948 0.03257328990228013
1 0.6986940298507462 0.1278501628664495 0.018656716417910446 0.03745928338762215
1 0.7238805970149254 0.1490228013029316 0.018656716417910446 0.04071661237785015
1 0.7364738805970149 0.1278501628664495 0.01585820895522394 0.030944625407166138
1 0.7318097014925373 0.10912052117263843 0.010261194029850706 0.022801302931596087
1 0.7439365671641791 0.11644951140065146 0.012126865671641784 0.02768729641693811
1 0.7607276119402986 0.1245928338762215 0.017723880597014907 0.03420195439739414
1 0.7527985074626866 0.1490228013029316 0.016791044776119368 0.04397394136807817
1 0.7789179104477612 0.11319218241042345 0.011194029850746245 0.030944625407166124
1 0.7933768656716418 0.12947882736156352 0.01585820895522394 0.03420195439739415
1 0.8083022388059702 0.11644951140065146 0.013992537313432862 0.02768729641693811
1 0.8232276119402986 0.13843648208469056 0.01585820895522383 0.032573289902280145
1 0.8111007462686567 0.16123778501628666 0.01585820895522394 0.03257328990228012
1 0.791044776119403 0.1677524429967427 0.018656716417910446 0.03583061889250813
1 0.7611940298507462 0.21986970684039087 0.027985074626865725 0.052117263843648204
1 0.7276119402985075 0.18811074918566775 0.020522388059701524 0.037459283387622166
1 0.7168843283582089 0.2744299674267101 0.025186567164179108 0.06026058631921827
1 0.6679104477611941 0.3184039087947883 0.02985074626865669 0.06026058631921821
1 0.7835820895522387 0.28257328990228014 0.03171641791044777 0.06351791530944623
1 0.8050373134328358 0.24185667752442996 0.02425373134328357 0.05374592833876221
1 0.8404850746268657 0.18729641693811075 0.018656716417910446 0.04234527687296419
1 0.8460820895522387 0.15065146579804561 0.018656716417910446 0.03094462540716611
1 0.8586753731343284 0.1245928338762215 0.01585820895522383 0.030944625407166124
1 0.8768656716417911 0.18566775244299674 0.020522388059701524 0.039087947882736174
1 0.8852611940298507 0.16123778501628666 0.01492537313432829 0.029315960912052103
1 0.8899253731343284 0.13599348534201955 0.011194029850746245 0.027687296416938123
1 0.9221082089552239 0.15146579804560262 0.01585820895522383 0.029315960912052103
1 0.9188432835820896 0.1970684039087948 0.01679104477611948 0.04234527687296419
1 0.8619402985074627 0.22068403908794787 0.02238805970149249 0.04071661237785015
