1 0.024979184013322234 0.41847041847041844 0.02164862614487927 0.04329004329004332
1 0.24021648626144881 0.3528138528138528 0.015820149875104078 0.03318903318903321
1 0.27019150707743544 0.36002886002886003 0.019150707743547046 0.044733044733044736
1 0.29933388842631137 0.37806637806637805 0.019150707743547046 0.04329004329004327
1 0.2964196502914238 0.31746031746031744 0.01831806827643634 0.034632034632034625
1 0.34845961698584516 0.38095238095238093 0.020815986677768572 0.04617604617604615
1 0.36719400499583676 0.3023088023088023 0.014987510407993343 0.03318903318903321
1 0.4217318900915903 0.3528138528138528 0.019150707743547046 0.03607503607503609
1 0.398834304746045 0.2691197691197691 0.013322231473771873 0.021645021645021634
1 0.41298917568692756 0.2893217893217893 0.009991673605328932 0.021645021645021634
1 0.42173189009159034 0.31313131313131315 0.014154870940882636 0.025974025974025983
1 0.4358867610324729 0.2943722943722944 0.01415487094088258 0.025974025974025927
1 0.47793505412156534 0.3225108225108225 0.018318068276436283 0.027417027417027395
1 0.45503746877601997 0.3203463203463204 0.017485428809325576 0.028860028860028863
1 0.4596169858451291 0.35569985569985574 0.02331390507910075 0.03607503607503609
1 0.48417985012489595 0.2777777777777778 0.01415487094088258 0.024531024531024515
1 0.46919233971690255 0.2582972582972583 0.012489592006661165 0.023088023088023074
1 0.4812656119900083 0.24675324675324675 0.009991673605328877 0.023088023088023102
1 0.5129059117402165 0.27200577200577203 0.011656952539550458 0.03607503607503609
1 0.5328892589508742 0.33116883116883117 0.01831806827643634 0.03318903318903321
1 0.5308076602830973 0.26046176046176045 0.010824313072439584 0.02164502164502166
1 0.5312239800166527 0.29148629148629146 0.019983347210657754 0.028860028860028863
1 0.5682764363030808 0.29653679653679654 0.017485428809325576 0.02741702741702745
1 0.5636969192339717 0.23809523809523808 0.013322231473771762 0.025974025974025955
1 0.6174021648626145 0.23304473304473305 0.01248959200666111 0.02164502164502166
1 0.6248959200666111 0.21572871572871571 0.010824313072439584 0.02164502164502166
1 0.6169858451290591 0.2647907647907648 0.009991673605328821 0.021645021645021634
1 0.6565362198168193 0.26406926406926406 0.014154870940882525 0.025974025974025983
1 0.611157368859284 0.341991341991342 0.01831806827643634 0.037518037518037506
1 0.5124895920066611 0.40620490620490624 0.02248126561198993 0.05050505050505055
1 0.5512073272273106 0.3795093795093795 0.01831806827643634 0.037518037518037506
1 0.5545378850957535 0.4213564213564214 0.02497918401332222 0.04040404040404039
1 0.6261448792672772 0.443001443001443 0.02830974188176516 0.05483405483405479
1 0.6615320566194838 0.34415584415584416 0.01248959200666111 0.030303030303030276
1 0.6477935054121565 0.3152958152958153 0.016652789342214813 0.030303030303030276
1 0.6702747710241466 0.227994227994228 0.008326394671107407 0.023088023088023102
1 0.6860949208992506 0.23881673881673882 0.009991673605328932 0.030303030303030276
1 0.6998334721065778 0.23953823953823955 0.01248959200666111 0.025974025974025983
1 0.6860949208992506 0.2821067821067821 0.014987510407993287 0.03318903318903316
1 0.7277268942547876 0.2987012987012987 0.01831806827643634 0.028860028860028863
1 0.7164862614487927 0.2727272727272727 0.010824313072439695 0.01731601731601734
1 0.7593671940049959 0.23376623376623376 0.014987510407993287 0.028860028860028863
1 0.7593671940049957 0.2828282828282828 0.013322231473771873 0.031746031746031744
1 0.7805995004163198 0.29581529581529586 0.014154870940882636 0.034632034632034625
1 0.7960033305578684 0.24098124098124096 0.013322231473771873 0.031746031746031717
1 0.8255620316402997 0.2582972582972583 0.019150707743547102 0.031746031746031744
1 0.8597002497918401 0.2683982683982684 0.014154870940882525 0.025974025974025983
1 0.8896752706078268 0.26046176046176045 0.01248959200666111 0.027417027417027423
1 0.9159034138218152 0.2936507936507936 0.014987510407993287 0.03607503607503609
1 0.8692756036636137 0.297979797979798 0.014987510407993287 0.02453102453102457
1 0.8284762697751873 0.31673881673881676 0.018318068276436228 0.027417027417027395
1 0.8626144879267277 0.32611832611832614 0.016652789342214813 0.031746031746031744
1 0.888842631140716 0.33044733044733043 0.017485428809325576 0.034632034632034625
1 0.8792672772689425 0.36363636363636365 0.019983347210657754 0.037518037518037506
1 0.8238967527060783 0.38816738816738816 0.020815986677768517 0.04040404040404044
1 0.7052456286427977 0.3578643578643579 0.019983347210657754 0.034632034632034625
1 0.6211490424646128 0.3939393939393939 0.033305578684429626 0.034632034632034625
1 0.6752706078268109 0.3852813852813853 0.02164862614487928 0.046176046176046204
1 0.6740216486261449 0.4668109668109668 0.02747710241465451 0.062049062049062076
1 0.7256452955870107 0.5173160173160174 0.039134054954204855 0.07647907647907648
1 0.7527060782681099 0.41125541125541126 0.026644462947543635 0.051948051948051965
1 0.8014154870940883 0.4155844155844156 0.02248126561198993 0.049062049062049085
1 0.8459616985845129 0.5281385281385281 0.026644462947543746 0.05772005772005778
1 0.8584512905911741 0.4509379509379509 0.023313905079100805 0.0505050505050505
1 0.8751040799333889 0.4126984126984127 0.018318068276436228 0.034632034632034625
1 0.9200666111573689 0.4819624819624819 0.02497918401332222 0.05194805194805191
1 0.9342214820982515 0.40981240981240985 0.016652789342214924 0.04617604617604615
1 0.9446294754371357 0.3658008658008658 0.017485428809325576 0.03607503607503604
1 0.9533721898417985 0.2958152958152958 0.014987510407993287 0.025974025974025983
1 0.3900915903413822 0.3621933621933622 0.019150707743547046 0.031746031746031744
1 0.38301415487094087 0.33694083694083693 0.016652789342214813 0.03318903318903321
1 0.43755203996669445 0.27344877344877344 0.012489592006661165 0.02741702741702745
1 0.5462114904246461 0.2777777777777778 0.014987510407993287 0.030303030303030276
1 0.5782681099084097 0.27561327561327564 0.01582014987510416 0.028860028860028863
1 0.5836802664446294 0.2352092352092352 0.011656952539550347 0.023088023088023074
1 0.8272273105745213 0.35425685425685427 0.017485428809325576 0.03607503607503609
1 0.8771856786011657 0.28066378066378067 0.014154870940882525 0.03318903318903321
1 0.7922564529558701 0.2741702741702742 0.01582014987510405 0.04040404040404044
1 0.6415487094088259 0.2316017316017316 0.014154870940882636 0.027417027417027423
1 0.9425478767693589 0.33333333333333337 0.016652789342214813 0.034632034632034625
1 0.9542048293089093 0.3196248196248196 0.014987510407993287 0.03030303030303033
