1 0.20047619047619047 0.4527824620573356 0.04285714285714287 0.08937605396290049
1 0.4919047619047619 0.19224283305227657 0.018095238095238053 0.037099494097807745
1 0.5247619047619048 0.18296795952782463 0.02285714285714291 0.038785834738617214
1 0.5442857142857143 0.10202360876897133 0.018095238095238053 0.028667790893760536
1 0.719047619047619 0.1745362563237774 0.017142857142857126 0.03204047217537942
1 0.7552380952380953 0.16947723440134907 0.01904761904761909 0.03204047217537942
1 0.8042857142857143 0.1821247892074199 0.020000000000000018 0.03372681281618889
1 0.812857142857143 0.1745362563237774 0.0161904761904762 0.038785834738617214
1 0.8519047619047619 0.18634064080944351 0.018095238095238053 0.03204047217537942
1 0.8938095238095238 0.2892074198988196 0.02190476190476187 0.052276559865092775
1 0.9566666666666667 0.2445193929173693 0.01619047619047609 0.037099494097807745
