1 0.026490066225165563 0.39112227805695143 0.02270577105014191 0.06532663316582915
1 0.2596972563859981 0.26549413735343386 0.01797540208136239 0.04187604690117255
1 0.2857142857142857 0.2638190954773869 0.022705771050141932 0.04522613065326636
1 0.3240302743614002 0.24120603015075376 0.023651844843897818 0.03350083752093802
1 0.31031220435193946 0.28391959798994976 0.022705771050141932 0.038525963149078746
1 0.3528855250709555 0.22194304857621439 0.020813623462630104 0.03517587939698494
1 0.34815515610217596 0.2629815745393635 0.020813623462630104 0.04690117252931325
1 0.3817407757805109 0.2303182579564489 0.023651844843897873 0.03517587939698494
1 0.37559129612109743 0.2001675041876047 0.01702932828760645 0.021775544388609708
1 0.3930936613055819 0.19262981574539362 0.017975402081362335 0.03685092127303183
1 0.40823084200567644 0.29145728643216084 0.027436140018921473 0.043551088777219416
1 0.4219489120151372 0.22278056951423786 0.02081362346263005 0.03685092127303183
1 0.4280983916745506 0.15996649916247907 0.016083254493850507 0.021775544388609708
1 0.4403973509933775 0.19095477386934673 0.019867549668874218 0.03350083752093802
1 0.4574266792809839 0.16499162479061977 0.016083254493850507 0.03517587939698491
1 0.47729422894985807 0.152428810720268 0.01419110690633868 0.03350083752093802
1 0.49195837275307475 0.12144053601340034 0.011352885525070966 0.021775544388609708
1 0.46546830652790916 0.19262981574539362 0.022705771050141876 0.03685092127303183
1 0.4692526017029328 0.23534338358458962 0.020813623462630104 0.038525963149078746
1 0.5052034058656575 0.2001675041876047 0.028382213812677415 0.03852596314907872
1 0.5368968779564807 0.12479061976549415 0.021759697256385935 0.028475711892797323
1 0.5141911069063387 0.1591289782244556 0.021759697256385935 0.03685092127303183
1 0.5425733207190161 0.1624790619765494 0.023651844843897818 0.03350083752093802
1 0.5510879848628193 0.20351758793969849 0.021759697256386046 0.03182579564489113
1 0.5714285714285714 0.16666666666666669 0.018921475875118277 0.04522613065326633
1 0.5704824976348155 0.10804020100502512 0.015137180700094621 0.028475711892797323
1 0.5960264900662251 0.10050251256281406 0.018921475875118277 0.02680067001675042
1 0.5898770104068117 0.135678391959799 0.021759697256386046 0.03350083752093802
1 0.6154210028382214 0.15577889447236182 0.019867549668874163 0.04690117252931322
1 0.6173131504257332 0.11892797319932999 0.012298959318826963 0.02680067001675042
1 0.6456953642384106 0.10301507537688442 0.014191106906338735 0.035175879396984924
1 0.6561021759697256 0.11474036850921274 0.016083254493850507 0.035175879396984924
1 0.674077578051088 0.12144053601340032 0.016083254493850507 0.03852596314907873
1 0.7062440870387889 0.09882747068676717 0.019867549668874163 0.040201005025125636
1 0.5747398297067171 0.2386934673366834 0.02554399243140959 0.03852596314907872
1 0.4976348155156102 0.29061976549413737 0.030274361400189187 0.04857621440536014
1 0.5520340586565752 0.3015075376884422 0.03122043519394513 0.0636515912897822
1 0.6002838221381268 0.20435510887772196 0.019867549668874163 0.04020100502512561
1 0.6111636707663197 0.2537688442211055 0.03027436140018913 0.058626465661641536
1 0.6106906338694418 0.3266331658291457 0.03122043519394513 0.053601340033500866
1 0.6627246925260171 0.17252931323283083 0.021759697256385935 0.03350083752093802
1 0.6717123935666982 0.211892797319933 0.02838221381267747 0.04857621440536014
1 0.663197729422895 0.254606365159129 0.02838221381267736 0.05025125628140703
1 0.6939451277199622 0.15494137353433834 0.016083254493850507 0.0318257956448911
1 0.7105014191106906 0.1407035175879397 0.026490066225165587 0.043551088777219416
1 0.7076631977294229 0.18760469011725295 0.017029328287606393 0.03685092127303183
1 0.6821192052980132 0.3350083752093802 0.02838221381267736 0.07035175879396988
1 0.7142857142857143 0.28559463986599665 0.030274361400189242 0.058626465661641536
1 0.7147587511825921 0.2102177554438861 0.027436140018921473 0.055276381909547756
1 0.7526017029328287 0.10301507537688442 0.01797540208136239 0.03182579564489113
1 0.7421948912015137 0.11390284757118928 0.014191106906338735 0.030150753768844213
1 0.7511825922421949 0.135678391959799 0.018921475875118277 0.03350083752093802
1 0.7407757805108799 0.1591289782244556 0.017029328287606504 0.04020100502512561
1 0.7559129612109745 0.18090452261306533 0.02270577105014182 0.04690117252931322
1 0.7691579943235572 0.22613065326633167 0.030274361400189242 0.053601340033500866
1 0.7828760643330179 0.29061976549413737 0.023651844843897818 0.058626465661641536
1 0.7904446546830652 0.11390284757118928 0.016083254493850507 0.030150753768844213
1 0.7757805108798486 0.13484087102177555 0.018921475875118277 0.03852596314907872
1 0.7781456953642384 0.17169179229480735 0.016083254493850507 0.03517587939698494
1 0.82639545884579 0.11474036850921274 0.01608325449385062 0.035175879396984924
1 0.8088930936613056 0.1390284757118928 0.017029328287606393 0.030150753768844213
1 0.8055818353831599 0.19011725293132328 0.01797540208136239 0.041876046901172526
1 0.8226111636707663 0.16666666666666669 0.01797540208136239 0.028475711892797323
1 0.8405865657521286 0.13819095477386933 0.016083254493850507 0.028475711892797323
1 0.8538315988647114 0.18509212730318259 0.021759697256385935 0.041876046901172526
1 0.859035004730369 0.14656616415410384 0.013245033112582849 0.03852596314907872
1 0.8779564806054873 0.1273031825795645 0.017029328287606393 0.023450586264656625
1 0.8784295175023652 0.15159128978224456 0.016083254493850507 0.025125628140703515
1 0.8718070009460738 0.21775544388609713 0.023651844843897818 0.04355108877721944
1 0.8850520340586565 0.19095477386934673 0.019867549668874163 0.040201005025125636
1 0.9082308420056764 0.12479061976549413 0.02081362346263005 0.04522613065326635
1 0.9011352885525071 0.17169179229480735 0.014191106906338735 0.04522613065326633
1 0.9323557237464521 0.18676716917922948 0.01797540208136239 0.041876046901172526
1 0.9422894985808893 0.15410385259631493 0.017029328287606393 0.03685092127303183
1 0.9280983916745507 0.27386934673366836 0.024597918637653815 0.04522613065326636
1 0.5009460737937559 0.15242881072026798 0.01797540208136239 0.03685092127303183
1 0.6286660359508042 0.09547738693467336 0.010406811731314969 0.030150753768844227
