1 0.16084425036390101 0.3835470085470085 0.027656477438136817 0.04059829059829062
1 0.1950509461426492 0.3803418803418803 0.029112081513828214 0.051282051282051266
1 0.25181950509461426 0.36752136752136755 0.02328966521106257 0.03846153846153849
1 0.27583697234352256 0.38354700854700857 0.03639010189228531 0.06196581196581197
1 0.32096069868995636 0.3920940170940171 0.03347889374090246 0.05341880341880345
1 0.3457059679767103 0.3888888888888889 0.027656477438136817 0.05128205128205132
1 0.41848617176128095 0.391025641025641 0.0393013100436681 0.06837606837606836
1 0.43740902474526927 0.36752136752136755 0.024745269286754024 0.04700854700854701
1 0.46652110625909754 0.3963675213675214 0.027656477438136817 0.04914529914529914
1 0.5145560407569141 0.38461538461538464 0.02183406113537123 0.03418803418803418
1 0.5320232896652111 0.391025641025641 0.024745269286754024 0.042735042735042694
1 0.5844250363901018 0.4081196581196581 0.027656477438136817 0.04700854700854701
1 0.611353711790393 0.4241452991452992 0.04657933042212514 0.07905982905982906
1 0.6542940320232897 0.38247863247863245 0.02183406113537123 0.051282051282051266
1 0.7183406113537119 0.37927350427350426 0.033478893740902405 0.05769230769230771
1 0.7459970887918486 0.3910256410256411 0.030567685589519722 0.04700854700854701
1 0.7663755458515283 0.39636752136752135 0.0393013100436681 0.06196581196581197
1 0.784570596797671 0.4049145299145299 0.026200873362445476 0.040598290598290565
1 0.8493449781659389 0.42948717948717946 0.05676855895196509 0.09401709401709402
1 0.8842794759825328 0.4017094017094017 0.0393013100436681 0.07692307692307693
1 0.9068413391557497 0.41346153846153844 0.026200873362445365 0.053418803418803396
1 0.9439592430858806 0.39850427350427353 0.02183406113537112 0.03632478632478636
