1 0.06076555023923445 0.49831932773109244 0.039234449760765545 0.07899159663865546
1 0.2885167464114833 0.23361344537815126 0.018181818181818132 0.03361344537815125
1 0.2885167464114833 0.2638655462184874 0.016267942583732042 0.036974789915966394
1 0.3033492822966507 0.2647058823529412 0.019138755980861233 0.03865546218487395
1 0.35454545454545455 0.26134453781512607 0.02392344497607657 0.03865546218487395
1 0.34258373205741627 0.21008403361344538 0.015311004784688942 0.03361344537815125
1 0.3564593301435407 0.20924369747899157 0.016267942583732042 0.03865546218487395
1 0.369377990430622 0.2218487394957983 0.017224880382775087 0.036974789915966394
1 0.40047846889952154 0.27983193277310925 0.022009569377990423 0.04201680672268904
1 0.38995215311004783 0.2747899159663866 0.020095693779904333 0.052100840336134435
1 0.41291866028708135 0.21344537815126052 0.018181818181818188 0.036974789915966394
1 0.3995215311004785 0.17983193277310924 0.016267942583732042 0.03361344537815125
1 0.3870813397129187 0.18487394957983194 0.016267942583732042 0.036974789915966394
1 0.4239234449760766 0.18907563025210083 0.017224880382775087 0.03529411764705881
1 0.45550239234449763 0.17731092436974788 0.015311004784688997 0.03529411764705884
1 0.46842105263157896 0.2226890756302521 0.020095693779904278 0.04537815126050418
1 0.49521531100478466 0.2218487394957983 0.023923444976076513 0.04033613445378151
1 0.4717703349282297 0.15714285714285714 0.017224880382775143 0.03529411764705881
1 0.47607655502392343 0.1361344537815126 0.014354066985645952 0.02689075630252101
1 0.5033492822966508 0.15714285714285714 0.017224880382775143 0.031932773109243695
1 0.4942583732057416 0.126890756302521 0.012440191387559807 0.021848739495798325
1 0.48708133971291867 0.17983193277310924 0.017224880382775143 0.036974789915966366
1 0.5234449760765549 0.18067226890756302 0.017224880382775143 0.03529411764705881
1 0.539712918660287 0.19411764705882353 0.024880382775119614 0.04201680672268909
1 0.5497607655502392 0.15714285714285714 0.016267942583731987 0.031932773109243695
1 0.5741626794258373 0.13949579831932774 0.013397129186602852 0.030252100840336138
1 0.5755980861244019 0.11092436974789915 0.016267942583732098 0.030252100840336124
1 0.5808612440191387 0.16302521008403362 0.017224880382775032 0.030252100840336138
1 0.6004784688995215 0.11680672268907563 0.014354066985645897 0.031932773109243695
1 0.607177033492823 0.13361344537815126 0.016267942583732098 0.025210084033613453
1 0.6272727272727273 0.11596638655462185 0.012440191387559807 0.030252100840336138
1 0.6330143540669857 0.1361344537815126 0.016267942583732098 0.030252100840336124
1 0.6593301435406699 0.11932773109243698 0.015311004784688942 0.036974789915966394
1 0.6966507177033493 0.11512605042016807 0.013397129186602852 0.02857142857142858
1 0.7033492822966507 0.1411764705882353 0.017224880382775032 0.03697478991596638
1 0.7244019138755982 0.13949579831932774 0.017224880382775143 0.03697478991596638
1 0.6856459330143541 0.16974789915966387 0.018181818181818188 0.030252100840336138
1 0.6717703349282296 0.2008403361344538 0.019138755980861233 0.03865546218487395
1 0.6382775119617226 0.19915966386554623 0.022966507177033413 0.04873949579831935
1 0.5909090909090909 0.22016806722689075 0.02583732057416266 0.05378151260504202
1 0.591866028708134 0.28319327731092436 0.02775119617224875 0.055462184873949605
1 0.5229665071770335 0.29159663865546215 0.02583732057416266 0.04873949579831932
1 0.6215311004784689 0.25630252100840334 0.02775119617224886 0.05546218487394958
1 0.6497607655502392 0.3 0.036363636363636376 0.05882352941176472
1 0.6961722488038278 0.24789915966386555 0.02966507177033495 0.055462184873949605
1 0.7200956937799043 0.21176470588235294 0.022009569377990368 0.04369747899159665
1 0.7220095693779904 0.17563025210084032 0.016267942583731987 0.03529411764705884
1 0.738755980861244 0.1689075630252101 0.017224880382775143 0.03529411764705884
1 0.763157894736842 0.18571428571428572 0.020095693779904278 0.042016806722689065
1 0.7870813397129186 0.19747899159663865 0.022009569377990368 0.04537815126050421
1 0.7803827751196173 0.15798319327731092 0.016267942583732098 0.030252100840336138
1 0.7660287081339713 0.1411764705882353 0.014354066985645897 0.026890756302521024
1 0.7669856459330143 0.11176470588235293 0.014354066985645897 0.028571428571428567
1 0.7813397129186603 0.12184873949579833 0.014354066985646008 0.03193277310924371
1 0.7913875598086124 0.1369747899159664 0.015311004784688942 0.03529411764705882
1 0.8129186602870813 0.15966386554621848 0.022009569377990368 0.03361344537815128
1 0.8291866028708135 0.12268907563025211 0.018181818181818188 0.030252100840336138
1 0.831578947368421 0.1445378151260504 0.015311004784689053 0.03025210084033611
1 0.8483253588516746 0.1445378151260504 0.016267942583732098 0.03025210084033611
1 0.8588516746411483 0.17478991596638654 0.016267942583731987 0.03361344537815128
1 0.8650717703349282 0.15546218487394958 0.015311004784688942 0.03529411764705881
1 0.8497607655502393 0.20756302521008402 0.019138755980861233 0.042016806722689065
1 0.7717703349282297 0.2529411764705882 0.02583732057416266 0.04873949579831935
1 0.7411483253588517 0.28319327731092436 0.02775119617224875 0.06218487394957983
1 0.7885167464114833 0.29831932773109243 0.030622009569377995 0.05210084033613449
1 0.8631578947368421 0.2890756302521008 0.028708133971291794 0.05378151260504199
1 0.8822966507177034 0.22857142857142856 0.024880382775119614 0.05042016806722688
1 0.9119617224880383 0.20756302521008402 0.022966507177033524 0.042016806722689065
1 0.9095693779904306 0.16722689075630254 0.014354066985646008 0.03529411764705884
1 0.9138755980861244 0.1495798319327731 0.015311004784688942 0.026890756302521024
1 0.9473684210526316 0.23361344537815126 0.022966507177033413 0.04033613445378151
1 0.9411483253588517 0.2773109243697479 0.023923444976076458 0.05378151260504199
