1 0.0175 0.45666666666666667 0.030000000000000002 0.06666666666666665
1 0.02625 0.4033333333333333 0.0225 0.04666666666666669
1 0.07625 0.41000000000000003 0.027499999999999997 0.04666666666666669
1 0.16375 0.41666666666666663 0.027499999999999997 0.04666666666666669
1 0.17375000000000002 0.39666666666666667 0.022499999999999992 0.033333333333333326
1 0.20875 0.4066666666666667 0.027499999999999997 0.046666666666666634
1 0.2 0.4916666666666667 0.05500000000000002 0.07666666666666672
1 0.27749999999999997 0.38666666666666666 0.024999999999999967 0.040000000000000036
1 0.31125 0.39666666666666667 0.02250000000000002 0.033333333333333326
1 0.35250000000000004 0.39166666666666666 0.019999999999999962 0.036666666666666625
1 0.33625 0.515 0.057499999999999996 0.07000000000000006
1 0.41125 0.435 0.03749999999999998 0.05666666666666664
1 0.41625 0.3883333333333333 0.022499999999999964 0.043333333333333335
1 0.46375 0.42 0.02749999999999997 0.053333333333333344
1 0.505 0.44333333333333336 0.034999999999999976 0.05333333333333329
1 0.5249999999999999 0.41333333333333333 0.025000000000000022 0.046666666666666634
1 0.59 0.385 0.020000000000000018 0.03666666666666668
1 0.5900000000000001 0.43666666666666665 0.03500000000000003 0.053333333333333344
1 0.64375 0.4083333333333333 0.02749999999999997 0.04999999999999999
1 0.6725000000000001 0.3933333333333333 0.025000000000000022 0.03999999999999998
1 0.7337499999999999 0.45999999999999996 0.03749999999999998 0.0733333333333333
1 0.74375 0.5783333333333334 0.07250000000000001 0.10333333333333339
1 0.75 0.40166666666666667 0.030000000000000027 0.043333333333333335
1 0.815 0.29500000000000004 0.04500000000000004 0.07
1 0.88625 0.29 0.07250000000000001 0.08666666666666664
