1 0.14250000000000002 0.5048798798798799 0.08199999999999999 0.16291291291291288
1 0.32125000000000004 0.4876126126126126 0.066 0.10735735735735735
1 0.405 0.4851726726726726 0.061 0.08746246246246242
1 0.49212500000000003 0.6978228228228228 0.12975000000000003 0.2207207207207207
1 0.6463749999999999 0.5930930930930931 0.09524999999999995 0.18243243243243246
1 0.5702499999999999 0.458521021021021 0.06399999999999995 0.09872372372372368
1 0.749125 0.4283033033033033 0.035250000000000004 0.06756756756756754
1 0.7444999999999999 0.39695945945945943 0.03749999999999998 0.0574324324324324
1 0.7685 0.5195195195195195 0.0675 0.1358858858858859
1 0.86275 0.4986861861861862 0.0625 0.11073573573573575
1 0.840375 0.4172297297297297 0.03475000000000006 0.05217717717717718
1 0.85575 0.40990990990990994 0.02499999999999991 0.04804804804804802
1 0.92925 0.45645645645645644 0.05699999999999994 0.0780780780780781
1 0.950375 0.42774024024024027 0.03125 0.05818318318318322
