1 0.23751387347391786 0.383399209486166 0.0532741398446171 0.1067193675889328
1 0.553274139844617 0.18577075098814227 0.018867924528301883 0.043478260869565216
1 0.5521642619311875 0.2855731225296443 0.029966703662597127 0.06521739130434784
1 0.634850166481687 0.1907114624505929 0.02219755826859049 0.04545454545454544
1 0.6731409544950056 0.18478260869565216 0.023307436182020025 0.04545454545454544
1 0.6803551609322975 0.20553359683794467 0.02663706992230852 0.047430830039525695
1 0.6736958934517203 0.24604743083003955 0.031076581576026552 0.05731225296442691
1 0.6703662597114317 0.31126482213438733 0.033296337402885734 0.06916996047430829
1 0.7142064372918979 0.19960474308300397 0.023307436182020025 0.051383399209486175
1 0.7486126526082131 0.20652173913043478 0.025527192008879096 0.05731225296442688
1 0.7569367369589345 0.23616600790513834 0.019977802441731418 0.04940711462450592
1 0.7291897891231964 0.26482213438735175 0.02663706992230852 0.055335968379446626
1 0.8324084350721421 0.3616600790513834 0.031076581576026663 0.06324110671936761
1 0.9173140954495005 0.3824110671936759 0.03440621531631527 0.0810276679841897
