1 0.0739171374764595 0.4103852596314908 0.042372881355932195 0.08375209380234505
1 0.3295668549905838 0.25795644891122277 0.01883239171374762 0.0368509212730318
1 0.314030131826742 0.23366834170854273 0.0160075329566855 0.025125628140703515
1 0.3305084745762712 0.22780569514237856 0.015065913370998107 0.026800670016750405
1 0.35263653483992463 0.23115577889447236 0.017890772128060284 0.04020100502512561
1 0.3667608286252354 0.24371859296482412 0.01789077212806023 0.045226130653266305
1 0.3870056497175141 0.26214405360134 0.02259887005649719 0.05192629815745395
1 0.36629001883239176 0.19597989949748743 0.01694915254237289 0.03350083752093802
1 0.3987758945386064 0.22110552763819097 0.019774011299435013 0.04020100502512561
1 0.3865348399246704 0.1934673366834171 0.017890772128060284 0.03852596314907872
1 0.4091337099811676 0.19011725293132328 0.01789077212806023 0.038525963149078746
1 0.4524482109227872 0.18927973199329984 0.01789077212806023 0.03685092127303183
1 0.4708097928436912 0.23283082077051925 0.018832391713747676 0.04020100502512566
1 0.4576271186440678 0.2303182579564489 0.016949152542372836 0.03517587939698494
1 0.47269303201506596 0.20603015075376885 0.015065913370998107 0.026800670016750405
1 0.475517890772128 0.17755443886097153 0.013182674199623323 0.03350083752093802
1 0.4910546139359699 0.2001675041876047 0.019774011299435013 0.04187604690117255
1 0.5324858757062148 0.20603015075376885 0.019774011299435013 0.043551088777219416
1 0.5230696798493408 0.17169179229480735 0.019774011299435013 0.04522613065326633
1 0.544256120527307 0.15577889447236182 0.015065913370998052 0.040201005025125636
1 0.5607344632768362 0.06448911222780569 0.016007532956685555 0.028475711892797316
1 0.582391713747646 0.06365159128978225 0.01412429378531077 0.026800670016750412
1 0.6233521657250471 0.06700167504187604 0.015065913370998163 0.030150753768844227
1 0.666195856873823 0.048576214405360134 0.016007532956685555 0.02680067001675042
1 0.6967984934086628 0.05360134003350084 0.015065913370998163 0.03685092127303183
1 0.7283427495291902 0.0661641541038526 0.01412429378531077 0.031825795644891124
1 0.620527306967985 0.14991624790619767 0.020715630885122405 0.03517587939698494
1 0.6172316384180792 0.12395309882747069 0.016007532956685444 0.023450586264656625
1 0.5805084745762712 0.1440536013400335 0.012241054613935987 0.026800670016750405
1 0.5649717514124294 0.12311557788944724 0.015065913370998052 0.03182579564489113
1 0.5729755178907721 0.1708542713567839 0.01789077212806023 0.03350083752093802
1 0.5955743879472692 0.13400335008375208 0.012241054613935876 0.026800670016750433
1 0.5009416195856874 0.3324958123953099 0.026365348399246757 0.058626465661641536
1 0.5663841807909604 0.3082077051926298 0.029190207156308823 0.06365159128978226
1 0.6073446327683616 0.3291457286432161 0.03389830508474567 0.06867671691792293
1 0.6139359698681732 0.24036850921273034 0.02824858757062143 0.058626465661641564
1 0.634180790960452 0.20603015075376885 0.019774011299435013 0.043551088777219416
1 0.6539548022598871 0.2001675041876047 0.021657250470809797 0.05192629815745395
1 0.6732580037664784 0.2102177554438861 0.02259887005649719 0.05192629815745392
1 0.6784369114877589 0.25711892797319935 0.02354048964218458 0.05192629815745392
1 0.7161016949152542 0.22110552763819097 0.02730696798493404 0.05360134003350084
1 0.7048022598870056 0.18844221105527637 0.01789077212806023 0.0318257956448911
1 0.704331450094162 0.14489112227805695 0.020715630885122405 0.041876046901172526
1 0.7170433145009416 0.14824120603015076 0.01789077212806034 0.03517587939698491
1 0.7612994350282486 0.13400335008375208 0.01789077212806034 0.04020100502512562
1 0.769774011299435 0.16247906197654943 0.01789077212806034 0.03685092127303183
1 0.7401129943502824 0.2001675041876047 0.02259887005649719 0.05192629815745395
1 0.722693032015066 0.2797319932998325 0.02730696798493415 0.06365159128978226
1 0.7702448210922788 0.2269681742043551 0.02824858757062143 0.058626465661641536
1 0.7843691148775895 0.2989949748743719 0.02824858757062143 0.058626465661641536
1 0.7890772128060264 0.1407035175879397 0.01883239171374762 0.040201005025125636
1 0.8074387947269304 0.1574539363484087 0.019774011299435013 0.043551088777219416
1 0.847457627118644 0.17755443886097153 0.02259887005649719 0.04690117252931325
1 0.8611111111111112 0.16164154103852596 0.019774011299435013 0.038525963149078746
1 0.89030131826742 0.19681742043551087 0.019774011299435013 0.04522613065326633
1 0.8973634651600754 0.16415410385259632 0.02259887005649719 0.04355108877721944
1 0.8691148775894539 0.2537688442211055 0.026365348399246646 0.05527638190954773
1 0.8436911487758945 0.3232830820770519 0.03578154425612057 0.07370184254606366
1 0.9157250470809792 0.2529313232830821 0.025423728813559365 0.056951423785594646
1 0.9745762711864407 0.3408710217755444 0.039548022598870136 0.08542713567839194
