1 0.09550561797752809 0.5595238095238095 0.05136436597110755 0.12585034013605445
1 0.2030497592295345 0.288265306122449 0.02247191011235955 0.05272108843537415
1 0.2267255216693419 0.2789115646258503 0.0232744783306581 0.054421768707483
1 0.2748796147672552 0.22534013605442177 0.018459069020866747 0.04931972789115646
1 0.28130016051364365 0.25170068027210885 0.0200642054574639 0.04761904761904759
1 0.30698234349919745 0.2032312925170068 0.021669341894061 0.04931972789115646
1 0.32624398073836275 0.2100340136054422 0.0200642054574639 0.04931972789115646
1 0.34430176565008025 0.2193877551020408 0.019261637239165297 0.047619047619047616
1 0.3671749598715891 0.24914965986394555 0.0232744783306581 0.052721088435374125
1 0.3631621187800963 0.18877551020408162 0.018459069020866803 0.04081632653061226
1 0.3864365971107544 0.18112244897959184 0.018459069020866747 0.03911564625850339
1 0.3920545746388443 0.22448979591836735 0.0200642054574639 0.05102040816326531
1 0.4317817014446228 0.29591836734693877 0.025682182985553803 0.061224489795918324
1 0.4285714285714286 0.1913265306122449 0.017656500802568253 0.04251700680272108
1 0.43980738362760835 0.14795918367346939 0.0160513643659711 0.03401360544217685
1 0.4546548956661316 0.15306122448979592 0.013643659711075451 0.03061224489795919
1 0.4747191011235955 0.16241496598639454 0.016853932584269704 0.04931972789115649
1 0.4743178170144462 0.23469387755102042 0.02247191011235955 0.054421768707483
1 0.4907704654895666 0.2108843537414966 0.01685393258426965 0.047619047619047616
1 0.5240770465489566 0.2227891156462585 0.019261637239165297 0.040816326530612235
1 0.5180577849117175 0.16156462585034015 0.02006420545746379 0.04421768707482995
1 0.4935794542536116 0.14285714285714285 0.017656500802568253 0.044217687074829926
1 0.5264847512038523 0.1488095238095238 0.017656500802568198 0.03911564625850339
1 0.5537720706260032 0.1437074829931973 0.0160513643659711 0.035714285714285726
1 0.5513643659711075 0.12329931972789115 0.014446227929374 0.03231292517006802
1 0.5742375601926164 0.125 0.016853932584269704 0.03911564625850339
1 0.579454253611557 0.15476190476190477 0.0160513643659711 0.037414965986394544
1 0.5758426966292134 0.18962585034013604 0.0200642054574639 0.04591836734693877
1 0.6047351524879614 0.18452380952380953 0.016853932584269704 0.04251700680272111
1 0.6139646869983948 0.16581632653061223 0.019261637239165297 0.035714285714285726
1 0.6059390048154093 0.14540816326530615 0.014446227929374 0.032312925170068035
1 0.598314606741573 0.11394557823129252 0.015248796147672494 0.03061224489795919
1 0.6324237560192616 0.11139455782312926 0.012841091492776902 0.03571428571428571
1 0.6552969502407704 0.1403061224489796 0.015248796147672494 0.028911564625850344
1 0.6548956661316212 0.11819727891156462 0.012841091492776902 0.04251700680272108
1 0.6597110754414125 0.17431972789115646 0.017656500802568198 0.03911564625850339
1 0.684991974317817 0.14540816326530612 0.016853932584269593 0.04251700680272108
1 0.6914125200642054 0.13095238095238096 0.016853932584269704 0.03741496598639456
1 0.71669341894061 0.14285714285714285 0.01765650080256831 0.044217687074829926
1 0.6902086677367576 0.20748299319727892 0.019261637239165297 0.047619047619047616
1 0.6657303370786517 0.22704081632653061 0.021669341894061 0.05272108843537415
1 0.6223916532905297 0.2908163265306123 0.026484751203852408 0.06802721088435376
1 0.5738362760834671 0.31887755102040816 0.02728731942215079 0.06632653061224492
1 0.6087479935794542 0.35289115646258506 0.031300160513643704 0.07653061224489793
1 0.6544943820224719 0.4022108843537415 0.03130016051364359 0.07653061224489793
1 0.723916532905297 0.3877551020408163 0.027287319422150902 0.07142857142857145
1 0.7142857142857143 0.24404761904761907 0.019261637239165408 0.05612244897959187
1 0.745585874799358 0.2185374149659864 0.019261637239165297 0.05272108843537415
1 0.7516051364365971 0.2814625850340136 0.026484751203852408 0.06292517006802723
1 0.803370786516854 0.3001700680272109 0.022471910112359494 0.06292517006802717
1 0.7925361155698234 0.2491496598639456 0.0200642054574639 0.04931972789115649
1 0.7780898876404494 0.20918367346938777 0.0232744783306581 0.05102040816326531
1 0.7640449438202247 0.17517006802721088 0.017656500802568198 0.040816326530612235
1 0.807784911717496 0.179421768707483 0.0200642054574639 0.04591836734693877
1 0.8162118780096308 0.21683673469387754 0.0160513643659711 0.04591836734693877
1 0.8314606741573034 0.20408163265306123 0.014446227929374 0.040816326530612235
1 0.8607544141252006 0.217687074829932 0.013643659711075506 0.03401360544217688
1 0.8743980738362761 0.22108843537414966 0.013643659711075395 0.044217687074829926
1 0.8904494382022472 0.266156462585034 0.0200642054574639 0.04931972789115646
1 0.906099518459069 0.22534013605442177 0.014446227929374 0.04931972789115646
1 0.8575441412520064 0.3273809523809524 0.0200642054574639 0.059523809523809534
1 0.8663723916532906 0.30442176870748294 0.015248796147672494 0.05102040816326531
1 0.8812199036918138 0.3894557823129252 0.025682182985553803 0.06802721088435376
1 0.7949438202247191 0.4481292517006803 0.0329052969502408 0.09693877551020408
1 0.8587479935794542 0.5238095238095237 0.03210272873194231 0.08163265306122447
1 0.9253611556982344 0.320578231292517 0.01765650080256831 0.05272108843537415
1 0.9329855537720706 0.26105442176870747 0.016853932584269704 0.049319727891156434
1 0.9558587479935794 0.25 0.01765650080256831 0.04081632653061226
1 0.9847512038523274 0.25 0.014446227929374 0.03741496598639457
1 0.9751203852327448 0.35459183673469385 0.0160513643659711 0.056122448979591844
1 0.9743178170144462 0.3163265306122449 0.012841091492776902 0.037414965986394544
1 0.9470304975922954 0.36904761904761907 0.024077046548956704 0.06802721088435376
1 0.9454253611556982 0.4379251700680272 0.024077046548956704 0.0731292517006803
