1 0.057158712541620416 0.6179166666666667 0.06326304106548279 0.0475000000000001
1 0.049944506104328525 0.5754166666666667 0.03995560488346282 0.03749999999999998
1 0.10377358490566038 0.5654166666666667 0.05660377358490566 0.04249999999999998
1 0.24639289678135406 0.5554166666666667 0.039955604883462836 0.03416666666666668
1 0.3257491675915649 0.5933333333333333 0.061043285238623735 0.043333333333333335
1 0.33684794672586016 0.55375 0.0388457269700333 0.03083333333333338
1 0.4361820199778025 0.5591666666666666 0.0532741398446171 0.033333333333333326
1 0.5205327413984462 0.5545833333333333 0.0532741398446171 0.03249999999999997
1 0.46059933407325193 0.6745833333333333 0.10876803551609315 0.09250000000000003
1 0.4078801331853496 0.7954166666666667 0.20310765815760268 0.1825
1 0.7275249722530521 0.6074999999999999 0.09433962264150941 0.07999999999999996
1 0.6293007769145393 0.5708333333333333 0.06659267480577136 0.05500000000000005
1 0.6759156492785794 0.5454166666666667 0.04217536071032191 0.04083333333333328
1 0.7275249722530521 0.5525 0.047724750277469474 0.040000000000000036
1 0.8412874583795782 0.5475 0.05549389567147622 0.04166666666666674
1 0.9261931187569368 0.6004166666666667 0.08324084350721417 0.07250000000000001
1 0.8729189789123197 0.7233333333333334 0.16759156492785798 0.14333333333333342
