1 0.20671206225680933 0.43923611111111116 0.03793774319066148 0.0798611111111111
1 0.1619649805447471 0.22743055555555558 0.016536964980544744 0.03819444444444445
1 0.28696498054474706 0.2326388888888889 0.01556420233463035 0.03819444444444445
1 0.33365758754863817 0.2152777777777778 0.017509727626459137 0.03472222222222224
1 0.34970817120622566 0.2612847222222222 0.020428015564202318 0.04340277777777776
1 0.35797665369649806 0.2170138888888889 0.01945525291828798 0.03819444444444445
1 0.3939688715953308 0.19618055555555555 0.019455252918287924 0.03125
1 0.4090466926070039 0.2439236111111111 0.016536964980544744 0.03645833333333334
1 0.42217898832684825 0.19618055555555555 0.013618677042801508 0.03125
1 0.4508754863813229 0.2152777777777778 0.01848249027237353 0.03819444444444445
1 0.49270428015564205 0.1736111111111111 0.01264591439688717 0.03125
1 0.4727626459143969 0.15538194444444445 0.013618677042801564 0.032986111111111105
1 0.44163424124513617 0.1579861111111111 0.01556420233463035 0.024305555555555552
1 0.4241245136186771 0.16319444444444445 0.011673151750972777 0.020833333333333315
1 0.5447470817120623 0.19270833333333334 0.01945525291828798 0.045138888888888895
1 0.5442607003891051 0.15625 0.0165369649805448 0.03125
1 0.49173151750972766 0.1388888888888889 0.014591439688715957 0.03125
1 0.5009727626459144 0.1519097222222222 0.015564202334630295 0.026041666666666657
1 0.6648832684824904 0.051215277777777776 0.014591439688716012 0.022569444444444448
1 0.7334630350194553 0.14322916666666666 0.013618677042801619 0.032986111111111105
1 0.6527237354085603 0.22916666666666669 0.01945525291828787 0.04166666666666666
1 0.6746108949416343 0.2300347222222222 0.0165369649805448 0.03993055555555555
1 0.5992217898832686 0.23524305555555555 0.023346303501945553 0.032986111111111105
1 0.9119649805447472 0.3576388888888889 0.02821011673151752 0.05555555555555558
1 0.8929961089494163 0.2404513888888889 0.017509727626459193 0.04340277777777779
1 0.9221789883268483 0.24305555555555555 0.017509727626459193 0.045138888888888895
1 0.9012645914396887 0.20052083333333331 0.014591439688715901 0.03645833333333334
1 0.9382295719844358 0.203125 0.014591439688715901 0.03472222222222221
1 0.9547665369649805 0.17881944444444445 0.014591439688716012 0.02777777777777779
