1 0.19990224828934505 0.36994727592267135 0.04789833822091885 0.09314586994727592
1 0.28739002932551316 0.22319859402460457 0.013685239491691148 0.03514938488576452
1 0.32111436950146627 0.24165202108963094 0.016617790811339184 0.04042179261862916
1 0.3304007820136852 0.18101933216168717 0.013685239491691092 0.03163444639718804
1 0.32991202346041054 0.22319859402460457 0.014662756598240456 0.02811950790861162
1 0.3514173998044966 0.18892794376098418 0.01661779081133924 0.033391915641476255
1 0.3709677419354839 0.19947275922671354 0.016617790811339184 0.04042179261862916
1 0.38465298142717497 0.2478031634446397 0.01857282502443791 0.038664323374340975
1 0.375366568914956 0.23637961335676627 0.01564027370478982 0.02987697715289983
1 0.4022482893450635 0.19420035149384884 0.018572825024437967 0.04042179261862919
1 0.42473118279569894 0.22759226713532515 0.01857282502443791 0.04745166959578209
1 0.4452590420332356 0.2179261862917399 0.01857282502443791 0.03866432337434095
1 0.44574780058651026 0.19244288224956063 0.01564027370478982 0.02987697715289983
1 0.4398826979472141 0.1678383128295255 0.01564027370478982 0.02987697715289983
1 0.4173998044965787 0.1704745166959578 0.01564027370478982 0.03163444639718804
1 0.42424242424242425 0.14411247803163446 0.011730205278592365 0.03163444639718807
1 0.45943304007820135 0.14499121265377857 0.013685239491691092 0.03339191564147628
1 0.47165200391006845 0.14235500878734622 0.012707722385141784 0.02811950790861162
1 0.47702834799608995 0.18101933216168717 0.01955034213098733 0.03866432337434095
1 0.5053763440860215 0.21528998242530756 0.019550342130987275 0.04042179261862916
1 0.4995112414467253 0.19068541300527242 0.013685239491691092 0.02636203866432338
1 0.4970674486803519 0.15992970123022848 0.014662756598240456 0.03163444639718807
1 0.48826979472140764 0.14235500878734622 0.012707722385141729 0.02460456942003514
1 0.5029325513196481 0.1203866432337434 0.012707722385141729 0.029876977152899817
1 0.5205278592375366 0.13532513181019332 0.014662756598240456 0.03163444639718804
1 0.5366568914956011 0.16608084358523728 0.013685239491691092 0.03339191564147628
1 0.5547409579667644 0.18717047451669594 0.016617790811339295 0.04042179261862919
1 0.5562072336265884 0.15729349736379614 0.01564027370478993 0.02987697715289983
1 0.5478983382209188 0.14235500878734622 0.010752688172043001 0.021089630931458714
1 0.543010752688172 0.12126537785588752 0.014662756598240456 0.02811950790861159
1 0.5718475073313783 0.12126537785588752 0.013685239491691092 0.02811950790861159
1 0.5860215053763441 0.1748681898066784 0.01857282502443791 0.03690685413005271
1 0.5801564027370479 0.11511423550087874 0.010752688172043001 0.022847100175746926
1 0.5987292277614858 0.13005272407732865 0.014662756598240456 0.03163444639718806
1 0.6109481915933529 0.11159929701230228 0.011730205278592365 0.02636203866432338
1 0.6221896383186706 0.15992970123022848 0.016617790811339184 0.03163444639718807
1 0.6329423264907136 0.1274165202108963 0.014662756598240456 0.033391915641476255
1 0.658357771260997 0.1344463971880492 0.02052785923753664 0.036906854130052735
1 0.6603128054740958 0.10281195079086117 0.014662756598240456 0.026362038664323365
1 0.6935483870967742 0.12038664323374342 0.01270772238514184 0.02636203866432338
1 0.6920821114369502 0.10017574692442882 0.011730205278592476 0.0210896309314587
1 0.7126099706744868 0.10808435852372583 0.013685239491691092 0.02987697715289983
1 0.5679374389051808 0.24253075571177504 0.02541544477028357 0.05623901581722318
1 0.5381231671554252 0.29613356766256593 0.02834799608993155 0.05448154657293497
1 0.49364613880742914 0.28471001757469244 0.029325513196480912 0.04920913884007028
1 0.6055718475073314 0.3163444639718805 0.030303030303030276 0.06326889279437609
1 0.615347018572825 0.2548330404217926 0.022482893450635366 0.052724077328646785
1 0.6300097751710655 0.22671353251318105 0.022482893450635366 0.049209138840070304
1 0.6710654936461388 0.18804920913884007 0.02052785923753664 0.04569420035149385
1 0.6749755620723363 0.2521968365553603 0.026392961876832932 0.05799648506151145
1 0.6999022482893451 0.3145869947275922 0.027370478983382296 0.05272407732864676
1 0.727761485826002 0.3093145869947276 0.022482893450635366 0.05623901581722318
1 0.7214076246334311 0.218804920913884 0.019550342130987275 0.04393673110720564
1 0.7130987292277615 0.18101933216168717 0.01857282502443791 0.03514938488576452
1 0.6994134897360704 0.1616871704745167 0.012707722385141729 0.03163444639718804
1 0.7209188660801564 0.15026362038664323 0.016617790811339184 0.036906854130052735
1 0.7463343108504399 0.13971880492091387 0.014662756598240456 0.03339191564147628
1 0.7414467253176931 0.1634446397188049 0.014662756598240456 0.035149384885764495
1 0.7438905180840665 0.19420035149384884 0.017595307917888547 0.04393673110720561
1 0.761485826001955 0.1616871704745167 0.013685239491691092 0.03514938488576452
1 0.7776148582600195 0.13268892794376097 0.014662756598240456 0.03690685413005272
1 0.7917888563049853 0.1616871704745167 0.017595307917888547 0.03514938488576452
1 0.7893450635386119 0.2258347978910369 0.02052785923753664 0.04393673110720561
1 0.7678396871945259 0.24077328646748683 0.022482893450635366 0.05272407732864676
1 0.7893450635386119 0.2829525483304042 0.02639296187683282 0.05623901581722318
1 0.7487781036168133 0.38137082601054484 0.03323558162267837 0.08084358523725838
1 0.8196480938416422 0.38927943760984185 0.03421309872922784 0.07908611599297016
1 0.8343108504398827 0.3145869947275922 0.02834799608993155 0.07029876977152899
1 0.8167155425219941 0.2539543057996485 0.022482893450635477 0.054481546572935
1 0.8724340175953079 0.2592267135325132 0.022482893450635366 0.05096660808435852
1 0.8973607038123167 0.4305799648506151 0.03323558162267837 0.08787346221441128
1 0.918377321603128 0.33655536028119504 0.032258064516129004 0.06854130052724078
1 0.9213098729227761 0.28031634446397186 0.02639296187683282 0.061511423550087846
1 0.8870967741935484 0.22847100175746926 0.02052785923753664 0.05272407732864673
1 0.9320625610948192 0.21441124780316345 0.02052785923753675 0.03866432337434095
