1 0.1185216652506372 0.5564285714285714 0.04502973661852165 0.0842857142857143
1 0.21707731520815632 0.33499999999999996 0.021240441801189475 0.038571428571428534
1 0.24681393372982158 0.34071428571428575 0.022939677145284637 0.041428571428571426
1 0.2697536108751062 0.3792857142857143 0.02293967714528461 0.04714285714285715
1 0.27655055225148684 0.3092857142857143 0.024638912489379772 0.04428571428571426
1 0.32327952421410366 0.3678571428571429 0.02973661852166526 0.05857142857142855
1 0.3440951571792693 0.3292857142857143 0.02378929481733222 0.04714285714285715
1 0.342820730671198 0.2978571428571428 0.019541206457094284 0.03285714285714286
1 0.3772302463891249 0.33714285714285713 0.020390824129141838 0.040000000000000036
1 0.4027187765505522 0.33071428571428574 0.02378929481733222 0.038571428571428534
1 0.39847068819031434 0.29642857142857143 0.022090059473237056 0.03285714285714281
1 0.383177570093458 0.26142857142857145 0.01699235344095157 0.03142857142857142
1 0.4409515717926933 0.3392857142857143 0.02548853016142738 0.04999999999999999
1 0.4260832625318607 0.31285714285714283 0.019541206457094284 0.037142857142857144
1 0.4184367034834324 0.25785714285714284 0.014443500424808853 0.03
1 0.4388275276125744 0.2678571428571429 0.017841971112999178 0.03285714285714286
1 0.4685641461342396 0.30714285714285716 0.019541206457094284 0.03999999999999998
1 0.46601529311809686 0.265 0.016142735768904015 0.030000000000000027
1 0.4600679694137638 0.23857142857142855 0.017841971112999178 0.028571428571428553
1 0.5004248088360238 0.26 0.01699235344095157 0.03142857142857142
1 0.5174171622769754 0.27642857142857147 0.015293118096856406 0.03285714285714286
1 0.5174171622769754 0.24642857142857144 0.013593882752761188 0.027142857142857163
1 0.5382327952421411 0.24571428571428572 0.01954120645709434 0.03428571428571428
1 0.5539507221750213 0.27928571428571425 0.016992353440951624 0.03285714285714286
1 0.5773152081563296 0.2571428571428571 0.017841971112999122 0.03142857142857142
1 0.5717926932880204 0.23142857142857143 0.0135938827527613 0.022857142857142854
1 0.5671197960917587 0.21928571428571428 0.01274426508071369 0.027142857142857135
1 0.6040781648258284 0.22071428571428572 0.015293118096856406 0.027142857142857135
1 0.5875106202209006 0.235 0.009345794392523366 0.027142857142857163
1 0.6002548853016143 0.25142857142857145 0.014443500424808797 0.02857142857142858
1 0.6104502973661852 0.20642857142857143 0.011045029736618583 0.0242857142857143
1 0.6274426508071368 0.21285714285714286 0.014443500424808908 0.03142857142857142
1 0.6406117247238743 0.2235714285714286 0.015293118096856406 0.027142857142857163
1 0.6423109600679694 0.2392857142857143 0.016992353440951513 0.03285714285714286
1 0.6728971962616823 0.22999999999999998 0.013593882752761188 0.028571428571428553
1 0.687340696686491 0.2257142857142857 0.015293118096856406 0.025714285714285717
1 0.6720475785896347 0.20500000000000002 0.015293118096856406 0.03
1 0.47578589634664403 0.40714285714285714 0.030586236193712868 0.06285714285714283
1 0.5348343245539507 0.34857142857142853 0.02633814783347499 0.04857142857142854
1 0.4991503823279524 0.32857142857142857 0.021240441801189502 0.042857142857142816
1 0.5424808836023789 0.40714285714285714 0.03313508920985553 0.05428571428571427
1 0.586661002548853 0.44571428571428573 0.03653355989804585 0.06857142857142856
1 0.602803738317757 0.3842857142857143 0.034834324553950635 0.06285714285714283
1 0.5981308411214954 0.32857142857142857 0.023789294817332274 0.042857142857142816
1 0.6406117247238743 0.46357142857142863 0.03908241291418857 0.08142857142857146
1 0.6656754460492778 0.36642857142857144 0.028037383177570097 0.04428571428571426
1 0.64910790144435 0.345 0.02039082412914195 0.05285714285714288
1 0.6367884451996602 0.30214285714285716 0.022939677145284554 0.04714285714285715
1 0.6690739167374682 0.28 0.021240441801189447 0.04285714285714287
1 0.6975361087510621 0.30142857142857143 0.022090059473237056 0.04571428571428571
1 0.7085811384876806 0.29928571428571427 0.02039082412914195 0.04428571428571432
1 0.7090059473237044 0.25214285714285717 0.01954120645709434 0.035714285714285726
1 0.7349192863211556 0.25214285714285717 0.016992353440951624 0.035714285714285726
1 0.7527612574341547 0.23142857142857143 0.013593882752761188 0.03428571428571431
1 0.7710280373831775 0.2764285714285714 0.016142735768904015 0.03857142857142859
1 0.7880203908241291 0.2671428571428571 0.01954120645709434 0.037142857142857116
1 0.7854715378079864 0.23928571428571427 0.014443500424808908 0.0357142857142857
1 0.7672047578589635 0.26 0.016992353440951513 0.03428571428571428
1 0.816482582837723 0.24071428571428571 0.016992353440951513 0.041428571428571453
1 0.822429906542056 0.30214285714285716 0.02039082412914195 0.041428571428571426
1 0.8177570093457944 0.2864285714285714 0.017841971112999122 0.030000000000000027
1 0.8177570093457944 0.35642857142857143 0.02633814783347488 0.055714285714285716
1 0.7935429056924383 0.4342857142857143 0.028887000849617706 0.06285714285714283
1 0.7213254035683943 0.40285714285714286 0.03398470688190314 0.05714285714285716
1 0.693288020390824 0.3671428571428571 0.027187765505522488 0.051428571428571435
1 0.8389974511469839 0.515 0.03823279524214107 0.0814285714285714
1 0.7022090059473236 0.54 0.03993203058623618 0.0714285714285714
1 0.8691588785046729 0.38642857142857145 0.02548853016142738 0.05285714285714288
1 0.8517417162276975 0.4614285714285714 0.03313508920985553 0.06571428571428573
1 0.9311809685641461 0.4642857142857143 0.035683942225998244 0.07142857142857145
1 0.9222599830076466 0.39142857142857146 0.024638912489379772 0.054285714285714326
1 0.9396771452846219 0.35571428571428576 0.01869158878504673 0.04285714285714287
1 0.9473237043330501 0.32857142857142857 0.02039082412914195 0.040000000000000036
1 0.9485981308411215 0.2764285714285714 0.017841971112999233 0.0357142857142857
1 0.9243840271877655 0.30785714285714283 0.016992353440951624 0.035714285714285754
1 0.8908241291418861 0.3157142857142857 0.01954120645709434 0.04285714285714287
1 0.854715378079864 0.31285714285714283 0.020390824129141838 0.037142857142857144
1 0.8623619371282922 0.2714285714285714 0.016992353440951624 0.037142857142857144
1 0.8500424808836025 0.25642857142857145 0.016142735768904015 0.03285714285714286
1 0.8759558198810535 0.255 0.015293118096856406 0.0357142857142857
1 0.9010195412064571 0.2735714285714286 0.014443500424808908 0.03857142857142859
