1 0.15544041450777202 0.5135869565217391 0.06217616580310881 0.116304347826087
1 0.2775259067357513 0.5168478260869565 0.06023316062176165 0.1076086956521739
1 0.4229274611398964 0.5543478260869565 0.05440414507772018 0.11304347826086958
1 0.5385362694300517 0.3766304347826087 0.04339378238341973 0.09239130434782611
1 0.6253238341968912 0.3967391304347826 0.04339378238341962 0.08913043478260868
1 0.6994818652849741 0.5211956521739131 0.05829015544041449 0.125
1 0.7895077720207254 0.503804347826087 0.05440414507772018 0.13586956521739135
1 0.7363989637305699 0.3875 0.03497409326424872 0.08369565217391306
1 0.7933937823834196 0.24130434782608695 0.04663212435233166 0.08043478260869563
1 0.7004533678756477 0.2516304347826087 0.03950777202072542 0.07934782608695651
1 0.6256476683937824 0.2570652173913044 0.03497409326424861 0.07282608695652176
1 0.5867875647668395 0.225 0.03497409326424872 0.08043478260869569
1 0.5420984455958548 0.22608695652173916 0.03626943005181349 0.08043478260869566
1 0.5064766839378239 0.2701086956521739 0.04145077720207252 0.07717391304347826
1 0.4540155440414508 0.37119565217391304 0.041450777202072575 0.09239130434782605
1 0.43523316062176165 0.23641304347826086 0.03497409326424872 0.08369565217391306
1 0.4643782383419689 0.20978260869565218 0.032383419689119175 0.07826086956521741
1 0.3669041450777202 0.23586956521739127 0.042098445595854905 0.07608695652173911
1 0.31573834196891193 0.37228260869565216 0.05246113989637308 0.10543478260869565
1 0.29306994818652854 0.2668478260869565 0.03950777202072536 0.08152173913043478
1 0.2551813471502591 0.2516304347826087 0.0323834196891192 0.06847826086956524
1 0.2185880829015544 0.25815217391304346 0.03432642487046633 0.07934782608695654
1 0.20498704663212436 0.38315217391304346 0.04598445595854922 0.09021739130434786
1 0.1356865284974093 0.25706521739130433 0.03950777202072539 0.07717391304347829
