1 0.01937269372693727 0.47838214783821476 0.027675276752767528 0.04184100418410047
1 0.0235239852398524 0.44700139470013944 0.015682656826568265 0.03207810320781029
1 0.03874538745387454 0.44072524407252445 0.018450184501845022 0.027894002789400296
1 0.04151291512915129 0.4707112970711297 0.023985239852398522 0.037656903765690364
1 0.06595940959409594 0.4456066945606695 0.021217712177121775 0.03207810320781029
1 0.08579335793357934 0.4295676429567643 0.020295202952029523 0.030683403068340276
1 0.10101476014760147 0.44142259414225943 0.01937269372693727 0.029288702928870314
1 0.1194649446494465 0.4595536959553696 0.034132841328413294 0.04881450488145045
1 0.1033210332103321 0.42677824267782427 0.022140221402214028 0.025104602510460206
1 0.1282287822878229 0.42398884239888424 0.016605166051660528 0.02789400278940024
1 0.1429889298892989 0.43026499302649934 0.020295202952029523 0.03207810320781029
1 0.14391143911439114 0.45746164574616455 0.020295202952029523 0.0362622036262204
1 0.17343173431734316 0.46582984658298465 0.027675276752767514 0.03905160390516038
1 0.17896678966789667 0.4225941422594142 0.020295202952029523 0.030683403068340276
1 0.1960332103321033 0.40376569037656906 0.015682656826568248 0.02928870292887026
1 0.2209409594095941 0.4232914923291492 0.015682656826568275 0.03207810320781029
1 0.20341328413284132 0.45188284518828453 0.02490774907749077 0.03905160390516038
1 0.23108856088560886 0.48465829846582986 0.0359778597785978 0.04881450488145056
1 0.2458487084870849 0.45676429567642957 0.02121771217712179 0.034867503486750384
1 0.23477859778597787 0.40376569037656906 0.015682656826568248 0.02928870292887026
1 0.27167896678966785 0.42608089260808923 0.023062730627306294 0.03486750348675033
1 0.27167896678966785 0.4539748953974896 0.023062730627306294 0.043235704323570434
1 0.27121771217712176 0.4065550906555091 0.014760147601476037 0.03207810320781029
1 0.3035055350553506 0.42887029288702927 0.020295202952029523 0.03486750348675033
1 0.3205719557195572 0.4581589958158996 0.02490774907749077 0.04881450488145045
1 0.30488929889298894 0.38912133891213385 0.017527675276752808 0.03068340306834033
1 0.3168819188191882 0.3793584379358438 0.01014760147601479 0.027894002789400296
1 0.32656826568265684 0.396792189679219 0.016605166051660514 0.029288702928870314
1 0.33394833948339486 0.42677824267782427 0.022140221402214 0.03347280334728031
1 0.3551660516605166 0.45327754532775455 0.02583025830258301 0.04463040446304045
1 0.35009225092250923 0.38354253835425384 0.013837638376383743 0.02789400278940024
1 0.36162361623616235 0.3842398884239888 0.016605166051660514 0.03207810320781029
1 0.3814575645756457 0.4072524407252441 0.015682656826568275 0.030683403068340276
1 0.375 0.38842398884239887 0.011992619926199266 0.02092050209205021
1 0.38883763837638374 0.3786610878661088 0.015682656826568275 0.02649930264993028
1 0.41605166051660514 0.3716875871687587 0.011070110701107028 0.023709902370990243
1 0.4345018450184502 0.3779637377963738 0.014760147601476037 0.02510460251046026
1 0.4289667896678967 0.399581589958159 0.014760147601475981 0.029288702928870314
1 0.44095940959409596 0.40376569037656906 0.016605166051660514 0.03486750348675033
1 0.42850553505535055 0.4804741980474198 0.03413284132841332 0.04881450488145045
1 0.4617158671586716 0.49651324965132493 0.0359778597785978 0.05857740585774057
1 0.47693726937269376 0.47280334728033474 0.029520295202952018 0.03905160390516038
1 0.4663284132841329 0.4476987447698745 0.02490774907749077 0.04463040446304045
1 0.4584870848708487 0.39748953974895396 0.01845018450184499 0.03347280334728037
1 0.45987084870848705 0.3772663877266388 0.010147601476014734 0.023709902370990243
1 0.4492619926199262 0.3737796373779637 0.016605166051660514 0.027894002789400296
1 0.5004612546125462 0.3647140864714086 0.01014760147601479 0.02092050209205021
1 0.5018450184501845 0.3912133891213389 0.01845018450184499 0.03765690376569042
1 0.5092250922509225 0.4065550906555091 0.020295202952029523 0.03207810320781029
1 0.5193726937269372 0.38912133891213385 0.016605166051660514 0.027894002789400296
1 0.5821033210332103 0.3793584379358438 0.0184501845018451 0.027894002789400296
1 0.58809963099631 0.3633193863319386 0.011992619926199155 0.02092050209205021
1 0.5922509225092251 0.40376569037656906 0.014760147601476037 0.02928870292887026
1 0.551660516605166 0.4616457461645746 0.022140221402214055 0.03905160390516038
1 0.49630996309963105 0.44700139470013944 0.02767527675276754 0.02928870292887026
1 0.4935424354243543 0.4707112970711297 0.022140221402214 0.043235704323570434
1 0.591789667896679 0.45118549511854955 0.02306273062730635 0.048814504881450504
1 0.6079335793357934 0.46234309623430964 0.027675276752767597 0.05439330543933052
1 0.6669741697416973 0.5034867503486751 0.05535055350553508 0.08368200836820089
1 0.6420664206642066 0.43584379358437936 0.027675276752767597 0.051603905160390484
1 0.6263837638376384 0.3905160390516039 0.02029520295202958 0.03347280334728037
1 0.6240774907749078 0.3633193863319386 0.013837638376383743 0.026499302649930223
1 0.665590405904059 0.41701534170153415 0.019372693726937174 0.03905160390516038
1 0.6789667896678967 0.43026499302649934 0.02029520295202958 0.03486750348675033
1 0.6937269372693727 0.3891213389121339 0.01845018450184499 0.036262203626220346
1 0.7255535055350553 0.41422594142259417 0.023062730627306238 0.04184100418410042
1 0.7403136531365313 0.49232914923291493 0.04151291512915123 0.08089260808926074
1 0.7523062730627306 0.4065550906555091 0.017527675276752697 0.0404463040446304
1 0.7726014760147601 0.3947001394700139 0.019372693726937174 0.0362622036262204
1 0.7785977859778598 0.37587168758716877 0.01845018450184499 0.023709902370990243
1 0.7933579335793357 0.3654114365411436 0.016605166051660514 0.02510460251046026
1 0.7975092250922509 0.3926080892608089 0.017527675276752697 0.034867503486750384
1 0.8173431734317342 0.38284518828451886 0.020295202952029467 0.03207810320781029
1 0.8353321033210332 0.37587168758716877 0.013837638376383743 0.02649930264993028
1 0.8510147601476015 0.3709902370990237 0.017527675276752808 0.027894002789400296
1 0.7896678966789668 0.46373779637377965 0.035055350553505504 0.057182705718270554
1 0.8371771217712176 0.4693165969316597 0.037822878228782275 0.06276150627615068
1 0.8597785977859779 0.4337517433751743 0.029520295202952074 0.04741980474198043
1 0.900830258302583 0.402370990237099 0.030442804428044257 0.048814504881450504
1 0.9423431734317343 0.3856345885634589 0.02121771217712176 0.037656903765690364
1 0.9810885608856088 0.42887029288702927 0.024907749077490826 0.04602510460251047
1 0.9792435424354244 0.36610878661087864 0.019372693726937285 0.037656903765690364
1 0.9916974169741697 0.3821478382147838 0.016605166051660514 0.03347280334728031
1 0.9395756457564576 0.45746164574616455 0.026752767527675303 0.044630404463040396
1 0.9511070110701108 0.5676429567642957 0.06457564575645758 0.12552301255230125
