1 0.056451612903225805 0.6368038740920097 0.03870967741935484 0.06295399515738498
1 0.11370967741935484 0.6283292978208233 0.040322580645161296 0.06537530266343827
1 0.18306451612903224 0.6404358353510896 0.03709677419354837 0.060532687651331685
1 0.24838709677419354 0.6271186440677966 0.04838709677419356 0.07263922518159815
1 0.3153225806451613 0.6271186440677966 0.03387096774193549 0.06295399515738498
1 0.3870967741935484 0.612590799031477 0.032258064516129004 0.06295399515738498
1 0.45483870967741935 0.6004842615012107 0.03548387096774197 0.0581113801452785
1 0.5362903225806451 0.5968523002421308 0.040322580645161255 0.0556900726392251
1 0.6112903225806452 0.6077481840193705 0.03548387096774197 0.05811138014527839
1 0.692741935483871 0.6755447941888619 0.03387096774193554 0.06295399515738509
1 0.7314516129032258 0.6452784503631961 0.030645161290322576 0.05569007263922521
1 0.7870967741935484 0.6283292978208233 0.03870967741935483 0.060532687651331685
1 0.8338709677419356 0.5968523002421308 0.03870967741935483 0.06537530266343827
1 0.9274193548387097 0.6355932203389831 0.04193548387096768 0.07506053268765134
1 0.9274193548387097 0.5835351089588378 0.032258064516129115 0.05811138014527839
1 0.9911290322580646 0.5702179176755449 0.01774193548387093 0.03631961259079908
1 0.9048387096774193 0.5193704600484261 0.01935483870967747 0.036319612590798966
1 0.9258064516129032 0.5012106537530266 0.019354838709677358 0.02905569007263925
1 0.864516129032258 0.49636803874092006 0.016129032258064502 0.02905569007263925
1 0.8387096774193549 0.4975786924939467 0.016129032258064502 0.02179176755447937
1 0.8451612903225807 0.5593220338983051 0.02580645161290318 0.048426150121065326
1 0.8137096774193548 0.5145278450363195 0.01774193548387104 0.03147699757869249
1 0.7782258064516129 0.572639225181598 0.03387096774193554 0.04600484261501214
1 0.735483870967742 0.5375302663438257 0.022580645161290325 0.04358353510895874
1 0.7620967741935484 0.5072639225181599 0.020967741935483897 0.03631961259079908
1 0.6870967741935483 0.5314769975786925 0.022580645161290325 0.041162227602905554
1 0.7032258064516129 0.513317191283293 0.016129032258064502 0.029055690072639195
1 0.6758064516129032 0.4963680387409201 0.019354838709677358 0.03389830508474578
1 0.6346774193548388 0.49878934624697335 0.01774193548387093 0.03389830508474584
1 0.6104838709677419 0.5569007263922519 0.02741935483870961 0.04358353510895885
1 0.5637096774193548 0.5387409200968523 0.020967741935483897 0.03147699757869249
1 0.5524193548387097 0.49515738498789347 0.014516129032258074 0.03147699757869249
1 0.5209677419354839 0.4709443099273608 0.012903225806451646 0.031476997578692545
1 0.4790322580645161 0.46246973365617433 0.01290322580645159 0.02421307506053272
1 0.4314516129032258 0.49031476997578693 0.01774193548387093 0.031476997578692434
1 0.3975806451612903 0.5169491525423728 0.024193548387096753 0.04600484261501209
1 0.37580645161290327 0.4975786924939467 0.019354838709677413 0.026634382566585957
1 0.34516129032258064 0.4975786924939467 0.016129032258064502 0.02179176755447937
1 0.3169354838709677 0.5423728813559322 0.027419354838709664 0.03874092009685226
1 0.24516129032258066 0.5302663438256658 0.02580645161290321 0.03389830508474578
1 0.21774193548387097 0.5423728813559322 0.022580645161290325 0.03874092009685226
1 0.1685483870967742 0.5254237288135593 0.020967741935483897 0.029055690072639195
1 0.1443548387096774 0.5423728813559322 0.027419354838709664 0.04842615012106544
1 0.12177419354838709 0.5254237288135593 0.01774193548387097 0.029055690072639195
1 0.10725806451612903 0.5072639225181598 0.011290322580645162 0.026634382566585957
1 0.0782258064516129 0.5048426150121066 0.024193548387096767 0.03147699757869249
1 0.024193548387096774 0.5738498789346247 0.035483870967741936 0.053268765133171914
1 0.04435483870967742 0.5145278450363197 0.02096774193548387 0.03631961259079902
1 0.2564516129032258 0.4939467312348668 0.01612903225806453 0.029055690072639195
1 0.24516129032258063 0.4600484261501211 0.01290322580645159 0.024213075060532663
1 0.2620967741935484 0.46731234866828086 0.011290322580645162 0.02421307506053272
1 0.21451612903225808 0.5 0.01612903225806453 0.031476997578692545
1 0.15403225806451612 0.46973365617433416 0.014516129032258074 0.024213075060532663
1 0.13709677419354838 0.4661016949152542 0.012903225806451618 0.021791767554479424
