1 0.18389897395422258 0.3974540311173974 0.04262036306235201 0.07920792079207922
1 0.1574585635359116 0.38330975954738333 0.03235990528808211 0.06789250353606785
1 0.13338595106550907 0.37270155586987275 0.033149171270718245 0.06930693069306931
1 0.12628255722178372 0.3338048090523338 0.03157063930544593 0.0594059405940594
1 0.18310970797158643 0.31683168316831684 0.025256511444356755 0.048090523338048086
1 0.21862667719021311 0.3041018387553041 0.02841357537490133 0.048090523338048086
1 0.26243093922651933 0.29137199434229133 0.027624309392265206 0.06223479490806222
1 0.2983425414364641 0.314002828854314 0.0331491712707182 0.0678925035360679
1 0.30386740331491713 0.2609618104667609 0.0284135753749013 0.05233380480905231
1 0.34806629834254144 0.3705799151343706 0.037884767166535105 0.06789250353606785
1 0.3831886345698501 0.3196605374823197 0.03393843725335438 0.0594059405940594
1 0.4246250986582478 0.29349363507779347 0.0284135753749013 0.060820367751060866
