1 0.7821428571428571 0.2817531305903399 0.05238095238095242 0.10196779964221825
1 0.8547619047619048 0.29159212880143115 0.04999999999999993 0.07871198568872989
1 0.9136904761904763 0.29069767441860467 0.04166666666666663 0.08407871198568875
1 0.650595238095238 0.27549194991055453 0.029761904761904767 0.05366726296958854
1 0.6797619047619048 0.27906976744186046 0.02857142857142858 0.057245080500894496
1 0.7315476190476191 0.26744186046511625 0.027380952380952395 0.05187835420393558
1 0.7535714285714286 0.27280858676207514 0.02619047619047621 0.051878354203935606
1 0.6089285714285715 0.278175313059034 0.029761904761904767 0.05903398926654743
1 0.5547619047619048 0.2817531305903399 0.04047619047619044 0.059033989266547404
1 0.5398809523809525 0.2495527728085868 0.017857142857142905 0.030411449016100184
1 0.5166666666666666 0.2629695885509839 0.02619047619047621 0.05008944543828264
1 0.45416666666666666 0.27906976744186046 0.05119047619047623 0.10733452593917711
1 0.4184523809523809 0.2549194991055456 0.015476190476190477 0.03398926654740608
1 0.38690476190476186 0.24329159212880144 0.016666666666666663 0.042933810375670844
1 0.3351190476190476 0.2629695885509839 0.0630952380952381 0.13595706618962433
1 0.2964285714285714 0.2567084078711986 0.047619047619047616 0.09481216457960642
1 0.27142857142857146 0.23971377459749552 0.026190476190476153 0.042933810375670844
1 0.24285714285714288 0.2415026833631485 0.033333333333333354 0.06440071556350627
1 0.21845238095238095 0.23434704830053665 0.036904761904761885 0.06797853309481214
1 0.15833333333333333 0.26118067978533094 0.10238095238095239 0.18246869409660105
1 0.10357142857142858 0.22898032200357782 0.05476190476190476 0.08228980322003576
1 0.060714285714285714 0.22271914132379247 0.05 0.059033989266547404
