1 0.15903465346534654 0.6444444444444444 0.09777227722772276 0.15555555555555556
1 0.28527227722772275 0.4777777777777778 0.06064356435643564 0.09523809523809523
1 0.43873762376237624 0.588095238095238 0.10767326732673266 0.14761904761904765
1 0.786509900990099 0.7087301587301587 0.17698019801980203 0.2142857142857143
1 0.6732673267326732 0.4865079365079365 0.07673267326732669 0.10317460317460314
1 0.8595297029702971 0.4126984126984127 0.08539603960396047 0.11746031746031743
1 0.8131188118811881 0.3849206349206349 0.04702970297029696 0.06825396825396829
1 0.7821782178217822 0.3571428571428571 0.03712871287128716 0.05079365079365078
1 0.7153465346534653 0.3753968253968254 0.044554455445544594 0.049206349206349254
1 0.6627475247524752 0.3865079365079365 0.043316831683168355 0.06190476190476191
1 0.6429455445544554 0.44126984126984126 0.04579207920792083 0.06666666666666665
1 0.6132425742574257 0.44047619047619047 0.03589108910891092 0.058730158730158744
1 0.6051980198019802 0.4 0.034653465346534684 0.05079365079365078
1 0.5358910891089109 0.43253968253968256 0.051980198019802026 0.07777777777777778
1 0.5068069306930694 0.4238095238095238 0.033415841584158446 0.06349206349206349
1 0.39170792079207917 0.446031746031746 0.04579207920792078 0.057142857142857106
1 0.411509900990099 0.4119047619047619 0.038366336633663345 0.0492063492063492
1 0.48081683168316836 0.4015873015873016 0.025990099009900958 0.047619047619047616
1 0.3428217821782178 0.42857142857142855 0.039603960396039584 0.060317460317460325
1 0.29331683168316836 0.39126984126984127 0.029702970297029674 0.033333333333333326
1 0.2530940594059406 0.4246031746031746 0.03836633663366337 0.03968253968253965
1 0.20730198019801982 0.41349206349206347 0.035891089108910895 0.03968253968253971
1 0.1547029702970297 0.419047619047619 0.037128712871287106 0.047619047619047616
1 0.07611386138613861 0.4380952380952381 0.038366336633663366 0.050793650793650835
1 0.12004950495049505 0.4015873015873016 0.022277227722772283 0.031746031746031744
1 0.0983910891089109 0.39285714285714285 0.021039603960396044 0.026984126984127
1 0.06188118811881188 0.4103174603174603 0.024752475247524747 0.023809523809523836
1 0.04888613861386139 0.40555555555555556 0.021039603960396037 0.023809523809523836
1 0.17945544554455445 0.3880952380952381 0.02227722772277227 0.026984126984127
1 0.31992574257425743 0.38571428571428573 0.023514851485148536 0.031746031746031744
1 0.35396039603960394 0.3849206349206349 0.027227722772277196 0.04285714285714287
1 0.4090346534653465 0.3666666666666667 0.025990099009900958 0.038095238095238126
1 0.3811881188118812 0.3595238095238095 0.017326732673267342 0.026984126984127
1 0.3694306930693069 0.36904761904761907 0.01856435643564358 0.030158730158730163
1 0.45853960396039606 0.3634920634920635 0.02351485148514848 0.031746031746031744
1 0.1379950495049505 0.3888888888888889 0.016089108910891076 0.022222222222222254
1 0.15717821782178218 0.3849206349206349 0.017326732673267342 0.02380952380952378
1 0.14170792079207922 0.3103174603174603 0.016089108910891076 0.020634920634920673
1 0.24195544554455445 0.3880952380952381 0.02103960396039603 0.030158730158730163
1 0.23019801980198018 0.37857142857142856 0.019801980198019792 0.023809523809523836
1 0.2592821782178218 0.37857142857142856 0.02103960396039606 0.030158730158730163
1 0.2908415841584158 0.37142857142857144 0.017326732673267342 0.02857142857142858
1 0.3063118811881188 0.3682539682539683 0.013613861386138626 0.0222222222222222
1 0.33353960396039606 0.36904761904761907 0.013613861386138626 0.02380952380952378
1 0.45853960396039606 0.3484126984126984 0.02351485148514848 0.02380952380952378
1 0.4870049504950495 0.3412698412698413 0.02103960396039606 0.025396825396825418
1 0.504950495049505 0.35634920634920636 0.022277227722772297 0.030158730158730163
1 0.4931930693069307 0.35634920634920636 0.01856435643564358 0.026984126984127
1 0.21472772277227722 0.39126984126984127 0.02103960396039606 0.023809523809523836
1 0.5482673267326733 0.35158730158730156 0.024752475247524774 0.030158730158730107
1 0.5977722772277227 0.37142857142857144 0.03217821782178221 0.03492063492063491
1 0.5297029702970297 0.33571428571428574 0.014851485148514865 0.02380952380952378
1 0.5655940594059405 0.33174603174603173 0.014851485148514754 0.025396825396825418
1 0.6070544554455446 0.3325396825396826 0.016089108910891103 0.020634920634920617
1 0.5853960396039604 0.33492063492063495 0.022277227722772297 0.0222222222222222
1 0.671410891089109 0.35555555555555557 0.02103960396039606 0.03492063492063491
1 0.650990099009901 0.3238095238095238 0.01980198019801982 0.02857142857142858
1 0.6342821782178218 0.32460317460317456 0.013613861386138626 0.020634920634920617
1 0.6837871287128713 0.3253968253968254 0.021039603960395947 0.02857142857142858
1 0.7073019801980198 0.3341269841269841 0.025990099009901013 0.033333333333333326
1 0.7419554455445545 0.32063492063492066 0.023514851485148536 0.031746031746031744
1 0.7202970297029703 0.3198412698412698 0.01980198019801982 0.026984126984126944
1 0.7611386138613861 0.31666666666666665 0.01980198019801982 0.026984126984127
1 0.7951732673267327 0.31825396825396823 0.01856435643564358 0.026984126984126944
1 0.8199257425742574 0.30634920634920637 0.016089108910890992 0.025396825396825362
1 0.8254950495049505 0.2777777777777778 0.02722772277227714 0.031746031746031744
1 0.8941831683168318 0.2992063492063492 0.01856435643564358 0.026984126984127
