1 0.02452830188679245 0.7121212121212122 0.04150943396226415 0.07070707070707072
1 0.08207547169811322 0.7457912457912458 0.04716981132075472 0.07744107744107742
1 0.08773584905660378 0.702020202020202 0.03584905660377359 0.06397306397306401
1 0.1481132075471698 0.7626262626262627 0.06603773584905659 0.12457912457912457
1 0.16603773584905662 0.6902356902356902 0.0528301886792453 0.101010101010101
1 0.21509433962264152 0.7356902356902357 0.0679245283018868 0.13804713804713808
1 0.27547169811320754 0.7272727272727273 0.04150943396226414 0.09427609427609429
1 0.3716981132075472 0.6952861952861953 0.05283018867924533 0.09764309764309764
1 0.46132075471698114 0.6464646464646464 0.03962264150943395 0.08080808080808077
1 0.44528301886792454 0.4882154882154882 0.04150943396226414 0.08080808080808083
1 0.44056603773584907 0.82996632996633 0.08490566037735847 0.20538720538720534
1 0.5716981132075472 0.7727272727272727 0.07547169811320753 0.13804713804713808
1 0.6566037735849056 0.8417508417508417 0.11698113207547167 0.2020202020202021
1 0.6452830188679245 0.7171717171717171 0.07169811320754715 0.15488215488215495
1 0.7632075471698113 0.7727272727272727 0.07735849056603783 0.1515151515151515
1 0.7735849056603774 0.7188552188552189 0.07547169811320764 0.13804713804713797
