0 0.5005208333333333 0.3055555555555556 0.06145833333333334 0.11851851851851852
0 0.5989583333333333 0.30648148148148147 0.07500000000000007 0.13518518518518516
0 0.6770833333333334 0.2611111111111111 0.05833333333333335 0.12222222222222223
0 0.8697916666666666 0.2962962962962963 0.0625 0.11481481481481479
0 0.4442708333333333 0.2287037037037037 0.06145833333333334 0.12407407407407409
0 0.3453125 0.29814814814814816 0.06562499999999999 0.12222222222222223
1 0.09010416666666667 0.5435185185185185 0.140625 0.2981481481481481
1 0.25416666666666665 0.287962962962963 0.029166666666666646 0.0537037037037037
1 0.7869791666666667 0.3101851851851852 0.028124999999999956 0.061111111111111116
1 0.9088541666666667 0.3277777777777778 0.05729166666666663 0.12222222222222223
1 0.9729166666666667 0.35 0.05208333333333326 0.11481481481481481
1 0.5479166666666666 0.34259259259259256 0.027083333333333237 0.06296296296296294
1 0.559375 0.31666666666666665 0.02083333333333337 0.04814814814814816
1 0.38645833333333335 0.29444444444444445 0.02291666666666664 0.04814814814814816
