1 0.09069625407166124 0.4644607843137255 0.10036644951140067 0.159313725490196
1 0.2359527687296417 0.4649203431372549 0.08631921824104233 0.13511029411764708
1 0.40594462540716614 0.4263174019607843 0.0793973941368078 0.14675245098039214
1 0.573391693811075 0.3714767156862745 0.05191368078175895 0.11121323529411764
1 0.622557003257329 0.34773284313725494 0.050488599348534224 0.11213235294117646
1 0.5887622149837134 0.5436580882352942 0.09405537459283386 0.15962009803921562
1 0.7225162866449512 0.5136335784313726 0.10179153094462534 0.2748161764705882
1 0.8221701954397393 0.6694240196078431 0.2408387622149838 0.3854166666666667
1 0.7850162866449512 0.36136642156862747 0.04845276872964166 0.10998774509803921
1 0.9422842019543973 0.38740808823529416 0.056799674267100975 0.0940563725490196
