1 0.03922378199834847 0.4866385372714487 0.045417010734929805 0.08157524613220818
1 0.2324525185796862 0.340365682137834 0.018992568125516085 0.036568213783403636
1 0.259289843104872 0.3720112517580872 0.02477291494632533 0.049226441631504914
1 0.28736581337737405 0.31645569620253167 0.019818331957060287 0.03938115330520392
1 0.29686209744013214 0.3663853727144866 0.020644095788604433 0.03797468354430378
1 0.3364987613542527 0.35864978902953587 0.020644095788604433 0.04219409282700426
1 0.3554913294797688 0.33122362869198313 0.01568951279933939 0.035161744022503494
1 0.36003303055326175 0.2939521800281294 0.016515276630883535 0.03375527426160341
1 0.3864574731626755 0.34247538677918427 0.018166804293971883 0.03797468354430378
1 0.41329479768786126 0.339662447257384 0.022295623451692836 0.03797468354430378
1 0.45293146160198183 0.3431786216596343 0.02229562345169278 0.03938115330520392
1 0.4343517753922378 0.3073136427566807 0.016515276630883535 0.02953586497890298
1 0.40999174236168456 0.30520393811533053 0.018992568125516085 0.030942334739803123
1 0.40916597853014036 0.26933895921237694 0.01568951279933939 0.03234880450070321
1 0.393476465730801 0.2749648382559775 0.01568951279933939 0.04078762306610406
1 0.4500412881915772 0.26441631504922647 0.014863748967795243 0.03375527426160335
1 0.435177539223782 0.2390998593530239 0.011560693641618491 0.030942334739803123
1 0.47853014037985137 0.24331926863572434 0.014037985136250986 0.02812939521800284
1 0.47316267547481416 0.2756680731364276 0.016515276630883535 0.030942334739803068
1 0.4710982658959537 0.32137834036568214 0.022295623451692836 0.03797468354430378
1 0.5082576383154418 0.31856540084388185 0.02064409578860449 0.035161744022503494
1 0.5144508670520231 0.26933895921237694 0.014863748967795187 0.026722925457102642
1 0.5239471511147812 0.2721518987341772 0.014037985136251097 0.03234880450070321
1 0.5309661436829067 0.25316455696202533 0.011560693641618491 0.0253164556962025
1 0.5499587118084228 0.25105485232067515 0.01651527663088359 0.026722925457102698
1 0.5681255161023947 0.27918424753867793 0.01651527663088359 0.03797468354430378
1 0.5611065235342692 0.23136427566807316 0.017341040462427793 0.02672292545710267
1 0.5780346820809248 0.2257383966244726 0.014863748967795298 0.029535864978902954
1 0.5842279108175061 0.26230661040787623 0.017341040462427793 0.03234880450070321
1 0.606523534269199 0.24542897327707455 0.014037985136251097 0.02109704641350213
1 0.6056977704376548 0.2250351617440225 0.014037985136251097 0.02812939521800281
1 0.6131296449215524 0.2088607594936709 0.014037985136251097 0.02672292545710267
1 0.6304706853839801 0.22362869198312235 0.014037985136250986 0.02812939521800281
1 0.6436829066886871 0.22925457102672292 0.014037985136250986 0.025316455696202528
1 0.6494632535094962 0.24613220815752462 0.01568951279933939 0.02250351617440227
1 0.6659785301403798 0.22011251758087202 0.014037985136250986 0.023909985935302386
1 0.6804293971924029 0.23417721518987342 0.014863748967795298 0.026722925457102698
1 0.7018992568125516 0.2222222222222222 0.013212221304706784 0.02812939521800281
1 0.7076796036333608 0.25246132208157523 0.01651527663088348 0.029535864978902926
1 0.6796036333608588 0.2679324894514768 0.019818331957060287 0.03797468354430378
1 0.6957060280759703 0.3066104078762306 0.022295623451692892 0.042194092827004204
1 0.6399669694467383 0.3080168776371308 0.018166804293971883 0.036568213783403636
1 0.6494632535094963 0.350210970464135 0.022295623451692892 0.04500703234880454
1 0.6019818331957061 0.33895921237693394 0.02146985962014869 0.042194092827004204
1 0.6011560693641618 0.38677918424753865 0.029727497935590486 0.04781997187060477
1 0.6102394715111479 0.4268635724331927 0.03303055326176707 0.06610407876230662
1 0.546655656482246 0.4092827004219409 0.029727497935590486 0.05625879043600562
1 0.5363336085879439 0.35443037974683544 0.02725020644095788 0.04500703234880454
1 0.46903385631709327 0.4142053445850914 0.033030553261767126 0.057665260196905765
1 0.6478117258464079 0.45710267229254575 0.03385631709331127 0.06469760900140648
1 0.6597853014037984 0.3755274261603375 0.02642444260941368 0.04781997187060477
1 0.6915772089182494 0.36708860759493667 0.02064409578860449 0.04500703234880449
1 0.7246077621800164 0.41561181434599154 0.03220478943022298 0.06610407876230662
1 0.7068538398018167 0.4810126582278481 0.03633360858794388 0.07876230661040795
1 0.7762180016515277 0.42475386779184243 0.029727497935590375 0.06469760900140648
1 0.8175061932287366 0.3621659634317862 0.023121387283237094 0.04641350210970463
1 0.7312138728323699 0.290436005625879 0.018992568125516085 0.03797468354430383
1 0.7365813377374071 0.2545710267229254 0.019818331957060287 0.03938115330520392
1 0.7642444260941371 0.26652601969057665 0.018992568125516085 0.03797468354430378
1 0.7630057803468209 0.23136427566807316 0.018166804293971883 0.03234880450070324
1 0.7865400495458299 0.25035161744022505 0.01568951279933939 0.030942334739803068
1 0.7997522708505367 0.24824191279887484 0.014037985136250986 0.02953586497890298
1 0.8245251857968621 0.2742616033755274 0.02064409578860449 0.030942334739803068
1 0.7861271676300579 0.290436005625879 0.019818331957060287 0.032348804500703265
1 0.8212221304706854 0.3108298171589311 0.022295623451692892 0.030942334739803068
1 0.8418662262592899 0.339662447257384 0.018992568125516085 0.035161744022503494
1 0.8443435177539225 0.31645569620253167 0.01568951279933939 0.030942334739803068
1 0.856729975227085 0.28551336146272854 0.014037985136251097 0.03375527426160341
1 0.8484723369116433 0.25949367088607594 0.012386457473162693 0.029535864978902926
1 0.87943848059455 0.2573839662447257 0.014863748967795187 0.03375527426160335
1 0.9004954582989264 0.2812939521800282 0.01568951279933939 0.03375527426160335
1 0.8843930635838151 0.31153305203938114 0.014863748967795298 0.035161744022503494
1 0.8823286540049546 0.3614627285513361 0.02229562345169278 0.04781997187060477
1 0.8678777869529315 0.3720112517580872 0.024772914946325386 0.049226441631504914
1 0.852188274153592 0.43952180028129395 0.029727497935590486 0.057665260196905765
1 0.8340214698596202 0.5056258790436006 0.03303055326176707 0.06891701828410685
1 0.9178364987613543 0.47257383966244726 0.03220478943022298 0.08157524613220812
1 0.9128819157720892 0.32841068917018285 0.018992568125516085 0.043600562587904346
1 0.9244426094137077 0.3143459915611814 0.017341040462427793 0.03234880450070321
1 0.9384805945499587 0.3066104078762307 0.014037985136251097 0.03375527426160341
1 0.9430222956234517 0.2841068917018284 0.011560693641618491 0.025316455696202556
1 0.9483897605284889 0.360056258790436 0.018992568125516085 0.04219409282700426
