1 0.07890625000000001 0.66015625 0.06875 0.11406249999999996
1 0.233984375 0.259375 0.01171875 0.04375000000000001
1 0.24921875 0.26875 0.018750000000000017 0.05000000000000002
1 0.28828125 0.23125 0.014062499999999978 0.028124999999999983
1 0.3046875 0.2484375 0.014062499999999978 0.03750000000000003
1 0.32109375 0.20234375 0.017187500000000022 0.0390625
1 0.346875 0.215625 0.014062499999999978 0.046875
1 0.38046875 0.2578125 0.015625 0.03749999999999998
1 0.3578125 0.22265625 0.014062500000000033 0.04218749999999999
1 0.376171875 0.19374999999999998 0.013281250000000022 0.021875000000000006
1 0.405859375 0.18046875 0.01171875 0.03593749999999998
1 0.440625 0.19921875 0.014062499999999978 0.03281250000000002
1 0.409375 0.23515625 0.017187500000000022 0.03593749999999998
1 0.446875 0.2890625 0.01874999999999999 0.050000000000000044
1 0.483984375 0.23359375 0.017968750000000033 0.0390625
1 0.50703125 0.20078125000000002 0.012500000000000067 0.032812499999999994
1 0.539453125 0.22734375 0.01953125 0.03593749999999998
1 0.44257812500000004 0.16249999999999998 0.01640625000000001 0.024999999999999994
1 0.4640625 0.1640625 0.014062499999999978 0.02812500000000001
1 0.487890625 0.17031249999999998 0.01171875 0.037500000000000006
1 0.5046875 0.15546875 0.014062499999999978 0.032812499999999994
1 0.5257812500000001 0.16328125 0.014062499999999978 0.032812499999999994
1 0.565234375 0.1421875 0.01171875 0.03437499999999999
1 0.587890625 0.13671875 0.01171875 0.0390625
1 0.606640625 0.12734374999999998 0.01171875 0.032812499999999994
1 0.6359375 0.12890625 0.012500000000000067 0.0390625
1 0.661328125 0.14375 0.013281250000000022 0.037500000000000006
1 0.61953125 0.1671875 0.012499999999999956 0.03125
1 0.5863281250000001 0.20156249999999998 0.017968749999999978 0.037500000000000006
1 0.61171875 0.20859375000000002 0.018750000000000044 0.029687500000000006
1 0.625 0.28125 0.02499999999999991 0.050000000000000044
1 0.580859375 0.32265625 0.01953125 0.0390625
1 0.60546875 0.365625 0.02187500000000009 0.04999999999999999
1 0.66171875 0.37734375 0.018750000000000044 0.0546875
1 0.73046875 0.38359374999999996 0.0234375 0.05781249999999999
1 0.80078125 0.43281250000000004 0.026562500000000044 0.05937500000000001
1 0.8671875 0.490625 0.0234375 0.059374999999999956
1 0.8843749999999999 0.38984375 0.017187500000000022 0.0546875
1 0.93828125 0.4125 0.021874999999999978 0.05624999999999997
1 0.971875 0.34921875 0.014062499999999978 0.04218749999999999
1 0.9476562500000001 0.35625 0.017187500000000022 0.04062500000000002
1 0.926171875 0.31875 0.014843750000000044 0.046875
1 0.86796875 0.3015625 0.020312500000000067 0.04062500000000002
1 0.810546875 0.31015625 0.01953125 0.05156250000000001
1 0.75703125 0.28359375 0.015625 0.04531250000000003
1 0.72265625 0.25390625 0.01718749999999991 0.04531249999999998
1 0.6671875 0.2453125 0.017187500000000022 0.03437500000000002
1 0.701171875 0.21171875 0.010156250000000089 0.045312500000000006
1 0.663671875 0.18359375 0.01953125 0.03593750000000001
1 0.69140625 0.15390625000000002 0.015625 0.032812499999999994
1 0.72109375 0.15625 0.012499999999999956 0.03749999999999998
1 0.7445312500000001 0.22421875 0.017187500000000022 0.05156250000000001
1 0.784765625 0.203125 0.014843750000000044 0.04062500000000002
1 0.780859375 0.165625 0.01171875 0.03125
1 0.8101562499999999 0.1859375 0.009375000000000022 0.03437499999999999
1 0.826953125 0.225 0.01171875 0.046875
1 0.794140625 0.253125 0.022656249999999933 0.03437500000000002
1 0.86171875 0.22499999999999998 0.012499999999999956 0.037500000000000006
1 0.880859375 0.23203125000000002 0.013281249999999911 0.029687500000000006
1 0.903125 0.21796875 0.012500000000000067 0.03593749999999998
1 0.95 0.2375 0.012500000000000067 0.040624999999999994
1 0.978515625 0.24765625 0.01171875 0.03281249999999997
1 0.975390625 0.29921875 0.016406250000000067 0.04218749999999999
1 0.928125 0.25859374999999996 0.012499999999999956 0.04218749999999999
1 0.887890625 0.271875 0.021093750000000022 0.04375000000000001
1 0.903515625 0.25078125 0.014843749999999933 0.0390625
1 0.751953125 0.18828125 0.016406249999999956 0.029687500000000006
1 0.85703125 0.35390625 0.018750000000000044 0.04531250000000003
1 0.54375 0.16875 0.014062499999999978 0.03437500000000002
1 0.568359375 0.15468749999999998 0.014843750000000044 0.040624999999999994
1 0.592578125 0.1765625 0.017968749999999978 0.04374999999999998
1 0.83203125 0.2109375 0.014062500000000089 0.046875
