1 0.06261682242990654 0.37569444444444444 0.02616822429906543 0.04861111111111116
1 0.21635514018691587 0.45972222222222225 0.03644859813084114 0.05277777777777776
1 0.30046728971962616 0.49444444444444446 0.04579439252336448 0.05555555555555558
1 0.3560747663551402 0.45763888888888893 0.03738317757009346 0.05138888888888887
1 0.4289719626168224 0.48263888888888884 0.03738317757009346 0.05972222222222218
1 0.4546728971962617 0.4604166666666667 0.025233644859813054 0.03750000000000003
1 0.4742990654205608 0.41597222222222224 0.019626168224299023 0.03194444444444444
1 0.5462616822429907 0.5326388888888889 0.051401869158878455 0.07916666666666661
1 0.5883177570093459 0.4638888888888889 0.021495327102803663 0.036111111111111094
1 0.6299065420560748 0.4125 0.020560747663551426 0.030555555555555558
1 0.6626168224299065 0.45208333333333334 0.020560747663551315 0.029166666666666674
1 0.6761682242990654 0.4840277777777777 0.032710280373831724 0.048611111111111105
1 0.7546728971962617 0.5180555555555555 0.06261682242990652 0.11944444444444441
1 0.7934579439252336 0.46597222222222223 0.028037383177570097 0.054166666666666696
1 0.8238317757009346 0.48124999999999996 0.021495327102803774 0.048611111111111105
1 0.9116822429906541 0.5131944444444445 0.0383177570093457 0.07083333333333336
1 0.9869158878504674 0.4909722222222222 0.024299065420560706 0.043055555555555514
1 0.9383177570093457 0.6256944444444444 0.06542056074766356 0.09583333333333344
