1 0.05294117647058823 0.4628975265017668 0.08705882352941176 0.1413427561837456
1 0.08823529411764705 0.4098939929328622 0.06823529411764706 0.11307420494699644
1 0.10941176470588235 0.26501766784452296 0.058823529411764705 0.10600706713780916
1 0.16 0.3250883392226148 0.047058823529411764 0.07773851590106007
1 0.20235294117647057 0.25265017667844525 0.032941176470588224 0.05300353356890458
1 0.23764705882352943 0.2597173144876325 0.05176470588235296 0.10247349823321553
1 0.23647058823529413 0.5282685512367491 0.11529411764705882 0.1731448763250884
1 0.33999999999999997 0.3992932862190813 0.07294117647058823 0.12720848056537104
1 0.3635294117647059 0.6360424028268552 0.11529411764705882 0.16961130742049468
1 0.491764705882353 0.450530035335689 0.07058823529411767 0.11660777385159005
1 0.471764705882353 0.39045936395759717 0.05411764705882355 0.0742049469964664
1 0.5976470588235294 0.38869257950530034 0.05647058823529405 0.10600706713780916
1 0.7105882352941176 0.5777385159010601 0.09882352941176475 0.15194346289752647
1 0.8070588235294118 0.4363957597173145 0.07058823529411773 0.10247349823321555
1 0.9164705882352941 0.5 0.08235294117647063 0.1448763250883392
