1 0.6713709677419355 0.6716666666666666 0.11693548387096775 0.35666666666666663
1 0.6243279569892473 0.69 0.08198924731182788 0.29333333333333333
1 0.594758064516129 0.4816666666666667 0.10080645161290325 0.31000000000000005
1 0.7083333333333333 0.48666666666666664 0.06182795698924737 0.2533333333333333
1 0.7661290322580645 0.4666666666666667 0.06451612903225801 0.2933333333333333
1 0.8178763440860215 0.45999999999999996 0.081989247311828 0.30666666666666664
1 0.877016129032258 0.5750000000000001 0.08736559139784938 0.2966666666666667
1 0.948252688172043 0.6116666666666666 0.0981182795698925 0.35
1 0.9704301075268817 0.385 0.05913978494623651 0.16999999999999998
1 0.9032258064516129 0.385 0.06451612903225801 0.19
1 0.9516129032258065 0.21666666666666667 0.05107526881720437 0.13333333333333333
1 0.8736559139784946 0.19333333333333333 0.051075268817204256 0.14666666666666667
1 0.8541666666666667 0.325 0.05241935483870963 0.13
1 0.6969086021505376 0.36 0.05510752688172049 0.13333333333333336
1 0.659274193548387 0.42666666666666664 0.05241935483870963 0.12000000000000005
