1 0.028666666666666667 0.46977777777777774 0.05333333333333333 0.10222222222222216
1 0.265 0.40888888888888886 0.043333333333333335 0.0693333333333333
1 0.317 0.408 0.03533333333333333 0.05511111111111111
1 0.387 0.39466666666666667 0.031333333333333324 0.05155555555555558
1 0.3733333333333333 0.5702222222222222 0.09200000000000003 0.1484444444444445
1 0.46699999999999997 0.4657777777777778 0.05533333333333329 0.09599999999999997
1 0.5166666666666666 0.41866666666666663 0.03999999999999998 0.06755555555555554
1 0.6673333333333333 0.42488888888888887 0.03733333333333344 0.06044444444444447
1 0.7769999999999999 0.4786666666666667 0.06333333333333335 0.10933333333333334
1 0.9556666666666667 0.6426666666666667 0.08333333333333326 0.16355555555555557
