1 0.3244 0.21568627450980393 0.013600000000000001 0.0280112044817927
1 0.3488 0.219187675070028 0.016000000000000014 0.03221288515406162
1 0.38039999999999996 0.30602240896358546 0.02799999999999997 0.043417366946778724
1 0.4788 0.20658263305322128 0.015199999999999991 0.03221288515406165
1 0.4968 0.15056022408963585 0.011199999999999932 0.018207282913165257
1 0.5596 0.11624649859943978 0.013600000000000056 0.022408963585434163
1 0.5651999999999999 0.17577030812324929 0.021599999999999953 0.03221288515406165
1 0.8724 0.13865546218487396 0.01200000000000001 0.02801120448179273
1 0.9059999999999999 0.1358543417366947 0.013599999999999945 0.02521008403361344
1 0.804 0.40336134453781514 0.03199999999999992 0.07282913165266108
