1 0.21463414634146344 0.3637152777777778 0.039024390243902446 0.08159722222222221
1 0.3097560975609756 0.23958333333333334 0.018536585365853675 0.038194444444444475
1 0.31853658536585366 0.21875 0.018536585365853675 0.03125
1 0.33512195121951216 0.2404513888888889 0.01853658536585362 0.03993055555555558
1 0.3473170731707317 0.2048611111111111 0.015609756097560934 0.03125
1 0.35317073170731705 0.1796875 0.013658536585365866 0.029513888888888895
1 0.3751219512195122 0.20225694444444445 0.018536585365853675 0.036458333333333315
1 0.3780487804878049 0.24739583333333331 0.018536585365853675 0.03993055555555555
1 0.41219512195121955 0.24479166666666669 0.020487804878048743 0.04166666666666666
1 0.4009756097560976 0.19618055555555555 0.017560975609756058 0.03125
1 0.4126829268292683 0.20572916666666666 0.01951219512195118 0.029513888888888895
1 0.4151219512195122 0.17100694444444445 0.01658536585365855 0.029513888888888895
1 0.435609756097561 0.1423611111111111 0.012682926829268304 0.02777777777777779
1 0.4521951219512195 0.22135416666666669 0.0204878048780488 0.03993055555555555
1 0.44341463414634147 0.1796875 0.0204878048780488 0.036458333333333315
1 0.46341463414634143 0.15104166666666666 0.015609756097560934 0.03125
1 0.4746341463414634 0.1345486111111111 0.016585365853658496 0.022569444444444448
1 0.4824390243902439 0.15625 0.014634146341463428 0.03472222222222221
1 0.48878048780487804 0.18663194444444445 0.01560975609756099 0.036458333333333315
1 0.48634146341463413 0.2248263888888889 0.022439024390243922 0.03993055555555555
1 0.49365853658536585 0.2760416666666667 0.029268292682926855 0.05902777777777779
1 0.49560975609756097 0.14149305555555555 0.01560975609756099 0.029513888888888895
1 0.5068292682926829 0.1267361111111111 0.01073170731707318 0.024305555555555566
1 0.5126829268292683 0.15104166666666666 0.01658536585365855 0.03125
1 0.5195121951219512 0.13541666666666669 0.014634146341463428 0.020833333333333343
1 0.5292682926829269 0.1284722222222222 0.012682926829268304 0.027777777777777776
1 0.5209756097560976 0.1736111111111111 0.01560975609756099 0.03472222222222221
1 0.5585365853658537 0.1814236111111111 0.014634146341463317 0.03645833333333334
1 0.5536585365853659 0.15885416666666666 0.014634146341463428 0.029513888888888895
1 0.5575609756097561 0.13975694444444442 0.01073170731707307 0.022569444444444448
1 0.5575609756097561 0.1267361111111111 0.014634146341463317 0.027777777777777776
1 0.5804878048780487 0.1189236111111111 0.013658536585365866 0.02951388888888888
1 0.5921951219512195 0.11371527777777776 0.013658536585365866 0.02951388888888888
1 0.5902439024390244 0.1440972222222222 0.017560975609756113 0.03125
1 0.5897560975609756 0.17447916666666666 0.014634146341463428 0.032986111111111105
1 0.6297560975609756 0.1527777777777778 0.014634146341463428 0.03125
1 0.6204878048780488 0.1284722222222222 0.011707317073170742 0.024305555555555552
1 0.6117073170731707 0.11805555555555555 0.011707317073170742 0.03125
1 0.6204878048780488 0.10850694444444445 0.009756097560975618 0.022569444444444448
1 0.64 0.11805555555555555 0.01560975609756099 0.024305555555555566
1 0.6575609756097561 0.12152777777777778 0.011707317073170742 0.027777777777777762
1 0.6648780487804878 0.1484375 0.012682926829268304 0.032986111111111105
1 0.6721951219512196 0.1032986111111111 0.011707317073170742 0.02604166666666667
1 0.6907317073170731 0.1189236111111111 0.013658536585365755 0.02951388888888888
1 0.6985365853658536 0.10069444444444445 0.011707317073170742 0.024305555555555552
1 0.7258536585365853 0.11284722222222222 0.011707317073170742 0.024305555555555552
1 0.7073170731707317 0.1501736111111111 0.01560975609756099 0.029513888888888895
1 0.7102439024390244 0.1814236111111111 0.017560975609756113 0.04340277777777779
1 0.6731707317073171 0.1892361111111111 0.02146341463414636 0.03819444444444445
1 0.6351219512195122 0.2378472222222222 0.02146341463414636 0.04861111111111113
1 0.6263414634146341 0.22569444444444445 0.017560975609756113 0.03472222222222221
1 0.5702439024390245 0.2560763888888889 0.02243902439024381 0.03993055555555558
1 0.555609756097561 0.27951388888888884 0.024390243902438935 0.048611111111111105
1 0.6102439024390244 0.3402777777777778 0.028292682926829293 0.06597222222222221
1 0.6951219512195121 0.3055555555555556 0.024390243902438935 0.055555555555555525
1 0.6878048780487804 0.2734375 0.023414634146341373 0.05034722222222221
1 0.724390243902439 0.234375 0.018536585365853675 0.04513888888888887
1 0.7341463414634146 0.30208333333333337 0.028292682926829293 0.055555555555555525
1 0.775609756097561 0.2534722222222222 0.025365853658536608 0.04861111111111113
1 0.7658536585365854 0.1970486111111111 0.02146341463414636 0.03993055555555555
1 0.7560975609756098 0.1736111111111111 0.017560975609756113 0.03125
1 0.7404878048780488 0.140625 0.01560975609756099 0.03472222222222221
1 0.7575609756097561 0.13020833333333334 0.012682926829268304 0.031250000000000014
1 0.78 0.15885416666666666 0.01658536585365855 0.029513888888888895
1 0.7878048780487805 0.13975694444444445 0.012682926829268304 0.026041666666666685
1 0.8039024390243903 0.1640625 0.013658536585365866 0.029513888888888895
1 0.8151219512195123 0.15364583333333334 0.014634146341463317 0.029513888888888895
1 0.8107317073170732 0.2065972222222222 0.015609756097560878 0.03472222222222224
1 0.8263414634146341 0.2456597222222222 0.02146341463414636 0.05034722222222221
1 0.7809756097560976 0.3480902777777778 0.024390243902439046 0.046875
1 0.7478048780487805 0.40798611111111116 0.03219512195121954 0.0763888888888889
1 0.8204878048780488 0.40625 0.03707317073170724 0.0625
1 0.8390243902439024 0.3602430555555556 0.02731707317073173 0.050347222222222265
1 0.9097560975609756 0.4288194444444444 0.03219512195121954 0.07291666666666669
1 0.9195121951219513 0.3454861111111111 0.028292682926829293 0.0625
1 0.9297560975609755 0.2873263888888889 0.02146341463414625 0.04340277777777779
1 0.8975609756097561 0.23350694444444442 0.017560975609756113 0.03993055555555555
1 0.8746341463414634 0.2699652777777778 0.022439024390243922 0.05381944444444445
1 0.9419512195121951 0.2126736111111111 0.01658536585365844 0.04340277777777779
