1 0.07982261640798226 0.252008032128514 0.019955654101995568 0.046184738955823285
1 0.1385809312638581 0.24799196787148592 0.024390243902439046 0.046184738955823285
1 0.3170731707317073 0.1465863453815261 0.022172949002217335 0.040160642570281124
1 0.41186252771618626 0.22389558232931728 0.02106430155210648 0.04216867469879518
1 0.45454545454545453 0.22389558232931728 0.024390243902439046 0.05020080321285139
1 0.565410199556541 0.1646586345381526 0.019955654101995624 0.040160642570281124
1 0.5631929046563193 0.19176706827309237 0.019955654101995512 0.04618473895582331
1 0.6241685144124168 0.22088353413654618 0.026607538802660757 0.04819277108433734
1 0.626940133037694 0.2620481927710843 0.029933481152993435 0.0542168674698795
1 0.6685144124168514 0.17369477911646586 0.019955654101995512 0.046184738955823285
1 0.6779379157427938 0.2218875502008032 0.027716186252771613 0.05020080321285139
1 0.938470066518847 0.23694779116465864 0.021064301552106368 0.052208835341365445
