1 0.14197530864197533 0.26648841354723707 0.018518518518518517 0.037433155080213915
1 0.14300411522633744 0.40998217468805703 0.05555555555555555 0.09269162210338677
1 0.32304526748971196 0.23351158645276293 0.018518518518518545 0.03208556149732619
1 0.37911522633744854 0.2014260249554367 0.021604938271604923 0.035650623885918
1 0.3924897119341564 0.24777183600713015 0.019547325102880653 0.035650623885918026
1 0.41975308641975306 0.24866310160427807 0.018518518518518545 0.04099821746880572
1 0.44753086419753085 0.27005347593582885 0.01851851851851849 0.03743315508021389
1 0.47170781893004116 0.20231729055258468 0.015432098765432056 0.030303030303030304
1 0.4670781893004115 0.18983957219251335 0.014403292181069949 0.023172905525846693
1 0.5185185185185185 0.22549019607843138 0.020576131687242816 0.04099821746880572
1 0.5524691358024691 0.2299465240641711 0.020576131687242816 0.0392156862745098
1 0.5740740740740741 0.16310160427807485 0.016460905349794164 0.030303030303030304
1 0.602366255144033 0.2709447415329768 0.021604938271604923 0.042780748663101636
1 0.631687242798354 0.286096256684492 0.024691358024691357 0.055258467023172886
1 0.7011316872427984 0.19696969696969696 0.015432098765432056 0.030303030303030304
1 0.7098765432098766 0.22281639928698752 0.01851851851851849 0.035650623885918
1 0.7340534979423868 0.20855614973262032 0.019547325102880597 0.035650623885918
1 0.7505144032921811 0.24153297682709446 0.019547325102880708 0.037433155080213915
1 0.7777777777777778 0.21568627450980393 0.0185185185185186 0.035650623885918
1 0.7890946502057613 0.25044563279857396 0.0185185185185186 0.04099821746880569
1 0.8276748971193415 0.2976827094474153 0.021604938271604923 0.04991087344028522
1 0.8631687242798354 0.31105169340463457 0.024691358024691357 0.05882352941176472
1 0.9212962962962963 0.303030303030303 0.019547325102880597 0.04278074866310161
1 0.9439300411522633 0.23529411764705882 0.015432098765432056 0.046345811051693414
