1 0.07770582793709528 0.35528455284552846 0.04625346901017577 0.0699186991869919
1 0.2756706753006476 0.1878048780487805 0.022201665124884362 0.03739837398373985
1 0.2983348751156337 0.1975609756097561 0.017576318223866794 0.04715447154471544
1 0.3135985198889917 0.1796747967479675 0.02405180388529138 0.043902439024390255
1 0.4070305272895467 0.16422764227642275 0.027752081406105467 0.058536585365853655
1 0.45004625346901017 0.17886178861788618 0.03422756706753005 0.06829268292682927
1 0.4925994449583718 0.16260162601626016 0.03607770582793707 0.06178861788617884
1 0.5494912118408881 0.17154471544715447 0.02590194264569845 0.053658536585365846
1 0.5420906567992599 0.14634146341463417 0.02590194264569834 0.05203252032520325
1 0.5490286771507863 0.2845528455284553 0.03237742830712298 0.06504065040650409
1 0.6003700277520814 0.1772357723577236 0.031452358926919555 0.06178861788617887
1 0.6318223866790009 0.24065040650406505 0.03700277520814055 0.05853658536585363
1 0.6803885291396855 0.2804878048780488 0.04717853839037933 0.10243902439024391
1 0.7641073080481036 0.20731707317073172 0.03515263644773359 0.06666666666666668
