1 0.013599537037037038 0.5625 0.02141203703703704 0.05902777777777768
1 0.0915798611111111 0.583984375 0.04195601851851852 0.06293402777777768
1 0.10807291666666666 0.5627170138888888 0.02980324074074074 0.05164930555555547
1 0.1584201388888889 0.583984375 0.03790509259259259 0.06293402777777768
1 0.15321180555555555 0.6616753472222223 0.05121527777777779 0.07769097222222221
1 0.2455150462962963 0.6781684027777778 0.060474537037037035 0.08810763888888884
1 0.2651909722222222 0.6167534722222222 0.04774305555555555 0.0703125
1 0.22410300925925924 0.5629340277777777 0.03443287037037038 0.04340277777777779
1 0.2806712962962963 0.56640625 0.039930555555555525 0.06076388888888884
1 0.30584490740740744 0.5555555555555556 0.029513888888888895 0.05381944444444442
1 0.3003472222222222 0.8148871527777778 0.1261574074074074 0.18185763888888884
1 0.3642939814814815 0.5598958333333333 0.028356481481481455 0.04947916666666663
1 0.37745949074074076 0.5483940972222222 0.02401620370370372 0.03342013888888884
1 0.4150752314814815 0.6087239583333333 0.056423611111111105 0.07942708333333337
1 0.42115162037037035 0.5412326388888888 0.026331018518518545 0.04340277777777779
1 0.4078414351851852 0.5638020833333334 0.03501157407407407 0.04774305555555558
1 0.5005787037037037 0.59375 0.046875 0.0703125
1 0.5300925925925926 0.5505642361111112 0.0248842592592593 0.03515625
1 0.5720486111111112 0.5607638888888888 0.03298611111111105 0.04947916666666663
1 0.6213831018518519 0.5677083333333333 0.02806712962962954 0.04861111111111105
1 0.6940104166666666 0.4021267361111111 0.0234375 0.04644097222222221
1 0.5623553240740741 0.7374131944444444 0.08130787037037046 0.13454861111111116
1 0.658275462962963 0.6486545138888888 0.06481481481481477 0.09678819444444453
1 0.7232349537037037 0.6048177083333334 0.04079861111111116 0.07335069444444442
1 0.7688078703703703 0.7250434027777778 0.09143518518518512 0.13845486111111116
1 0.6937210648148149 0.9262152777777778 0.15364583333333337 0.14583333333333326
1 0.8249421296296297 0.65625 0.05381944444444442 0.09809027777777768
1 0.7894965277777778 0.5787760416666666 0.0419560185185186 0.06727430555555558
1 0.8211805555555556 0.5638020833333334 0.03240740740740744 0.05381944444444442
1 0.8723958333333334 0.5991753472222223 0.046875 0.07855902777777779
1 0.9010416666666667 0.6046006944444444 0.03761574074074081 0.05902777777777779
1 0.9068287037037037 0.5735677083333333 0.02893518518518512 0.04644097222222221
