1 0.09833333333333333 0.37375 0.03333333333333334 0.06749999999999995
1 0.14583333333333331 0.41000000000000003 0.03166666666666665 0.05499999999999999
1 0.17416666666666666 0.40875 0.025000000000000022 0.05249999999999999
1 0.20833333333333334 0.40625 0.033333333333333326 0.057499999999999996
1 0.235 0.4 0.023333333333333345 0.06
1 0.26083333333333336 0.405 0.031666666666666676 0.044999999999999984
1 0.29833333333333334 0.38875 0.026666666666666672 0.04749999999999999
1 0.32 0.40375 0.030000000000000027 0.05249999999999999
1 0.35833333333333334 0.38749999999999996 0.030000000000000027 0.065
1 0.38249999999999995 0.40249999999999997 0.031666666666666676 0.04999999999999999
1 0.4075 0.36875 0.028333333333333377 0.04250000000000004
1 0.43333333333333335 0.38249999999999995 0.026666666666666672 0.06
1 0.46499999999999997 0.39875 0.026666666666666672 0.05249999999999999
1 0.47583333333333333 0.35125 0.025000000000000022 0.05249999999999999
1 0.4966666666666667 0.38875 0.026666666666666672 0.04749999999999999
1 0.5283333333333333 0.37625 0.033333333333333326 0.0625
1 0.5508333333333333 0.38125 0.02833333333333332 0.05249999999999999
1 0.5941666666666666 0.385 0.02833333333333332 0.06
1 0.6175 0.39625 0.02833333333333332 0.04749999999999999
1 0.6283333333333334 0.36875 0.026666666666666727 0.05249999999999999
1 0.6466666666666667 0.37875000000000003 0.029999999999999916 0.05250000000000005
1 0.6858333333333333 0.39249999999999996 0.02833333333333332 0.04999999999999999
1 0.7166666666666667 0.385 0.030000000000000027 0.04999999999999999
1 0.7041666666666666 0.36875 0.025000000000000022 0.03250000000000003
1 0.7658333333333334 0.39 0.03166666666666662 0.05499999999999999
1 0.7933333333333333 0.37875 0.023333333333333428 0.0625
1 0.8208333333333333 0.38125 0.02833333333333332 0.057499999999999996
1 0.8725 0.395 0.028333333333333433 0.044999999999999984
1 0.9208333333333334 0.37125 0.03166666666666662 0.057499999999999996
