1 0.09375 0.7095070422535211 0.0783450704225352 0.10915492957746475
1 0.18485915492957747 0.7112676056338028 0.09683098591549294 0.15258215962441313
1 0.31338028169014087 0.676056338028169 0.08802816901408456 0.11502347417840375
1 0.33934859154929575 0.8245305164319249 0.1346830985915493 0.17723004694835676
1 0.4819542253521127 0.6954225352112676 0.09595070422535212 0.13497652582159625
1 0.5162852112676056 0.45774647887323944 0.053697183098591506 0.09859154929577463
1 0.6201584507042254 0.8832159624413145 0.18926056338028174 0.21948356807511737
1 0.6879401408450705 0.7323943661971831 0.12588028169014087 0.18309859154929575
1 0.801056338028169 0.6496478873239436 0.07218309859154926 0.10680751173708924
1 0.9546654929577465 0.6085680751173709 0.05545774647887325 0.09507042253521125
1 0.9744718309859155 0.6484741784037559 0.051056338028169 0.1279342723004695
