1 0.11320754716981132 0.3529411764705882 0.03937653814602132 0.07747489239598276
1 0.2936833470057424 0.19727403156384504 0.019688269073010634 0.05021520803443327
1 0.31870385561936015 0.20229555236728838 0.025430680885972112 0.045911047345767564
1 0.49876948318293685 0.18507890961262552 0.029532403609516034 0.05738880918220948
1 0.527481542247744 0.14777618364418937 0.024610336341263306 0.05451936872309901
1 0.5902378999179656 0.15710186513629842 0.027071369975389614 0.05882352941176472
1 0.622231337161608 0.15064562410329985 0.020508613617719385 0.05164992826398854
1 0.7071369975389663 0.15925394548063126 0.024610336341263417 0.05164992826398854
1 0.7534864643150123 0.21664275466284075 0.028712059064807227 0.0631276901004304
1 0.7042657916324857 0.2862266857962697 0.03855619360131246 0.08177905308464847
1 0.6501230516817063 0.2647058823529412 0.03691550451189507 0.08464849354375895
