1 0.45399999999999996 0.5975975975975976 0.05199999999999999 0.09009009009009006
1 0.523 0.7567567567567568 0.07000000000000006 0.12612612612612606
1 0.593 0.8198198198198199 0.07399999999999995 0.12612612612612606
1 0.6619999999999999 0.8078078078078078 0.06399999999999995 0.08408408408408419
1 0.757 0.7597597597597597 0.07000000000000006 0.10810810810810811
1 0.8109999999999999 0.852852852852853 0.10199999999999998 0.13213213213213215
1 0.461 0.8873873873873874 0.10999999999999999 0.14114114114114107
1 0.34299999999999997 0.8108108108108107 0.07800000000000001 0.12012012012012019
1 0.29700000000000004 0.7747747747747749 0.07 0.09609609609609604
1 0.233 0.7432432432432432 0.07 0.10510510510510518
1 0.144 0.7102102102102101 0.059999999999999984 0.09909909909909909
