1 0.18343898573692552 0.3925104022191401 0.03565768621236132 0.061026352288488184
1 0.16164817749603805 0.3710124826629681 0.025356576862123614 0.04576976421636614
1 0.15095087163232962 0.3460471567267684 0.02773375594294772 0.04576976421636614
1 0.1279714738510301 0.326629680998613 0.02456418383518226 0.04854368932038838
1 0.17987321711568938 0.3252427184466019 0.023771790808240878 0.04576976421636619
1 0.2286053882725832 0.3058252427184466 0.0213946117274168 0.04854368932038838
1 0.25752773375594296 0.31553398058252424 0.02694136291600635 0.059639389736477144
1 0.3264659270998415 0.28224687933425796 0.02694136291600635 0.06518723994452152
1 0.3367670364500792 0.24410540915395285 0.028526148969889087 0.05547850208044383
1 0.3399366085578447 0.37447988904299584 0.03803486529318545 0.07212205270457694
1 0.374405705229794 0.3294036061026352 0.03407290015847858 0.056865464632454954
1 0.4243264659270999 0.29680998613037446 0.029318541996830427 0.06102635228848824
