1 0.041 0.6366366366366367 0.05 0.06606606606606602
1 0.041999999999999996 0.5825825825825826 0.024 0.042042042042042094
1 0.073 0.5735735735735736 0.025999999999999995 0.048048048048047964
1 0.08299999999999999 0.7807807807807807 0.086 0.13813813813813824
1 0.156 0.6396396396396397 0.043999999999999984 0.06606606606606613
1 0.221 0.5960960960960962 0.045999999999999985 0.07507507507507516
1 0.251 0.6681681681681682 0.05400000000000002 0.08108108108108114
1 0.29100000000000004 0.6156156156156156 0.04199999999999998 0.0780780780780781
1 0.344 0.6426426426426426 0.04799999999999999 0.08408408408408408
1 0.374 0.6261261261261262 0.03600000000000003 0.06906906906906907
1 0.443 0.6321321321321322 0.04600000000000004 0.08108108108108114
1 0.471 0.6876876876876877 0.057999999999999996 0.10810810810810811
1 0.512 0.484984984984985 0.028000000000000025 0.04504504504504503
1 0.54 0.6441441441441441 0.051999999999999935 0.0930930930930931
1 0.611 0.9264264264264264 0.10599999999999998 0.1291291291291291
1 0.6739999999999999 0.7162162162162162 0.06399999999999995 0.11111111111111116
1 0.669 0.6441441441441441 0.04999999999999993 0.07507507507507505
1 0.639 0.6096096096096095 0.04200000000000004 0.06606606606606602
1 0.72 0.6426426426426426 0.04800000000000004 0.07207207207207211
1 0.715 0.5990990990990991 0.04200000000000004 0.06306306306306309
1 0.861 0.6486486486486487 0.04200000000000004 0.0780780780780781
1 0.903 0.7492492492492493 0.07399999999999995 0.11111111111111105
