1 0.2200479233226837 0.4249649368863955 0.05191693290734825 0.09817671809256662
1 0.2703674121405751 0.25806451612903225 0.018370607028754038 0.03646563814866763
1 0.2863418530351438 0.2517531556802244 0.016773162939297148 0.03786816269284715
1 0.3166932907348243 0.25315568022440393 0.016773162939297093 0.0406732117812062
1 0.3266773162939297 0.2755960729312763 0.025559105431309903 0.04628330995792429
1 0.3306709265175719 0.21528751753155678 0.0191693290734824 0.043478260869565216
1 0.3981629392971246 0.2496493688639551 0.019968051118210872 0.04488078541374474
1 0.41533546325878595 0.26297335203366057 0.02396166134185307 0.04628330995792426
1 0.3957667731629393 0.18863955119214587 0.019968051118210872 0.03506311360448808
1 0.4065495207667732 0.17040673211781204 0.012779552715654952 0.023842917251051893
1 0.4221246006389776 0.1753155680224404 0.016773162939297148 0.0364656381486676
1 0.43170926517571884 0.1563814866760168 0.018370607028753982 0.029453015427769985
1 0.4556709265175719 0.21107994389901824 0.019968051118210872 0.03506311360448808
1 0.45726837060702874 0.18302945301542778 0.016773162939297148 0.029453015427769985
1 0.45966453674121405 0.1570827489481066 0.016773162939297093 0.025245441795231416
1 0.4772364217252396 0.21669004207573633 0.021565495207667706 0.04067321178120617
1 0.5083865814696485 0.17812061711079943 0.016773162939297093 0.0364656381486676
1 0.4884185303514377 0.13183730715287517 0.013578274760383369 0.02244039270687237
1 0.5207667731629393 0.1185133239831697 0.012779552715654896 0.029453015427769985
1 0.5315495207667732 0.13043478260869565 0.013578274760383424 0.02244039270687237
1 0.5379392971246006 0.1605890603085554 0.015175718849840258 0.03225806451612903
1 0.5447284345047922 0.1879382889200561 0.01757188498402551 0.033660589060308554
1 0.5507188498402555 0.1402524544179523 0.013578274760383313 0.033660589060308554
1 0.5722843450479234 0.15988779803646563 0.016773162939297093 0.03927068723702665
1 0.5834664536741214 0.14866760168302945 0.016773162939297093 0.033660589060308554
1 0.5974440894568691 0.1002805049088359 0.014376996805111841 0.023842917251051893
1 0.6058306709265175 0.09046283309957924 0.013578274760383424 0.02664796633941094
1 0.6118210862619808 0.1241234221598878 0.01757188498402562 0.02664796633941094
1 0.6206070287539935 0.14235624123422158 0.01757188498402551 0.029453015427769985
1 0.6461661341853036 0.11360448807854137 0.014376996805111841 0.028050490883590462
1 0.6669329073482428 0.12342215988779803 0.019169329073482455 0.030855539971949508
1 0.6138178913738019 0.2026647966339411 0.02316293929712465 0.037868162692847124
1 0.6437699680511182 0.1753155680224404 0.02076677316293929 0.04488078541374474
1 0.6501597444089458 0.22370266479663392 0.02396166134185307 0.04908835904628331
1 0.6545527156549521 0.2552594670406732 0.027955271565495154 0.05049088359046283
1 0.6625399361022364 0.30154277699859744 0.031150159744408934 0.05890603085553997
1 0.496405750798722 0.2952314165497896 0.031150159744408934 0.05189340813464238
1 0.5351437699680511 0.30995792426367463 0.028753993610223683 0.061711079943899017
1 0.5654952076677315 0.24403927068723702 0.02396166134185307 0.04768583450210381
1 0.6162140575079872 0.24894810659186534 0.02635782747603832 0.05750350631136045
1 0.6920926517571886 0.1879382889200561 0.019968051118210872 0.03927068723702665
1 0.6861022364217253 0.15988779803646563 0.01757188498402551 0.028050490883590462
1 0.7212460063897763 0.14866760168302945 0.014376996805111841 0.033660589060308554
1 0.7404153354632588 0.14305750350631136 0.015974440894568676 0.02244039270687237
1 0.7627795527156549 0.12692847124824685 0.014376996805111841 0.029453015427769985
1 0.7611821086261981 0.1718092566619916 0.01757188498402562 0.03506311360448808
1 0.7452076677316294 0.18022440392706873 0.01757188498402562 0.03506311360448808
1 0.7539936102236422 0.22159887798036465 0.02076677316293929 0.04207573632538569
1 0.7056709265175719 0.22230014025245443 0.02316293929712465 0.04628330995792426
1 0.7028753993610224 0.2769985974754558 0.025559105431309903 0.05750350631136045
1 0.7420127795527156 0.35834502103786814 0.03514376996805113 0.0687237026647966
1 0.805111821086262 0.29102384291725103 0.03194888178913735 0.06030855539971952
1 0.8130990415335464 0.25105189340813466 0.025559105431309903 0.05049088359046286
1 0.7827476038338658 0.20897615708274894 0.02076677316293929 0.03927068723702665
1 0.7963258785942493 0.15287517531556802 0.015974440894568676 0.033660589060308554
1 0.8003194888178913 0.13253856942496495 0.014376996805111841 0.029453015427769985
1 0.8262779552715654 0.14936886395511922 0.015175718849840258 0.03225806451612903
1 0.8486421725239617 0.14165497896213183 0.013578274760383424 0.030855539971949508
1 0.854632587859425 0.30434782608695654 0.027156549520766737 0.05890603085553997
1 0.8642172523961662 0.25315568022440393 0.019169329073482344 0.057503506311360475
1 0.8338658146964857 0.21949509116409538 0.01757188498402551 0.037868162692847124
1 0.8374600638977636 0.18092566619915848 0.015175718849840258 0.0364656381486676
1 0.884185303514377 0.2314165497896213 0.02076677316293929 0.04207573632538569
1 0.8837859424920128 0.18863955119214587 0.015175718849840258 0.043478260869565216
1 0.9157348242811502 0.2650771388499299 0.01996805111821076 0.047685834502103785
1 0.8777955271565495 0.14305750350631136 0.012779552715654896 0.030855539971949508
