1 0.7649999999999999 0.6561561561561562 0.134 0.23123123123123124
1 0.876 0.48648648648648646 0.052000000000000046 0.1141141141141141
1 0.901 0.43843843843843844 0.04600000000000004 0.0780780780780781
1 0.9219999999999999 0.40990990990990994 0.03199999999999992 0.05705705705705705
1 0.9470000000000001 0.4024024024024024 0.029999999999999916 0.05405405405405406
1 0.891 0.3873873873873874 0.02200000000000002 0.04204204204204204
1 0.873 0.4114114114114114 0.014000000000000012 0.036036036036036
1 0.86 0.4204204204204204 0.020000000000000018 0.03603603603603606
1 0.844 0.4219219219219219 0.02400000000000002 0.03903903903903905
1 0.829 0.4444444444444444 0.03799999999999992 0.05405405405405406
1 0.839 0.39639639639639634 0.026000000000000023 0.04204204204204204
1 0.852 0.3843843843843844 0.020000000000000018 0.036036036036036
1 0.798 0.4054054054054054 0.028000000000000025 0.03603603603603606
1 0.774 0.44894894894894893 0.04400000000000004 0.06306306306306309
1 0.736 0.43993993993993996 0.03600000000000003 0.05705705705705705
1 0.645 0.45795795795795796 0.04600000000000004 0.07507507507507505
1 0.427 0.5675675675675675 0.08599999999999997 0.13813813813813813
1 0.538 0.4369369369369369 0.03600000000000003 0.045045045045045085
1 0.576 0.33783783783783783 0.016000000000000014 0.02702702702702703
1 0.672 0.4009009009009009 0.020000000000000018 0.03903903903903905
1 0.698 0.3888888888888889 0.020000000000000018 0.033033033033033066
1 0.645 0.40390390390390385 0.018000000000000016 0.02702702702702703
1 0.604 0.4114114114114114 0.028000000000000025 0.042042042042042094
1 0.553 0.4084084084084084 0.018000000000000016 0.03003003003003002
1 0.56 0.41741741741741745 0.019999999999999907 0.024024024024023982
1 0.583 0.4084084084084084 0.018000000000000016 0.03603603603603606
1 0.511 0.4294294294294294 0.030000000000000027 0.04804804804804802
1 0.502 0.4069069069069069 0.020000000000000018 0.033033033033033066
1 0.479 0.4114114114114114 0.021999999999999964 0.042042042042042094
1 0.45499999999999996 0.4264264264264264 0.033999999999999975 0.05405405405405406
1 0.45999999999999996 0.3993993993993994 0.023999999999999966 0.03003003003003002
1 0.429 0.45795795795795796 0.038000000000000034 0.06306306306306309
1 0.426 0.42492492492492495 0.02400000000000002 0.03303303303303301
1 0.4 0.4264264264264264 0.03199999999999997 0.05405405405405406
1 0.363 0.42342342342342343 0.02200000000000002 0.04204204204204204
1 0.389 0.47447447447447444 0.03400000000000003 0.04204204204204204
1 0.32 0.4429429429429429 0.03600000000000003 0.051051051051051066
1 0.33999999999999997 0.4144144144144144 0.019999999999999962 0.03603603603603606
1 0.38 0.4069069069069069 0.02400000000000002 0.04504504504504503
1 0.29300000000000004 0.41741741741741745 0.025999999999999968 0.030030030030030075
1 0.29300000000000004 0.463963963963964 0.045999999999999985 0.051051051051051066
1 0.264 0.42492492492492495 0.02400000000000002 0.045045045045045085
1 0.221 0.45795795795795796 0.04199999999999998 0.0570570570570571
1 0.23099999999999998 0.4369369369369369 0.025999999999999995 0.03903903903903905
1 0.16799999999999998 0.43243243243243246 0.027999999999999997 0.04204204204204204
1 0.14900000000000002 0.509009009009009 0.04200000000000001 0.06306306306306309
1 0.098 0.5 0.06 0.07507507507507505
1 0.114 0.45495495495495497 0.04400000000000001 0.05705705705705705
1 0.14600000000000002 0.4294294294294294 0.023999999999999994 0.04204204204204204
1 0.03899999999999999 0.5495495495495496 0.06999999999999999 0.10810810810810817
1 0.020999999999999998 0.46546546546546547 0.03 0.042042042042042094
