1 0.21594068582020387 0.30838815789473684 0.02409638554216867 0.047697368421052655
1 0.37025023169601484 0.21217105263157895 0.026876737720111232 0.05263157894736842
1 0.3897126969416126 0.19490131578947367 0.015755329008341035 0.03125
1 0.42863762743280814 0.26151315789473684 0.023169601482854518 0.046052631578947345
1 0.45783132530120485 0.2220394736842105 0.018535681186283626 0.03618421052631579
1 0.47312326227988877 0.19161184210526316 0.01204819277108432 0.027960526315789463
1 0.49907321594068577 0.18174342105263158 0.013901760889712678 0.03125
1 0.49165894346617234 0.14884868421052633 0.013901760889712678 0.03125
1 0.48517145505097314 0.1685855263157895 0.010194624652455964 0.024671052631578955
1 0.5324374420759963 0.13240131578947367 0.019462465245597693 0.04440789473684212
1 0.5732159406858202 0.1299342105263158 0.012048192771084376 0.019736842105263164
1 0.48841519925857274 0.2993421052631579 0.020389249304911927 0.042763157894736836
1 0.6941612604263206 0.18009868421052633 0.014828544949026856 0.03125
1 0.6302131603336423 0.24095394736842107 0.024096385542168752 0.05098684210526319
