1 0.051899907321594066 0.36341059602649006 0.014828544949026877 0.03476821192052981
1 0.060704355885078776 0.33112582781456956 0.015755329008341055 0.033112582781456956
1 0.09360518999073217 0.4420529801324503 0.03707136237256718 0.0794701986754967
1 0.1459684893419833 0.3981788079470199 0.03614457831325302 0.07119205298013243
1 0.17747914735866543 0.48509933774834435 0.03985171455050973 0.08609271523178808
1 0.35264133456904545 0.19205298013245034 0.01946246524559775 0.04304635761589404
1 0.4221501390176089 0.22433774834437087 0.03429101019462466 0.06788079470198674
1 0.432808155699722 0.17549668874172186 0.02409638554216864 0.049668874172185434
1 0.5491195551436516 0.20778145695364236 0.03429101019462466 0.07119205298013245
1 0.6645041705282668 0.1076158940397351 0.020389249304911927 0.046357615894039736
1 0.7534754402224282 0.12251655629139073 0.01853568118628357 0.049668874172185434
