1 0.13076923076923078 0.38683602771362585 0.08615384615384615 0.15011547344110854
1 0.2530769230769231 0.6512702078521939 0.06923076923076923 0.11547344110854507
1 0.4230769230769231 0.5554272517321017 0.05230769230769228 0.09468822170900693
1 0.4707692307692308 0.523094688221709 0.04923076923076919 0.09006928406466513
1 0.5876923076923077 0.5346420323325635 0.043076923076923124 0.08545034642032329
1 0.6546153846153846 0.5300230946882217 0.04461538461538461 0.07159353348729791
1 0.7730769230769231 0.4515011547344111 0.041538461538461524 0.07159353348729791
1 0.8523076923076922 0.5958429561200924 0.06461538461538463 0.12009237875288681
1 0.9230769230769231 0.5381062355658198 0.0492307692307693 0.0969976905311778
1 0.9838461538461538 0.5404157043879908 0.03230769230769226 0.08314087759815242
