1 0.04625 0.1962962962962963 0.0425 0.05925925925925926
1 0.09375 0.24444444444444446 0.05249999999999999 0.05925925925925926
1 0.13875 0.2740740740740741 0.05750000000000001 0.06666666666666668
1 0.10250000000000001 0.3685185185185185 0.07500000000000001 0.08518518518518514
1 0.05 0.4722222222222222 0.095 0.12222222222222223
1 0.29 0.43148148148148147 0.11499999999999996 0.12962962962962965
1 0.2575 0.3314814814814815 0.05999999999999997 0.07777777777777778
1 0.30500000000000005 0.20555555555555555 0.04999999999999999 0.06296296296296297
1 0.26249999999999996 0.1388888888888889 0.03999999999999998 0.07777777777777778
1 0.36875 0.1611111111111111 0.04750000000000004 0.048148148148148134
1 0.4 0.19074074074074074 0.04999999999999999 0.06296296296296294
1 0.45125 0.17962962962962964 0.04249999999999998 0.05555555555555555
1 0.42375 0.2537037037037037 0.0625 0.1
1 0.39249999999999996 0.3648148148148148 0.08000000000000002 0.1074074074074074
1 0.52 0.32592592592592595 0.07000000000000006 0.10370370370370369
1 0.52 0.14074074074074072 0.040000000000000036 0.05925925925925926
1 0.52 0.040740740740740744 0.044999999999999984 0.05925925925925926
1 0.5525 0.12407407407407407 0.03499999999999992 0.06296296296296297
1 0.6025 0.16666666666666666 0.04500000000000004 0.08148148148148149
1 0.6387499999999999 0.17962962962962964 0.057499999999999996 0.1
1 0.72125 0.2777777777777778 0.057499999999999996 0.0888888888888889
1 0.65 0.4462962962962963 0.10499999999999998 0.15925925925925927
1 0.48750000000000004 0.5833333333333334 0.14500000000000007 0.21111111111111108
1 0.3725 0.6444444444444444 0.18000000000000005 0.23703703703703705
1 0.73875 0.22407407407407406 0.03749999999999998 0.06296296296296294
1 0.7324999999999999 0.16666666666666669 0.03500000000000003 0.05185185185185184
1 0.78 0.14814814814814814 0.03500000000000003 0.05925925925925926
1 0.84375 0.2611111111111111 0.05750000000000011 0.08518518518518517
1 0.8987499999999999 0.2222222222222222 0.0675 0.10370370370370371
1 0.8674999999999999 0.17407407407407408 0.03500000000000003 0.06666666666666665
