1 0.06444444444444444 0.5283333333333333 0.06666666666666668 0.07666666666666666
1 0.12333333333333334 0.5333333333333333 0.05555555555555555 0.09333333333333327
1 0.20555555555555555 0.5333333333333333 0.05111111111111111 0.08666666666666667
1 0.11222222222222222 0.7483333333333333 0.09999999999999999 0.18333333333333335
1 0.31222222222222223 0.6266666666666667 0.08666666666666667 0.15333333333333332
1 0.35333333333333333 0.5783333333333334 0.06222222222222218 0.10999999999999999
1 0.3988888888888889 0.5533333333333333 0.05111111111111111 0.09333333333333327
1 0.4288888888888889 0.5283333333333333 0.04444444444444445 0.07666666666666666
1 0.48 0.345 0.048888888888888926 0.08333333333333331
1 0.4533333333333333 0.755 0.11111111111111105 0.20333333333333337
1 0.5166666666666667 0.6733333333333333 0.08666666666666673 0.1399999999999999
1 0.5333333333333333 0.575 0.06666666666666665 0.09666666666666668
1 0.5622222222222222 0.55 0.05777777777777782 0.08666666666666667
1 0.5477777777777778 0.49833333333333335 0.046666666666666634 0.06333333333333335
1 0.7977777777777778 0.515 0.040000000000000036 0.07666666666666666
1 0.8477777777777777 0.5566666666666666 0.07777777777777783 0.12000000000000005
1 0.9477777777777778 0.53 0.05999999999999994 0.09333333333333332
1 0.9533333333333334 0.6616666666666666 0.06666666666666665 0.19666666666666666
