1 0.10854616895874264 0.32984293193717273 0.03045186640471513 0.07329842931937175
1 0.30697445972495085 0.20855148342059338 0.020628683693516725 0.04013961605584643
1 0.3379174852652259 0.23909249563699825 0.019646365422396894 0.04537521815008727
1 0.40962671905697445 0.24520069808027922 0.0216110019646365 0.040139616055846455
1 0.41846758349705304 0.16753926701570682 0.015717092337917515 0.03141361256544503
1 0.4425343811394892 0.16579406631762653 0.01669941060903729 0.031413612565445004
1 0.4656188605108055 0.16666666666666669 0.01571709233791746 0.033158813263525294
1 0.4862475442043222 0.19022687609075045 0.015717092337917515 0.03141361256544503
1 0.4945972495088409 0.16579406631762653 0.014734774066797629 0.031413612565445004
1 0.5166994106090373 0.2006980802792321 0.017681728880157177 0.038394415357766165
1 0.5618860510805501 0.19371727748691098 0.017681728880157177 0.03839441535776614
1 0.8678781925343811 0.24345549738219896 0.022593320235756442 0.04363001745200701
1 0.8963654223968567 0.20157068062827227 0.016699410609037346 0.033158813263525294
1 0.9287819253438114 0.24607329842931935 0.02062868369351667 0.04537521815008724
1 0.93762278978389 0.21378708551483422 0.014734774066797685 0.036649214659685875
