1 0.05166666666666666 0.7218045112781954 0.09333333333333332 0.19548872180451127
1 0.19 0.7669172932330827 0.16666666666666663 0.22055137844611528
1 0.15 0.6077694235588973 0.08 0.11779448621553879
1 0.18166666666666664 0.5764411027568922 0.07333333333333333 0.13032581453634084
1 0.24916666666666668 0.6353383458646616 0.09833333333333333 0.1578947368421053
1 0.42083333333333334 0.7706766917293233 0.10166666666666668 0.1578947368421053
1 0.44666666666666666 0.650375939849624 0.08000000000000002 0.1378446115288221
1 0.4033333333333333 0.6328320802005012 0.053333333333333344 0.09273182957393489
1 0.5533333333333333 0.7919799498746867 0.1333333333333333 0.2506265664160401
1 0.5666666666666667 0.6203007518796992 0.05666666666666664 0.09774436090225569
1 0.62 0.6340852130325814 0.06666666666666665 0.10526315789473684
1 0.7 0.7456140350877193 0.10999999999999999 0.1829573934837092
1 0.725 0.6278195488721805 0.06666666666666665 0.08771929824561397
1 0.8 0.6365914786967418 0.07333333333333336 0.13032581453634084
1 0.9091666666666667 0.7243107769423558 0.14500000000000002 0.23558897243107768
1 0.86 0.3872180451127819 0.050000000000000044 0.07769423558897243
