1 0.040262172284644196 0.40448504983388706 0.037453183520599245 0.07475083056478404
1 0.26170411985018727 0.28986710963455153 0.021535580524344566 0.03820598006644521
1 0.28323970037453183 0.2799003322259136 0.0196629213483146 0.04485049833887039
1 0.3033707865168539 0.2632890365448505 0.01685393258426965 0.04485049833887042
1 0.3258426966292135 0.26827242524916944 0.020599250936329583 0.0415282392026578
1 0.34456928838951306 0.2865448504983389 0.02247191011235955 0.03820598006644521
1 0.39840823970037453 0.3098006644518272 0.0252808988764045 0.051495016611295685
1 0.32677902621722843 0.22591362126245845 0.01685393258426965 0.03654485049833886
1 0.34597378277153557 0.22009966777408638 0.015917602996254665 0.0415282392026578
1 0.3544007490636704 0.24584717607973422 0.0196629213483146 0.039867109634551506
1 0.3735955056179775 0.23338870431893688 0.01685393258426965 0.03488372093023254
1 0.4199438202247191 0.22674418604651164 0.017790262172284632 0.04152823920265783
1 0.452247191011236 0.22674418604651164 0.02247191011235955 0.04152823920265783
1 0.4087078651685393 0.18106312292358803 0.01591760299625472 0.03322259136212624
1 0.42790262172284643 0.1852159468438538 0.01685393258426965 0.034883720930232565
1 0.4639513108614232 0.19933554817275748 0.017790262172284632 0.03654485049833889
1 0.45833333333333337 0.16943521594684385 0.014044943820224753 0.023255813953488358
1 0.4995318352059925 0.2383720930232558 0.021535580524344566 0.04817275747508307
1 0.4831460674157303 0.17026578073089702 0.014981273408239681 0.03156146179401992
1 0.47284644194756553 0.1511627906976744 0.01310861423220977 0.029900332225913623
1 0.45271535580524347 0.1453488372093023 0.012172284644194786 0.0282392026578073
1 0.48829588014981273 0.1403654485049834 0.015917602996254665 0.028239202657807327
1 0.5280898876404494 0.14285714285714285 0.01872659176029956 0.03322259136212624
1 0.5341760299625469 0.1777408637873754 0.01966292134831471 0.03322259136212624
1 0.5421348314606742 0.20431893687707642 0.02059925093632964 0.039867109634551506
1 0.5730337078651686 0.16777408637873753 0.02059925093632964 0.03654485049833886
1 0.5833333333333333 0.15614617940199338 0.01310861423220977 0.029900332225913623
1 0.5594569288389513 0.14700996677740863 0.014044943820224698 0.0282392026578073
1 0.5519662921348314 0.13704318936877075 0.014044943820224698 0.0282392026578073
1 0.5697565543071161 0.11960132890365449 0.01217228464419473 0.026578073089701004
1 0.5889513108614233 0.13538205980066445 0.01310861423220977 0.02491694352159468
1 0.62312734082397 0.14700996677740863 0.017790262172284743 0.03820598006644518
1 0.6324906367041199 0.132890365448505 0.015917602996254665 0.026578073089701004
1 0.6409176029962547 0.1079734219269103 0.014044943820224698 0.03322259136212624
1 0.6198501872659177 0.10880398671096345 0.01310861423220977 0.03156146179401993
1 0.598314606741573 0.10714285714285715 0.014981273408239626 0.03488372093023255
1 0.6722846441947565 0.1287375415282392 0.014981273408239737 0.03488372093023258
1 0.6896067415730337 0.10631229235880399 0.015917602996254665 0.03322259136212624
1 0.6863295880149813 0.14451827242524917 0.014981273408239626 0.03322259136212624
1 0.7111423220973783 0.14119601328903653 0.015917602996254665 0.03654485049833886
1 0.647003745318352 0.17857142857142858 0.01872659176029967 0.04485049833887045
1 0.6254681647940075 0.19601328903654486 0.01872659176029967 0.043189368770764125
1 0.6044007490636705 0.25830564784053156 0.027153558052434357 0.05149501661129566
1 0.5655430711610487 0.2408637873754153 0.022471910112359494 0.046511627906976744
1 0.5627340823970037 0.3023255813953488 0.02621722846441954 0.0564784053156146
1 0.4901685393258427 0.3081395348837209 0.030898876404494402 0.06146179401993357
1 0.6058052434456929 0.3322259136212624 0.029962546816479363 0.059800664451827246
1 0.677434456928839 0.345514950166113 0.03838951310861427 0.07308970099667772
1 0.6779026217228464 0.24750830564784054 0.02434456928838946 0.04983388704318939
1 0.7111423220973783 0.29568106312292364 0.029026217228464435 0.059800664451827246
1 0.6685393258426966 0.2142857142857143 0.02059925093632964 0.04983388704318939
1 0.6928838951310861 0.22259136212624586 0.02059925093632964 0.05315614617940198
1 0.6956928838951311 0.18687707641196014 0.01872659176029967 0.0415282392026578
1 0.7331460674157304 0.15863787375415284 0.014981273408239626 0.03820598006644518
1 0.7425093632958801 0.20598006644518274 0.020599250936329527 0.04983388704318939
1 0.7602996254681649 0.23588039867109634 0.022471910112359494 0.046511627906976716
1 0.7715355805243446 0.2865448504983389 0.02621722846441954 0.05481727574750833
1 0.7982209737827715 0.1777408637873754 0.017790262172284632 0.04983388704318936
1 0.7556179775280899 0.15946843853820597 0.01872659176029967 0.043189368770764125
1 0.7411048689138577 0.13205980066445183 0.017790262172284632 0.034883720930232565
1 0.7476591760299626 0.11627906976744186 0.0196629213483146 0.03654485049833886
1 0.7687265917602997 0.13787375415282394 0.014981273408239626 0.039867109634551506
1 0.7930711610486891 0.12956810631229237 0.014981273408239737 0.039867109634551506
1 0.8127340823970037 0.14202657807308972 0.014981273408239737 0.0282392026578073
1 0.821629213483146 0.17109634551495018 0.014044943820224698 0.029900332225913623
1 0.8295880149812733 0.13538205980066445 0.016853932584269704 0.0415282392026578
1 0.8534644194756554 0.1611295681063123 0.0196629213483146 0.043189368770764125
1 0.8520599250936329 0.19767441860465115 0.02059925093632964 0.043189368770764125
1 0.875 0.23172757475083056 0.021535580524344677 0.04817275747508307
1 0.875 0.20099667774086377 0.0196629213483146 0.039867109634551506
1 0.8675093632958801 0.15780730897009967 0.015917602996254665 0.03322259136212624
1 0.8712546816479401 0.1303986710963455 0.017790262172284632 0.0382059800664452
1 0.8974719101123596 0.1362126245847176 0.014044943820224698 0.03322259136212624
1 0.8946629213483146 0.17358803986710963 0.0196629213483146 0.0415282392026578
1 0.9339887640449438 0.1719269102990033 0.014044943820224698 0.03488372093023254
1 0.9330524344569289 0.28156146179402 0.023408239700374533 0.05481727574750833
