1 0.2297674418604651 0.3723051409618574 0.04465116279069767 0.08789386401326699
1 0.2558139534883721 0.28772802653399665 0.020465116279069773 0.03482587064676618
1 0.2837209302325582 0.2694859038142621 0.014883720930232547 0.038142620232172464
1 0.3013953488372093 0.25870646766169153 0.018604651162790697 0.03648424543946935
1 0.3088372093023256 0.22802653399668327 0.014883720930232547 0.028192371475953576
1 0.3311627906976744 0.22636815920398012 0.018604651162790697 0.03150912106135986
1 0.3130232558139535 0.29933665008291876 0.02697674418604651 0.04145936981757875
1 0.346046511627907 0.2744610281923715 0.020465116279069717 0.048092868988391324
1 0.37302325581395346 0.22636815920398012 0.016744186046511678 0.03150912106135986
1 0.3734883720930232 0.20563847429519072 0.017674418604651188 0.033167495854063006
1 0.4041860465116279 0.23466003316749584 0.017674418604651188 0.04145936981757878
1 0.4246511627906977 0.2728026533996683 0.021395348837209338 0.04809286898839135
1 0.42837209302325585 0.23466003316749587 0.021395348837209338 0.03482587064676618
1 0.42837209302325585 0.2023217247097844 0.015813953488372057 0.03980099502487561
1 0.4097674418604651 0.17330016583747926 0.012093023255813962 0.03150912106135986
1 0.4413953488372093 0.19817578772802652 0.015813953488372057 0.03482587064676615
1 0.4595348837209302 0.23383084577114427 0.020465116279069773 0.04311774461028192
1 0.4702325581395349 0.19817578772802652 0.015813953488372057 0.03482587064676615
1 0.45581395348837206 0.14593698175787728 0.013023255813953527 0.02985074626865672
1 0.4693023255813954 0.15339966832504148 0.013953488372093037 0.03150912106135986
1 0.47627906976744183 0.16500829187396351 0.016744186046511678 0.03150912106135989
1 0.5037209302325582 0.19237147595356552 0.019534883720930207 0.033167495854063006
1 0.48372093023255813 0.1318407960199005 0.011162790697674452 0.021558872305140947
1 0.521860465116279 0.13681592039800994 0.016744186046511622 0.028192371475953576
1 0.5348837209302325 0.16003316749585406 0.016744186046511622 0.03482587064676618
1 0.5190697674418605 0.16334991708126034 0.014883720930232491 0.028192371475953576
1 0.5353488372093023 0.20315091210613598 0.019534883720930263 0.038142620232172464
1 0.5604651162790697 0.16749585406301826 0.017674418604651243 0.033167495854063006
1 0.5558139534883721 0.11691542288557213 0.012093023255813962 0.02155887230514096
1 0.5483720930232558 0.13598673300165837 0.012093023255813962 0.023217247097844104
1 0.5972093023255813 0.13847429519071308 0.013023255813953472 0.03150912106135986
1 0.5865116279069768 0.14925373134328357 0.015813953488372112 0.033167495854063006
1 0.5855813953488371 0.10199004975124379 0.012093023255813962 0.024875621890547275
1 0.5920930232558139 0.12354892205638474 0.012093023255813962 0.02155887230514096
1 0.6041860465116279 0.1285240464344942 0.01023255813953483 0.02487562189054726
1 0.6218604651162791 0.12354892205638474 0.012093023255813962 0.02487562189054726
1 0.6246511627906977 0.1044776119402985 0.013953488372093092 0.023217247097844118
1 0.6404651162790698 0.11608623548922056 0.01023255813953483 0.026533996683250405
1 0.6530232558139535 0.12023217247097845 0.014883720930232602 0.028192371475953562
1 0.6488372093023256 0.10033167495854063 0.01209302325581385 0.02487562189054726
1 0.6818604651162791 0.10696517412935323 0.013023255813953583 0.03150912106135986
1 0.5604651162790697 0.24543946932006633 0.023255813953488302 0.04311774461028192
1 0.5362790697674418 0.3126036484245439 0.028837209302325584 0.058043117744610295
1 0.4827906976744186 0.3001658374792703 0.02790697674418602 0.06301824212271973
1 0.6041860465116279 0.263681592039801 0.025116279069767433 0.043117744610281894
1 0.5986046511627907 0.22802653399668327 0.019534883720930263 0.03482587064676615
1 0.6399999999999999 0.17744610281923717 0.020465116279069773 0.04311774461028192
1 0.6544186046511629 0.21227197346600332 0.019534883720930263 0.046434494195688236
1 0.6595348837209303 0.263681592039801 0.027906976744186074 0.05306799336650084
1 0.675813953488372 0.3490878938640133 0.038139534883720905 0.0713101160862355
1 0.5832558139534884 0.37479270315091207 0.035348837209302264 0.05638474295190715
1 0.6916279069767441 0.22553897180762852 0.025116279069767433 0.046434494195688236
1 0.6762790697674419 0.15257048092868988 0.018604651162790753 0.03980099502487561
1 0.7041860465116279 0.18076285240464346 0.018604651162790753 0.04311774461028192
1 0.7232558139534884 0.17330016583747926 0.017674418604651132 0.03482587064676615
1 0.7079069767441861 0.14344941956882257 0.020465116279069773 0.04145936981757878
1 0.7288372093023255 0.14179104477611942 0.015813953488372112 0.03150912106135986
1 0.7306976744186047 0.12686567164179105 0.015813953488372112 0.02487562189054726
1 0.7534883720930232 0.1111111111111111 0.016744186046511622 0.03316749585406302
1 0.7665116279069768 0.12437810945273632 0.013023255813953472 0.02985074626865672
1 0.7748837209302326 0.12686567164179105 0.011162790697674452 0.028192371475953562
1 0.7702325581395348 0.16334991708126037 0.016744186046511622 0.03482587064676618
1 0.7451162790697674 0.2197346600331675 0.020465116279069773 0.04809286898839138
1 0.7344186046511628 0.19485903814262023 0.017674418604651132 0.038142620232172464
1 0.7102325581395349 0.2935323383084577 0.030697674418604715 0.056384742951907096
1 0.7772093023255815 0.2935323383084577 0.028837209302325584 0.05970149253731344
1 0.8158139534883722 0.25290215588723053 0.020465116279069773 0.051409618573797694
1 0.8 0.18407960199004975 0.018604651162790753 0.03980099502487561
1 0.7962790697674418 0.1451077943615257 0.013023255813953472 0.02487562189054726
1 0.8162790697674418 0.14096185737976782 0.015813953488372 0.026533996683250405
1 0.813953488372093 0.16334991708126037 0.01116279069767434 0.02487562189054726
1 0.8418604651162791 0.19817578772802652 0.016744186046511622 0.04145936981757878
1 0.8632558139534883 0.21475953565505806 0.020465116279069773 0.044776119402985065
1 0.8576744186046512 0.16003316749585406 0.016744186046511622 0.03482587064676618
1 0.8613953488372093 0.12935323383084577 0.013023255813953472 0.026533996683250405
1 0.886046511627907 0.13018242122719734 0.017674418604651243 0.038142620232172464
1 0.8809302325581396 0.18159203980099503 0.013023255813953472 0.03482587064676618
1 0.8897674418604651 0.20978441127694858 0.017674418604651132 0.04145936981757878
1 0.8911627906976745 0.16500829187396351 0.014883720930232491 0.03150912106135989
1 0.9223255813953488 0.20729684908789386 0.015813953488372112 0.03980099502487561
1 0.9199999999999999 0.1749585406301824 0.013023255813953472 0.021558872305140947
1 0.9213953488372093 0.1558872305140962 0.01209302325581385 0.02321724709784409
