1 0.1324607329842932 0.24208566108007448 0.019895287958115196 0.037243947858473014
1 0.2225130890052356 0.34823091247672255 0.04921465968586389 0.08566108007448786
1 0.25706806282722516 0.20949720670391062 0.01570680628272253 0.035381750465549366
1 0.274869109947644 0.16387337057728119 0.01570680628272253 0.029795158286778395
1 0.33612565445026177 0.22905027932960892 0.020942408376963373 0.03724394785847299
1 0.38586387434554975 0.2309124767225326 0.021989528795811508 0.0484171322160149
1 0.4104712041884817 0.2569832402234637 0.0230366492146597 0.04469273743016758
1 0.35340314136125656 0.11731843575418995 0.013612565445026203 0.0260707635009311
1 0.38952879581151834 0.11824953445065177 0.016753926701570665 0.03165735567970204
1 0.4287958115183246 0.16945996275605213 0.01570680628272253 0.03724394785847299
1 0.42408376963350786 0.22067039106145253 0.01884816753926699 0.03538175046554934
1 0.42513089005235605 0.14804469273743015 0.014659685863874394 0.020484171322160155
1 0.47277486910994765 0.17970204841713222 0.02408376963350789 0.03910614525139666
1 0.47172774869109946 0.20670391061452514 0.019895287958115182 0.03351955307262569
1 0.4643979057591623 0.09869646182495345 0.01570680628272253 0.02979515828677841
1 0.481151832460733 0.148975791433892 0.013612565445026148 0.029795158286778395
1 0.4968586387434555 0.14338919925512106 0.01570680628272253 0.0260707635009311
1 0.5125654450261781 0.18808193668528864 0.017801047120418745 0.04096834264432031
1 0.5104712041884817 0.11731843575418995 0.013612565445026092 0.029795158286778395
1 0.5235602094240838 0.12476722532588455 0.012565445026178068 0.02234636871508379
1 0.5497382198952879 0.1191806331471136 0.014659685863874339 0.0260707635009311
1 0.5460732984293194 0.18528864059590316 0.02617801047120416 0.04283054003724396
1 0.531413612565445 0.3324022346368715 0.04502617801047115 0.06145251396648044
1 0.5654450261780104 0.28212290502793297 0.027225130890052296 0.04283054003724396
1 0.5910994764397905 0.11638733705772812 0.019895287958115127 0.03538175046554934
1 0.5769633507853403 0.09497206703910616 0.020942408376963373 0.040968342644320296
1 0.6078534031413613 0.11266294227188081 0.011518324607329822 0.024208566108007437
1 0.6214659685863875 0.12476722532588454 0.013612565445026203 0.029795158286778395
1 0.6356020942408377 0.09683426443202979 0.014659685863874339 0.0260707635009311
1 0.6528795811518324 0.08100558659217877 0.015706806282722474 0.03165735567970204
1 0.6602094240837697 0.12290502793296089 0.021989528795811508 0.04096834264432028
1 0.6193717277486911 0.15828677839851024 0.017801047120418856 0.04096834264432031
1 0.6198952879581152 0.2430167597765363 0.03350785340314133 0.06145251396648044
1 0.6712041884816754 0.2616387337057728 0.029319371727748678 0.05027932960893852
1 0.681151832460733 0.2169459962756052 0.019895287958115127 0.04283054003724396
1 0.7109947643979058 0.16387337057728119 0.01675392670157061 0.03351955307262569
1 0.6916230366492147 0.07541899441340782 0.015706806282722585 0.027932960893854754
1 0.7256544502617801 0.06983240223463687 0.018848167539267102 0.027932960893854747
1 0.7083769633507854 0.11359404096834265 0.011518324607329822 0.0260707635009311
1 0.7366492146596859 0.10986964618249534 0.021989528795811508 0.04469273743016759
1 0.7586387434554974 0.08566108007448789 0.017801047120418856 0.040968342644320296
1 0.7785340314136125 0.0968342644320298 0.015706806282722585 0.037243947858473
1 0.7785340314136125 0.148975791433892 0.019895287958115127 0.03724394785847299
1 0.7654450261780105 0.24860335195530725 0.023036649214659644 0.05027932960893855
1 0.7371727748691099 0.25977653631284914 0.025130890052356025 0.057728119180633114
1 0.7979057591623037 0.186219739292365 0.023036649214659644 0.05959031657355679
1 0.8130890052356021 0.12290502793296089 0.013612565445026203 0.022346368715083803
1 0.8424083769633508 0.09497206703910614 0.013612565445026203 0.029795158286778395
1 0.8335078534031413 0.10521415270018622 0.010471204188481686 0.02420856610800745
1 0.869109947643979 0.10986964618249534 0.01675392670157072 0.033519553072625705
1 0.8623036649214659 0.17039106145251398 0.017801047120418856 0.03165735567970204
1 0.8471204188481676 0.21508379888268156 0.027225130890052296 0.06145251396648044
1 0.875392670157068 0.2383612662942272 0.023036649214659755 0.0521415270018622
1 0.8879581151832461 0.21601489757914338 0.014659685863874339 0.03351955307262569
1 0.9094240837696335 0.10893854748603352 0.013612565445026203 0.03538175046554935
1 0.9507853403141362 0.1340782122905028 0.01675392670157072 0.037243947858473
1 0.9680628272251308 0.1629422718808194 0.015706806282722474 0.03538175046554934
1 0.974869109947644 0.12849162011173185 0.014659685863874339 0.03351955307262572
1 0.9303664921465968 0.21415270018621974 0.019895287958115127 0.044692737430167606
1 0.9225130890052355 0.2532588454376164 0.020942408376963262 0.04469273743016758
1 0.9146596858638744 0.3249534450651769 0.02408376963350789 0.06145251396648044
1 0.9267015706806283 0.2951582867783985 0.025130890052356025 0.05027932960893855
