1 0.032 0.7773333333333334 0.06 0.15200000000000002
1 0.332 0.84 0.128 0.16533333333333333
1 0.30900000000000005 0.584 0.066 0.10666666666666669
1 0.473 0.5960000000000001 0.07400000000000001 0.09333333333333338
1 0.45099999999999996 0.4906666666666667 0.04199999999999998 0.07466666666666671
1 0.46499999999999997 0.3 0.03799999999999998 0.05066666666666664
1 0.515 0.45599999999999996 0.03400000000000003 0.04799999999999999
1 0.544 0.42266666666666663 0.03200000000000003 0.03999999999999998
1 0.581 0.4026666666666667 0.02200000000000002 0.03200000000000003
1 0.593 0.512 0.04600000000000004 0.07466666666666666
1 0.61 0.4666666666666667 0.040000000000000036 0.064
1 0.632 0.41866666666666663 0.028000000000000025 0.042666666666666686
1 0.667 0.416 0.02200000000000002 0.03733333333333333
1 0.734 0.43066666666666664 0.03200000000000003 0.05066666666666669
1 0.754 0.41866666666666663 0.02400000000000002 0.042666666666666686
1 0.74 0.4866666666666667 0.04400000000000004 0.04533333333333328
1 0.73 0.5186666666666666 0.04400000000000004 0.06133333333333335
1 0.6950000000000001 0.6626666666666667 0.07399999999999995 0.12
1 0.679 0.9066666666666667 0.134 0.18666666666666665
1 0.935 0.688 0.09799999999999998 0.13333333333333341
1 0.883 0.548 0.05400000000000005 0.07733333333333337
1 0.862 0.4933333333333333 0.040000000000000036 0.05866666666666659
1 0.844 0.45066666666666666 0.03600000000000003 0.053333333333333344
1 0.847 0.42 0.03400000000000003 0.04533333333333334
1 0.33799999999999997 0.3746666666666667 0.023999999999999966 0.03466666666666668
1 0.3 0.388 0.028000000000000025 0.03999999999999998
1 0.274 0.3826666666666667 0.02799999999999997 0.03999999999999998
1 0.22099999999999997 0.3893333333333333 0.03 0.03733333333333333
1 0.185 0.42133333333333334 0.03799999999999998 0.04800000000000004
1 0.15699999999999997 0.376 0.03 0.04266666666666663
1 0.172 0.35333333333333333 0.023999999999999994 0.03466666666666662
1 0.127 0.392 0.029999999999999985 0.042666666666666686
1 0.103 0.3653333333333333 0.03 0.042666666666666686
1 0.089 0.42666666666666664 0.041999999999999996 0.05333333333333329
1 0.036000000000000004 0.3933333333333333 0.036000000000000004 0.05066666666666669
