1 0.060000000000000005 0.6675 0.1 0.21499999999999997
1 0.1675 0.7549999999999999 0.06 0.13
1 0.2275 0.615 0.05499999999999999 0.12
1 0.33125 0.5675 0.04249999999999998 0.10499999999999998
1 0.43374999999999997 0.4325 0.08749999999999997 0.20500000000000002
1 0.5425 0.49749999999999994 0.06499999999999995 0.15499999999999997
1 0.6799999999999999 0.5575 0.039999999999999925 0.09499999999999997
1 0.75625 0.5825 0.04249999999999998 0.125
1 0.81625 0.5800000000000001 0.04249999999999998 0.09999999999999998
1 0.8512500000000001 0.685 0.0675 0.13
1 0.92625 0.6825 0.07250000000000001 0.14500000000000002
1 0.6737500000000001 0.86 0.08750000000000002 0.18999999999999995
