1 0.11027397260273972 0.586837294332724 0.11917808219178082 0.15722120658135286
1 0.1506849315068493 0.536563071297989 0.0684931506849315 0.11517367458866545
1 0.1952054794520548 0.4963436928702011 0.05616438356164383 0.10054844606946983
1 0.22671232876712327 0.4716636197440585 0.036986301369863 0.07312614259597805
1 0.2458904109589041 0.4424131627056673 0.031506849315068475 0.054844606946983565
1 0.31438356164383563 0.4323583180987203 0.028767123287671226 0.04204753199268735
1 0.3904109589041096 0.340036563071298 0.03835616438356165 0.058500914076782484
1 0.4534246575342466 0.526508226691042 0.0547945205479452 0.09140767824497259
1 0.47534246575342465 0.4606946983546618 0.03013698630136985 0.051188299817184646
1 0.45273972602739726 0.44698354661791595 0.02876712328767128 0.053016453382084106
1 0.46164383561643835 0.4159049360146252 0.021917808219178103 0.0310786106032907
1 0.5047945205479452 0.4396709323583181 0.020547945205479423 0.034734917733089565
1 0.510958904109589 0.49177330895795246 0.03835616438356165 0.0731261425959781
1 0.5315068493150685 0.453382084095064 0.03013698630136985 0.04753199268738573
1 0.5554794520547945 0.42230347349177333 0.020547945205479423 0.040219378427787944
1 0.5595890410958904 0.4616087751371115 0.03150684931506842 0.05667276051188297
1 0.5883561643835616 0.5109689213893968 0.047945205479452024 0.08592321755027427
1 0.5746575342465754 0.4414990859232175 0.02602739726027392 0.04204753199268735
1 0.6041095890410959 0.4506398537477148 0.021917808219178103 0.042047531992687404
1 0.6041095890410959 0.42961608775137117 0.024657534246575352 0.036563071297989025
1 0.6363013698630138 0.42687385740402195 0.020547945205479423 0.034734917733089565
1 0.6582191780821918 0.4561243144424132 0.02876712328767117 0.056672760511883025
1 0.6321917808219177 0.4753199268738574 0.03424657534246578 0.06215722120658129
1 0.6513698630136986 0.42413162705667273 0.017808219178082174 0.029250457038391187
1 0.708904109589041 0.5904936014625228 0.06712328767123288 0.10603290676416821
1 0.7294520547945205 0.4972577696526508 0.05068493150684927 0.09140767824497259
1 0.7458904109589041 0.46617915904936014 0.03698630136986303 0.06581352833638027
1 0.7178082191780821 0.4250457038391225 0.021917808219178103 0.042047531992687404
1 0.7753424657534247 0.42687385740402195 0.021917808219178103 0.04570383912248627
1 0.8260273972602741 0.43875685557586835 0.0273972602739726 0.04753199268738573
1 0.8369863013698631 0.4323583180987203 0.02465753424657524 0.038391224862888484
1 0.8602739726027397 0.42138939670932357 0.021917808219178103 0.038391224862888484
1 0.8472602739726027 0.4826325411334552 0.03698630136986303 0.06581352833638032
1 0.8684931506849315 0.5173674588665448 0.043835616438356206 0.06215722120658129
1 0.8739726027397261 0.5968921389396709 0.07123287671232881 0.12248628884826329
1 0.9561643835616438 0.4963436928702011 0.046575342465753455 0.08226691042047535
1 0.9205479452054794 0.45155393053016457 0.0273972602739726 0.04387568555758686
1 0.8972602739726028 0.4469835466179159 0.024657534246575352 0.038391224862888484
1 0.9527397260273973 0.4414990859232175 0.023287671232876783 0.04204753199268735
1 0.9842465753424657 0.4515539305301645 0.02876712328767117 0.054844606946983565
