1 0.09114583333333333 0.2504672897196262 0.015625 0.029906542056074792
1 0.19479166666666667 0.3579439252336449 0.03541666666666665 0.07289719626168223
1 0.2203125 0.33644859813084116 0.04270833333333335 0.08598130841121493
1 0.20833333333333331 0.2607476635514019 0.03541666666666668 0.061682242990654196
1 0.22916666666666669 0.19906542056074766 0.02291666666666667 0.04672897196261683
1 0.27604166666666663 0.15794392523364487 0.02291666666666664 0.04672897196261683
1 0.34479166666666666 0.20093457943925233 0.018750000000000044 0.04299065420560749
1 0.36302083333333335 0.20841121495327103 0.021874999999999978 0.04299065420560749
1 0.3911458333333333 0.19626168224299065 0.019791666666666707 0.0411214953271028
1 0.4359375 0.24018691588785046 0.03229166666666666 0.06542056074766356
1 0.4359375 0.18037383177570093 0.026041666666666685 0.05794392523364486
1 0.42291666666666666 0.14579439252336449 0.018750000000000044 0.0411214953271028
1 0.3984375 0.14018691588785046 0.021874999999999978 0.03738317757009345
1 0.3807291666666667 0.15327102803738318 0.017708333333333326 0.03738317757009346
1 0.4552083333333333 0.1514018691588785 0.01874999999999999 0.041121495327102825
1 0.475 0.202803738317757 0.024999999999999967 0.061682242990654196
1 0.48854166666666665 0.13551401869158877 0.01874999999999999 0.046728971962616814
1 0.47239583333333335 0.12429906542056074 0.013541666666666674 0.03177570093457943
1 0.5088541666666666 0.1252336448598131 0.013541666666666674 0.02990654205607475
1 0.5276041666666667 0.15420560747663553 0.015625 0.042990654205607465
1 0.5484374999999999 0.17757009345794392 0.017708333333333326 0.0411214953271028
1 0.5541666666666667 0.15794392523364487 0.018750000000000044 0.035514018691588795
1 0.540625 0.13738317757009347 0.016666666666666607 0.02803738317757011
1 0.5328124999999999 0.06448598130841121 0.013541666666666674 0.024299065420560748
1 0.5473958333333333 0.06168224299065421 0.013541666666666674 0.022429906542056073
1 0.5677083333333333 0.06542056074766356 0.01666666666666672 0.026168224299065415
1 0.5817708333333333 0.15420560747663553 0.017708333333333326 0.035514018691588795
1 0.628125 0.14766355140186915 0.022916666666666585 0.04859813084112151
1 0.6296875 0.1130841121495327 0.019791666666666652 0.03177570093457943
1 0.6635416666666667 0.1130841121495327 0.018750000000000044 0.039252336448598144
1 0.6828125 0.11495327102803739 0.015625 0.035514018691588795
1 0.6953125 0.09813084112149532 0.017708333333333437 0.03177570093457943
1 0.7317708333333333 0.08691588785046729 0.017708333333333326 0.03177570093457943
1 0.6979166666666667 0.15794392523364487 0.014583333333333282 0.035514018691588795
1 0.7098958333333334 0.17850467289719624 0.019791666666666763 0.03925233644859813
1 0.6197916666666666 0.26635514018691586 0.027083333333333348 0.05794392523364486
1 0.41666666666666663 0.3635514018691589 0.052083333333333315 0.0953271028037383
1 0.6942708333333334 0.30841121495327106 0.03229166666666672 0.07102803738317759
1 0.7291666666666666 0.297196261682243 0.022916666666666696 0.04859813084112152
1 0.753125 0.2607476635514019 0.022916666666666585 0.05046728971962616
1 0.7484375000000001 0.20093457943925233 0.021874999999999978 0.05046728971962616
1 0.7375 0.15700934579439252 0.01666666666666672 0.03364485981308413
1 0.75 0.12897196261682242 0.018750000000000044 0.03738317757009345
1 0.7645833333333334 0.16728971962616823 0.01666666666666672 0.03925233644859813
1 0.7828125 0.12897196261682242 0.019791666666666652 0.03738317757009345
1 0.8067708333333334 0.15420560747663553 0.017708333333333326 0.035514018691588795
1 0.8 0.2102803738317757 0.01666666666666672 0.03551401869158877
1 0.7369791666666667 0.3747663551401869 0.03437499999999993 0.0803738317757009
1 0.8197916666666667 0.3775700934579439 0.03125 0.07102803738317759
1 0.865625 0.44112149532710276 0.039583333333333304 0.08971962616822432
1 0.8531249999999999 0.30654205607476637 0.025000000000000022 0.06355140186915886
1 0.809375 0.25607476635514015 0.025000000000000022 0.04859813084112147
1 0.8755208333333333 0.18598130841121496 0.028124999999999956 0.061682242990654196
1 0.9255208333333333 0.29813084112149535 0.028124999999999956 0.06542056074766356
1 0.9385416666666666 0.17289719626168226 0.025000000000000022 0.05794392523364486
