1 0.09777777777777777 0.7508361204013378 0.06222222222222222 0.09030100334448166
1 0.06888888888888889 0.7090301003344481 0.04 0.06020066889632103
1 0.11777777777777779 0.6889632107023411 0.039999999999999994 0.06020066889632103
1 0.13555555555555554 0.7040133779264214 0.03555555555555555 0.05685618729096986
1 0.1577777777777778 0.7357859531772575 0.053333333333333316 0.07357859531772581
1 0.17333333333333334 0.6739130434782609 0.03555555555555556 0.050167224080267525
1 0.21666666666666667 0.7140468227424749 0.03777777777777777 0.05685618729096986
1 0.2222222222222222 0.677257525083612 0.026666666666666644 0.04347826086956519
1 0.24 0.6538461538461539 0.0266666666666667 0.04347826086956519
1 0.2477777777777778 0.6872909698996655 0.02888888888888891 0.050167224080267525
1 0.2388888888888889 0.8277591973244147 0.09555555555555556 0.15719063545150502
1 0.29666666666666663 0.8043478260869565 0.06 0.10367892976588622
1 0.3277777777777778 0.7709030100334449 0.046666666666666634 0.07692307692307698
1 0.2777777777777778 0.6739130434782609 0.026666666666666672 0.050167224080267525
1 0.29888888888888887 0.6555183946488294 0.020000000000000018 0.03344481605351168
1 0.32333333333333336 0.6505016722408027 0.024444444444444435 0.03678929765886285
1 0.37444444444444447 0.7140468227424749 0.037777777777777743 0.05685618729096986
1 0.3877777777777778 0.697324414715719 0.033333333333333326 0.05685618729096986
1 0.41444444444444445 0.6722408026755853 0.033333333333333326 0.05351170568561869
1 0.42666666666666664 0.6438127090301003 0.026666666666666672 0.03678929765886285
1 0.38555555555555554 0.8093645484949832 0.08222222222222225 0.14715719063545152
1 0.4555555555555556 0.806020066889632 0.05777777777777776 0.14046822742474918
1 0.4788888888888889 0.7207357859531773 0.037777777777777743 0.06354515050167231
1 0.4688888888888889 0.6889632107023411 0.031111111111111145 0.04013377926421402
1 0.47333333333333333 0.6505016722408027 0.022222222222222254 0.03678929765886285
1 0.5222222222222221 0.6053511705685619 0.022222222222222254 0.04013377926421402
1 0.5188888888888888 0.6521739130434783 0.020000000000000018 0.03344481605351168
1 0.5611111111111111 0.657190635451505 0.02444444444444449 0.04347826086956519
1 0.5366666666666666 0.6906354515050167 0.033333333333333326 0.0635451505016722
1 0.5688888888888889 0.8444816053511706 0.0888888888888888 0.1505016722408027
1 0.5822222222222222 0.7525083612040133 0.06222222222222218 0.09364548494983282
1 0.5922222222222222 0.6939799331103679 0.033333333333333326 0.05685618729096986
1 0.6344444444444444 0.734113712374582 0.033333333333333326 0.05685618729096997
1 0.6755555555555555 0.7441471571906355 0.04888888888888887 0.09030100334448166
1 0.7122222222222223 0.7993311036789297 0.06888888888888889 0.12040133779264217
1 0.6544444444444444 0.677257525083612 0.02444444444444438 0.050167224080267525
1 0.6488888888888888 0.6471571906354515 0.022222222222222254 0.030100334448160515
1 0.6911111111111111 0.6421404682274248 0.026666666666666616 0.04013377926421402
1 0.7111111111111111 0.6622073578595318 0.026666666666666616 0.04682274247491636
1 0.7366666666666666 0.6705685618729097 0.033333333333333326 0.05685618729096986
1 0.7322222222222222 0.637123745819398 0.02444444444444449 0.030100334448160515
1 0.7722222222222223 0.6923076923076923 0.046666666666666634 0.0735785953177257
1 0.7777777777777778 0.6538461538461539 0.022222222222222143 0.04347826086956519
1 0.8122222222222222 0.6672240802675585 0.028888888888888853 0.050167224080267525
1 0.8266666666666667 0.734113712374582 0.03555555555555556 0.07023411371237465
1 0.8177777777777777 0.8745819397993311 0.09777777777777785 0.15719063545150502
1 0.9211111111111111 0.7792642140468227 0.05555555555555558 0.09364548494983282
1 0.9077777777777778 0.7173913043478262 0.0377777777777778 0.07023411371237465
1 0.9266666666666667 0.6939799331103679 0.0444444444444444 0.07692307692307687
1 0.8544444444444443 0.657190635451505 0.033333333333333326 0.05685618729096986
1 0.9822222222222222 0.6939799331103679 0.03555555555555556 0.07023411371237454
