1 0.10431034482758622 0.5764248704663213 0.16379310344827588 0.30310880829015546
1 0.175 0.44689119170984454 0.0706896551724138 0.1424870466321243
1 0.2706896551724138 0.4378238341968912 0.06896551724137931 0.11917098445595853
1 0.43534482758620685 0.4339378238341969 0.060344827586206906 0.09067357512953367
1 0.5767241379310344 0.44430051813471505 0.07068965517241377 0.11139896373056996
1 0.7 0.45595854922279794 0.06551724137931036 0.10880829015544047
1 0.7646551724137931 0.6411917098445596 0.153448275862069 0.29792746113989643
1 0.818103448275862 0.4727979274611399 0.08448275862068966 0.14248704663212441
1 0.9 0.4961139896373057 0.096551724137931 0.1632124352331607
1 0.9387931034482759 0.6424870466321244 0.12241379310344824 0.2590673575129533
