1 0.0175 0.7172236503856042 0.018333333333333333 0.03084832904884316
1 0.0325 0.705655526992288 0.015 0.033419023136246784
1 0.020833333333333336 0.6876606683804627 0.011666666666666669 0.01799485861182515
1 0.055 0.7326478149100257 0.02333333333333333 0.03598971722365041
1 0.051666666666666666 0.7030848329048843 0.016666666666666663 0.028277634961439535
1 0.05666666666666667 0.6915167095115682 0.01666666666666667 0.020565552699228884
1 0.08083333333333334 0.6915167095115682 0.015 0.02570694087403591
1 0.07416666666666666 0.7172236503856042 0.018333333333333326 0.03084832904884316
1 0.06583333333333333 0.8110539845758354 0.04833333333333333 0.059125964010282805
1 0.1175 0.7172236503856042 0.021666666666666654 0.03084832904884316
1 0.11416666666666667 0.6940874035989717 0.015 0.020565552699228773
1 0.12333333333333334 0.6838046272493573 0.013333333333333336 0.02570694087403602
1 0.1525 0.705655526992288 0.018333333333333313 0.033419023136246784
1 0.15000000000000002 0.6928020565552699 0.013333333333333336 0.023136246786632397
1 0.1825 0.6953727506426735 0.01833333333333334 0.028277634961439646
1 0.19333333333333333 0.7107969151670952 0.020000000000000018 0.023136246786632397
1 0.2058333333333333 0.6876606683804627 0.01833333333333334 0.028277634961439646
1 0.2175 0.6966580976863753 0.018333333333333313 0.02570694087403602
1 0.24416666666666664 0.6940874035989717 0.014999999999999986 0.020565552699228773
1 0.20666666666666667 0.7300771208226221 0.026666666666666672 0.041131105398457546
1 0.2275 0.7583547557840618 0.031666666666666676 0.05141388174807193
1 0.22666666666666668 0.8071979434447301 0.04000000000000001 0.05655526992287918
1 0.20916666666666667 0.8637532133676092 0.06833333333333336 0.10796915167095111
1 0.1825 0.7853470437017995 0.041666666666666685 0.06426735218508994
1 0.16999999999999998 0.7455012853470437 0.03 0.04113110539845766
1 0.265 0.74293059125964 0.026666666666666672 0.03598971722365041
1 0.27249999999999996 0.7146529562982005 0.021666666666666667 0.03084832904884316
1 0.2925 0.7197943444730077 0.015000000000000013 0.02570694087403602
1 0.2941666666666667 0.7480719794344473 0.024999999999999967 0.046272493573264795
1 0.30666666666666664 0.7969151670951157 0.043333333333333335 0.06683804627249357
1 0.33499999999999996 0.7583547557840618 0.026666666666666672 0.05655526992287918
1 0.365 0.7519280205655527 0.026666666666666672 0.04370179948586117
1 0.39083333333333337 0.7467866323907455 0.024999999999999967 0.04370179948586128
1 0.3616666666666667 0.718508997429306 0.019999999999999962 0.028277634961439646
1 0.36416666666666664 0.6953727506426735 0.018333333333333368 0.023136246786632397
1 0.38 0.7069408740359897 0.020000000000000018 0.02570694087403602
1 0.3983333333333333 0.7133676092544987 0.016666666666666663 0.033419023136246784
1 0.4041666666666667 0.7005141388174807 0.015000000000000013 0.023136246786632397
1 0.32666666666666666 0.7210796915167095 0.020000000000000018 0.023136246786632397
1 0.3308333333333333 0.7107969151670952 0.018333333333333368 0.023136246786632397
1 0.435 0.8097686375321337 0.046666666666666634 0.08226221079691509
1 0.445 0.7853470437017995 0.033333333333333326 0.059125964010282694
1 0.44999999999999996 0.7429305912596401 0.026666666666666672 0.041131105398457546
1 0.45666666666666667 0.7210796915167095 0.020000000000000018 0.033419023136246784
1 0.485 0.6915167095115682 0.016666666666666663 0.020565552699228884
1 0.49333333333333335 0.7095115681233933 0.01666666666666672 0.02570694087403602
1 0.5091666666666667 0.7300771208226221 0.021666666666666667 0.041131105398457546
1 0.5183333333333333 0.744215938303342 0.023333333333333317 0.04884318766066842
1 0.5366666666666666 0.7699228791773779 0.036666666666666736 0.05398457583547556
1 0.5608333333333333 0.7159383033419023 0.021666666666666612 0.033419023136246784
1 0.525 0.7043701799485861 0.010000000000000009 0.020565552699228773
1 0.5783333333333334 0.6953727506426735 0.013333333333333308 0.01799485861182515
1 0.6183333333333333 0.6940874035989717 0.020000000000000018 0.020565552699228773
1 0.6233333333333333 0.7634961439588689 0.039999999999999925 0.06169665809768632
1 0.6191666666666666 0.890745501285347 0.08166666666666667 0.1413881748071979
1 0.72 0.7956298200514138 0.053333333333333344 0.09511568123393321
1 0.6925 0.7429305912596401 0.03499999999999992 0.046272493573264795
1 0.6708333333333334 0.7390745501285347 0.021666666666666612 0.04884318766066842
1 0.6383333333333333 0.7236503856041131 0.020000000000000018 0.033419023136246784
1 0.6016666666666667 0.7133676092544987 0.016666666666666607 0.028277634961439535
1 0.6366666666666667 0.6979434447300772 0.01666666666666672 0.028277634961439646
1 0.6766666666666666 0.6953727506426735 0.020000000000000018 0.028277634961439646
1 0.6808333333333334 0.7069408740359897 0.015000000000000013 0.02570694087403602
1 0.6941666666666667 0.7095115681233933 0.018333333333333313 0.02570694087403602
1 0.7350000000000001 0.7172236503856042 0.023333333333333317 0.03084832904884316
1 0.7316666666666667 0.7467866323907455 0.023333333333333317 0.04370179948586128
1 0.7591666666666667 0.7172236503856041 0.021666666666666723 0.041131105398457546
1 0.7475 0.6953727506426735 0.015000000000000013 0.023136246786632397
1 0.7775000000000001 0.6915167095115682 0.015000000000000013 0.02570694087403591
1 0.7841666666666667 0.6915167095115682 0.011666666666666714 0.020565552699228884
1 0.8183333333333334 0.7223650385604113 0.023333333333333317 0.041131105398457546
1 0.8266666666666667 0.7609254498714653 0.040000000000000036 0.07197943444730082
1 0.8375 0.6529562982005142 0.018333333333333313 0.03598971722365041
1 0.8625 0.7210796915167095 0.018333333333333313 0.028277634961439646
1 0.875 0.699228791773779 0.016666666666666607 0.03084832904884316
1 0.8641666666666666 0.6838046272493573 0.011666666666666714 0.020565552699228773
1 0.9008333333333334 0.7197943444730077 0.021666666666666612 0.02570694087403602
1 0.9275 0.7840616966580978 0.05499999999999994 0.10282776349614398
1 0.8883333333333334 0.7506426735218509 0.023333333333333317 0.046272493573264795
1 0.9725 0.8020565552699229 0.04833333333333334 0.06683804627249357
1 0.9824999999999999 0.7416452442159382 0.025000000000000022 0.033419023136246895
1 0.94 0.705655526992288 0.023333333333333317 0.03856041131105392
1 0.965 0.705655526992288 0.020000000000000018 0.033419023136246784
1 0.9891666666666666 0.7159383033419023 0.018333333333333313 0.033419023136246784
1 0.9108333333333334 0.6915167095115682 0.015000000000000013 0.02570694087403591
1 0.8933333333333333 0.6889460154241644 0.016666666666666607 0.03598971722365041
1 0.9316666666666666 0.6850899742930592 0.013333333333333308 0.01799485861182515
1 0.4666666666666667 0.5938303341902313 0.010000000000000009 0.015424164524421524
1 0.5283333333333333 0.5976863753213368 0.010000000000000009 0.01799485861182515
