1 0.16526315789473683 0.6938202247191011 0.21052631578947367 0.297752808988764
1 0.1668421052631579 0.502808988764045 0.05789473684210525 0.0842696629213483
1 0.16 0.4606741573033708 0.0505263157894737 0.0589887640449438
1 0.07789473684210527 0.4683988764044944 0.042105263157894736 0.05758426966292135
1 0.03368421052631579 0.4529494382022472 0.03368421052631579 0.0491573033707865
1 0.01263157894736842 0.45575842696629215 0.023157894736842106 0.0547752808988764
1 0.013157894736842105 0.37359550561797755 0.024210526315789474 0.0449438202247191
1 0.10421052631578948 0.3778089887640449 0.035789473684210524 0.04775280898876405
1 0.15842105263157896 0.4290730337078652 0.03684210526315787 0.040730337078651646
1 0.22947368421052633 0.4410112359550562 0.03789473684210529 0.0449438202247191
1 0.2894736842105263 0.4339887640449438 0.027368421052631597 0.039325842696629254
1 0.33999999999999997 0.461376404494382 0.03578947368421054 0.05758426966292135
1 0.3684210526315789 0.47191011235955055 0.0463157894736842 0.0730337078651685
1 0.43105263157894735 0.4992977528089888 0.06210526315789472 0.09410112359550565
1 0.4236842105263158 0.3742977528089888 0.04315789473684212 0.06320224719101125
1 0.3163157894736842 0.4199438202247191 0.02631578947368418 0.030898876404494402
1 0.33210526315789474 0.4346910112359551 0.02210526315789474 0.03230337078651685
1 0.5121052631578947 0.4648876404494382 0.03894736842105262 0.0702247191011236
1 0.5221052631578947 0.4318820224719101 0.025263157894736876 0.0491573033707865
1 0.5589473684210526 0.4262640449438202 0.03368421052631576 0.04634831460674155
1 0.5863157894736841 0.3792134831460674 0.021052631578947323 0.0393258426966292
1 0.6042105263157895 0.43047752808988765 0.027368421052631597 0.0463483146067416
1 0.6378947368421053 0.4585674157303371 0.04210526315789476 0.06882022471910115
1 0.6726315789473685 0.4375 0.037894736842105314 0.0660112359550562
1 0.71 0.4213483146067416 0.02421052631578946 0.04213483146067415
1 0.7684210526315789 0.36235955056179775 0.021052631578947323 0.0337078651685393
1 0.5147368421052632 0.6362359550561798 0.14315789473684215 0.2275280898876404
1 0.6389473684210527 0.5519662921348314 0.07999999999999996 0.1432584269662921
1 0.8178947368421052 0.5716292134831461 0.10315789473684212 0.14887640449438205
1 0.8642105263157895 0.5063202247191011 0.0652631578947368 0.10814606741573035
1 0.7810526315789473 0.4410112359550562 0.04842105263157892 0.07303370786516855
1 0.8415789473684211 0.44803370786516855 0.03894736842105262 0.050561797752809
1 0.9042105263157895 0.4220505617977528 0.0378947368421052 0.0547752808988764
1 0.9652631578947368 0.46418539325842695 0.0463157894736842 0.0772471910112359
1 0.9405263157894737 0.38202247191011235 0.032631578947368456 0.0449438202247191
