1 0.04006677796327213 0.29819277108433734 0.036727879799666116 0.06024096385542166
1 0.09933222036727879 0.2394578313253012 0.03171953255425709 0.05722891566265059
1 0.1702838063439065 0.4503012048192771 0.0400667779632721 0.06927710843373491
1 0.25375626043405675 0.3644578313253012 0.020033388981636063 0.04819277108433734
1 0.48163606010016696 0.24849397590361444 0.025041736227045086 0.05722891566265062
1 0.5834724540901502 0.4292168674698795 0.038397328881469184 0.0753012048192771
1 0.5550918196994992 0.39608433734939763 0.025041736227044975 0.05722891566265059
1 0.5409015025041737 0.3629518072289156 0.023372287145242088 0.05120481927710846
1 0.6310517529215358 0.3644578313253012 0.02003338898163609 0.04819277108433734
1 0.7387312186978297 0.4593373493975904 0.03171953255425708 0.0753012048192771
1 0.8589315525876461 0.3057228915662651 0.038397328881469184 0.06927710843373497
1 0.9532554257095158 0.5376506024096386 0.06677796327212027 0.08734939759036148
