1 0.05499999999999999 0.5439672801635992 0.04333333333333333 0.05725971370143146
1 0.09166666666666667 0.5224948875255624 0.03666666666666667 0.05112474437627812
1 0.13666666666666666 0.5224948875255624 0.04333333333333332 0.06339468302658485
1 0.16833333333333333 0.5214723926380368 0.033333333333333326 0.04907975460122693
1 0.185 0.49284253578732107 0.033333333333333326 0.04089979550102246
1 0.22166666666666668 0.48568507157464214 0.03666666666666665 0.0470347648261758
1 0.25666666666666665 0.516359918200409 0.04000000000000001 0.04703476482617586
1 0.2025 0.5419222903885481 0.035 0.049079754601227044
1 0.21666666666666667 0.6145194274028629 0.043333333333333335 0.05521472392638038
1 0.3041666666666667 0.5194274028629857 0.034999999999999976 0.04498977505112478
1 0.33333333333333337 0.4887525562372188 0.02999999999999997 0.04498977505112478
1 0.365 0.5265848670756647 0.03666666666666668 0.06339468302658485
1 0.32999999999999996 0.630879345603272 0.03999999999999998 0.04703476482617586
1 0.4033333333333333 0.4948875255623722 0.033333333333333326 0.049079754601227044
1 0.41333333333333333 0.5460122699386503 0.030000000000000027 0.049079754601227044
1 0.42833333333333334 0.6196319018404908 0.03999999999999998 0.04907975460122693
1 0.45666666666666667 0.5102249488752556 0.040000000000000036 0.05112474437627812
1 0.4816666666666667 0.5378323108384457 0.033333333333333326 0.049079754601227044
1 0.5358333333333334 0.5419222903885481 0.03500000000000003 0.053169734151329195
1 0.5416666666666666 0.6247443762781186 0.046666666666666634 0.0633946830265848
1 0.56 0.4918200408997955 0.033333333333333326 0.05112474437627812
1 0.6166666666666667 0.46932515337423314 0.036666666666666625 0.05112474437627812
1 0.595 0.5449897750511248 0.036666666666666625 0.05112474437627812
1 0.6441666666666667 0.6206543967280164 0.04166666666666674 0.059304703476482645
1 0.6575 0.532719836400818 0.03500000000000003 0.04703476482617597
1 0.6775 0.50920245398773 0.03499999999999992 0.053169734151329195
1 0.7166666666666666 0.5398773006134969 0.043333333333333335 0.05725971370143146
1 0.7558333333333334 0.5061349693251533 0.03500000000000003 0.051124744376278064
1 0.7608333333333333 0.5541922290388548 0.03500000000000003 0.04907975460122693
1 0.735 0.630879345603272 0.040000000000000036 0.059304703476482645
1 0.8216666666666667 0.5521472392638036 0.040000000000000036 0.053169734151329195
1 0.7983333333333333 0.5143149284253579 0.036666666666666625 0.05112474437627812
1 0.8525 0.5173824130879345 0.03833333333333333 0.049079754601227044
1 0.8833333333333333 0.5603271983640081 0.040000000000000036 0.049079754601227044
1 0.9066666666666667 0.5214723926380368 0.036666666666666736 0.044989775051124725
1 0.9333333333333333 0.5368098159509203 0.040000000000000036 0.05112474437627812
1 0.8933333333333333 0.6370143149284253 0.043333333333333335 0.06339468302658491
