1 0.0705078125 0.6864583333333334 0.12617187500000002 0.22499999999999998
1 0.0380859375 0.4786458333333333 0.066796875 0.15416666666666673
1 0.15703125 0.37083333333333335 0.0390625 0.07083333333333336
1 0.2287109375 0.3989583333333333 0.050390624999999994 0.07083333333333336
1 0.283984375 0.41458333333333336 0.046875 0.078125
1 0.2673828125 0.38125 0.03164062499999998 0.052083333333333315
1 0.33085937499999996 0.40651041666666665 0.03828124999999999 0.07239583333333333
1 0.3455078125 0.38411458333333337 0.03164062499999998 0.06093750000000003
1 0.390234375 0.47005208333333337 0.0546875 0.0932291666666667
1 0.422265625 0.44609374999999996 0.03750000000000003 0.07135416666666666
1 0.428515625 0.4005208333333333 0.04453125000000002 0.0625
1 0.508984375 0.44140625 0.054687500000000056 0.0859375
1 0.567578125 0.5408854166666667 0.07734374999999993 0.1401041666666667
1 0.507421875 0.40338541666666666 0.04453124999999997 0.06822916666666667
1 0.569140625 0.3940104166666667 0.03515625 0.04739583333333336
1 0.6486328125 0.4395833333333333 0.04726562499999998 0.08020833333333333
1 0.61875 0.4096354166666667 0.038281250000000044 0.06197916666666664
1 0.648828125 0.39609375 0.038281250000000044 0.05885416666666671
1 0.71484375 0.3861979166666667 0.03671874999999991 0.06510416666666669
1 0.69453125 0.3731770833333333 0.025000000000000022 0.0390625
1 0.7560546875 0.4252604166666667 0.05507812499999998 0.09114583333333331
1 0.733203125 0.5192708333333333 0.07656249999999998 0.11145833333333327
1 0.8533203125 0.62890625 0.103515625 0.19010416666666674
1 0.855078125 0.49921874999999993 0.07890624999999996 0.09322916666666664
1 0.80078125 0.3924479166666667 0.03125 0.05781249999999999
1 0.8712890625 0.42604166666666665 0.044921875 0.06354166666666666
1 0.9310546875 0.4018229166666667 0.045703124999999956 0.06093750000000003
1 0.9626953125 0.49348958333333337 0.07460937499999998 0.14843750000000006
