1 0.8929227941176471 0.7226307189542484 0.08057598039215685 0.13643790849673199
1 0.8428308823529411 0.6488970588235294 0.058210784313725505 0.0788398692810457
1 0.727328431372549 0.6125408496732025 0.041053921568627416 0.06985294117647067
1 0.7766544117647058 0.5990604575163399 0.04105392156862753 0.07475490196078427
1 0.8137254901960784 0.5661764705882353 0.03431372549019618 0.05882352941176472
1 0.8727022058823529 0.5776143790849673 0.029718137254902022 0.04166666666666663
1 0.8988970588235294 0.5692401960784313 0.03431372549019607 0.052696078431372584
1 0.9299938725490196 0.4750816993464052 0.029105392156862808 0.040032679738562116
1 0.8454350490196079 0.4824346405228758 0.018688725490196068 0.039215686274509776
1 0.7818627450980392 0.4869281045751634 0.023284313725490113 0.03349673202614378
1 0.7244178921568627 0.4854983660130719 0.02604166666666663 0.03308823529411764
1 0.6729473039215687 0.48427287581699346 0.032169117647058876 0.03880718954248363
1 0.5798100490196079 0.4814133986928104 0.029718137254902022 0.046977124183006536
1 0.5928308823529411 0.4838643790849673 0.02450980392156865 0.04207516339869277
1 0.5245098039215687 0.4789624183006536 0.0447303921568627 0.07557189542483667
1 0.4646139705882353 0.47651143790849676 0.05238970588235292 0.08864379084967322
1 0.34206495098039214 0.47834967320261434 0.07322303921568624 0.1004901960784314
1 0.19087009803921567 0.49693627450980393 0.10539215686274508 0.16544117647058826
1 0.09068627450980393 0.513888888888889 0.1593137254901961 0.2589869281045752
1 0.11167279411764706 0.32107843137254904 0.051776960784313736 0.09477124183006536
1 0.023743872549019607 0.27205882352941174 0.035845588235294115 0.05473856209150327
1 0.021599264705882353 0.24877450980392157 0.022365196078431376 0.03594771241830064
1 0.00857843137254902 0.2318218954248366 0.014093137254901961 0.029820261437908502
1 0.011029411764705883 0.2144607843137255 0.010416666666666668 0.021241830065359485
1 0.09298406862745098 0.27042483660130723 0.02604166666666667 0.0408496732026144
1 0.11427696078431374 0.2404003267973856 0.01776960784313726 0.03308823529411761
1 0.15088848039215685 0.272875816993464 0.025428921568627444 0.031862745098039214
1 0.15456495098039216 0.30147058823529416 0.03155637254901961 0.04983660130718953
1 0.20618872549019607 0.303921568627451 0.026960784313725478 0.0408496732026144
1 0.24954044117647062 0.2986111111111111 0.018075980392156882 0.03349673202614378
1 0.27083333333333337 0.35825163398692805 0.039828431372549045 0.07761437908496732
1 0.31495098039215685 0.37540849673202614 0.03799019607843135 0.058006535947712434
1 0.37055759803921573 0.3968545751633987 0.032781862745098034 0.048611111111111105
1 0.29993872549019607 0.3276143790849673 0.02450980392156865 0.03594771241830064
1 0.2913602941176471 0.29758986928104575 0.023897058823529382 0.03962418300653592
1 0.2375919117647059 0.2720588235294118 0.01930147058823531 0.02696078431372545
1 0.24954044117647056 0.2647058823529412 0.016237745098039186 0.023692810457516367
1 0.21216299019607843 0.2512254901960784 0.016237745098039214 0.026960784313725505
1 0.2454044117647059 0.3415032679738562 0.02941176470588236 0.05392156862745101
1 0.29886642156862747 0.24285130718954245 0.015012254901960786 0.02573529411764705
1 0.3287377450980392 0.2598039215686274 0.019607843137254943 0.02369281045751631
1 0.31862745098039214 0.3014705882352941 0.014093137254901966 0.031862745098039214
1 0.3451286764705882 0.33496732026143794 0.022365196078431404 0.03513071895424841
1 0.3590686274509804 0.2916666666666667 0.01715686274509809 0.02777777777777779
1 0.37392769607843135 0.30943627450980393 0.015625 0.033905228758169925
1 0.40012254901960786 0.34395424836601307 0.017156862745098034 0.026960784313725505
1 0.4466911764705882 0.369281045751634 0.023897058823529382 0.031862745098039214
1 0.4647671568627451 0.40155228758169936 0.030024509803921573 0.0408496732026144
1 0.5029105392156863 0.41911764705882354 0.018075980392156854 0.031862745098039214
1 0.5091911764705883 0.3737745098039216 0.01715686274509809 0.03104575163398693
1 0.47441789215686275 0.3394607843137255 0.018075980392156854 0.030228758169934644
1 0.4310661764705882 0.3194444444444444 0.013480392156862753 0.027777777777777735
1 0.4424019607843137 0.30861928104575165 0.01654411764705882 0.0216503267973856
1 0.3996629901960784 0.29330065359477125 0.018075980392156854 0.022875816993464082
1 0.5032169117647058 0.3026960784313726 0.015624999999999944 0.02369281045751631
1 0.5162377450980392 0.34558823529411764 0.016544117647058876 0.031862745098039214
1 0.5574448529411764 0.3786764705882353 0.02236519607843135 0.0408496732026144
1 0.5735294117647058 0.4281045751633987 0.020220588235294046 0.03758169934640526
1 0.6654411764705883 0.4325980392156863 0.023284313725490224 0.03513071895424835
1 0.7054227941176471 0.43300653594771243 0.01930147058823528 0.031862745098039214
1 0.7610294117647058 0.4362745098039216 0.02450980392156865 0.031862745098039214
1 0.8305759803921569 0.43913398692810457 0.017156862745097978 0.031862745098039214
1 0.7490808823529411 0.3982843137254902 0.012867647058823484 0.02369281045751631
1 0.6875 0.39481209150326796 0.016544117647058876 0.030637254901960786
1 0.6727941176470589 0.369281045751634 0.012867647058823484 0.022058823529411742
1 0.6452205882352942 0.37540849673202614 0.01409313725490191 0.02777777777777779
1 0.6276041666666666 0.3590686274509804 0.011948529411764719 0.022875816993464082
1 0.6271446078431373 0.3429330065359477 0.01715686274509809 0.0191993464052288
1 0.6455269607843137 0.3145424836601307 0.013480392156862697 0.01797385620915032
1 0.5879289215686274 0.32209967320261434 0.01041666666666663 0.020833333333333315
1 0.5756740196078431 0.33843954248366015 0.017156862745097978 0.0216503267973856
1 0.5888480392156863 0.3619281045751634 0.02083333333333326 0.028594771241830075
1 0.538296568627451 0.3359885620915033 0.01409313725490191 0.02328431372549017
1 0.5477941176470589 0.3090277777777778 0.013480392156862808 0.019199346405228745
