1 0.030833333333333334 0.6266666666666667 0.051666666666666666 0.07111111111111112
1 0.043333333333333335 0.7022222222222223 0.08 0.09333333333333338
1 0.10416666666666667 0.6599999999999999 0.051666666666666666 0.0888888888888889
1 0.06416666666666666 0.81 0.08166666666666667 0.12222222222222212
1 0.2058333333333333 0.72 0.07833333333333334 0.12444444444444447
1 0.245 0.7988888888888889 0.08999999999999997 0.12222222222222223
1 0.25083333333333335 0.6522222222222223 0.061666666666666675 0.09111111111111114
1 0.3258333333333333 0.8611111111111112 0.10500000000000004 0.14888888888888896
1 0.375 0.6666666666666666 0.06999999999999995 0.10222222222222221
1 0.47583333333333333 0.75 0.08833333333333337 0.14444444444444438
1 0.5449999999999999 0.6833333333333333 0.05999999999999994 0.09555555555555562
1 0.6283333333333333 0.8344444444444444 0.1166666666666667 0.17999999999999994
1 0.6925 0.6755555555555556 0.06166666666666676 0.10222222222222221
1 0.865 0.4822222222222222 0.050000000000000044 0.06666666666666665
1 0.8049999999999999 0.8522222222222222 0.10666666666666658 0.16222222222222227
1 0.9441666666666666 0.8444444444444444 0.11166666666666669 0.23555555555555552
1 0.8733333333333333 0.7044444444444444 0.07666666666666666 0.12
