1 0.08067542213883677 0.5322314049586777 0.058161350844277676 0.10909090909090913
1 0.2584427767354597 0.28264462809917357 0.014071294559099445 0.019834710743801665
1 0.274859287054409 0.271900826446281 0.015009380863039434 0.031404958677685946
1 0.3053470919324578 0.2528925619834711 0.015947467166979368 0.039669421487603274
1 0.3175422138836773 0.27768595041322314 0.01782363977485929 0.03305785123966942
1 0.3184803001876173 0.22231404958677686 0.014071294559099445 0.0347107438016529
1 0.3475609756097561 0.21322314049586777 0.014071294559099445 0.026446280991735516
1 0.35694183864915574 0.22479338842975205 0.014071294559099445 0.03636363636363635
1 0.3531894934333959 0.256198347107438 0.01782363977485929 0.03636363636363635
1 0.37570356472795496 0.2347107438016529 0.01782363977485929 0.029752066115702497
1 0.39352720450281425 0.1925619834710744 0.015947467166979368 0.02809917355371902
1 0.4090056285178236 0.17355371900826444 0.011257035647279534 0.026446280991735543
1 0.46904315196998125 0.19586776859504132 0.015009380863039379 0.0347107438016529
1 0.4676360225140713 0.24710743801652893 0.01782363977485929 0.031404958677685946
1 0.49859287054409007 0.19586776859504132 0.014071294559099501 0.031404958677685946
1 0.48545966228893056 0.16280991735537192 0.014071294559099445 0.024793388429752067
1 0.48874296435272047 0.13305785123966943 0.011257035647279534 0.024793388429752053
1 0.5464352720450281 0.15702479338842973 0.017823639774859346 0.042975206611570255
1 0.5614446529080674 0.14380165289256197 0.015947467166979368 0.029752066115702497
1 0.5614446529080676 0.10826446280991736 0.012195121951219523 0.028099173553719006
1 0.5881801125703565 0.13636363636363635 0.009380863039399556 0.024793388429752067
1 0.5436210131332082 0.1975206611570248 0.019699812382739212 0.031404958677685946
1 0.4357410881801126 0.26942148760330575 0.021575984990619135 0.05289256198347109
1 0.5689493433395872 0.24710743801652896 0.019699812382739212 0.04462809917355373
1 0.49671669793621015 0.2859504132231405 0.025328330206379035 0.05289256198347109
1 0.5459662288930582 0.29504132231404956 0.026266416510318913 0.061157024793388415
1 0.5811444652908067 0.371900826446281 0.030956848030018747 0.04297520661157023
1 0.6862101313320825 0.33801652892561984 0.02908067542213888 0.06446280991735537
1 0.6083489681050657 0.2471074380165289 0.02157598499061919 0.05123966942148758
1 0.6651031894934334 0.2537190082644628 0.022514071294559068 0.044628099173553704
1 0.723733583489681 0.2785123966942149 0.023452157598499057 0.05785123966942146
1 0.7814258911819887 0.284297520661157 0.026266416510318913 0.05619834710743804
1 0.6271106941838649 0.19834710743801653 0.015947467166979368 0.0396694214876033
1 0.6111632270168856 0.14958677685950414 0.015947467166979368 0.0347107438016529
1 0.6158536585365854 0.1090909090909091 0.012195121951219523 0.029752066115702483
1 0.700281425891182 0.09586776859504131 0.012195121951219523 0.029752066115702483
1 0.6547842401500938 0.18264462809917353 0.015009380863039379 0.04132231404958678
1 0.7059099437148217 0.18181818181818182 0.017823639774859235 0.03305785123966942
1 0.7091932457786116 0.21983471074380168 0.0206378986866792 0.042975206611570255
1 0.7378048780487805 0.2049586776859504 0.015947467166979368 0.04297520661157023
1 0.7640712945590995 0.22644628099173553 0.023452157598499057 0.04958677685950416
1 0.7199812382739212 0.13305785123966943 0.015947467166979368 0.03140495867768596
1 0.7434333958724203 0.11570247933884298 0.012195121951219523 0.03305785123966942
1 0.75187617260788 0.11322314049586776 0.012195121951219412 0.031404958677685946
1 0.7570356472795498 0.14958677685950414 0.015009380863039379 0.0347107438016529
1 0.7706378986866792 0.12975206611570247 0.012195121951219523 0.034710743801652885
1 0.7851782363977486 0.1231404958677686 0.011257035647279534 0.028099173553719006
1 0.8011257035647279 0.17603305785123968 0.018761726078799223 0.03471074380165287
1 0.8705440900562851 0.128099173553719 0.011257035647279534 0.03140495867768593
1 0.8869606003752346 0.18264462809917356 0.015947467166979368 0.031404958677685946
1 0.8747654784240151 0.22479338842975205 0.015947467166979368 0.0396694214876033
1 0.9085365853658537 0.13553719008264462 0.010318949343339545 0.03305785123966941
1 0.9324577861163227 0.15289256198347106 0.013133208255159401 0.02809917355371902
1 0.9268292682926829 0.1975206611570248 0.01500938086303949 0.0347107438016529
1 0.9305816135084428 0.2884297520661157 0.018761726078799223 0.04132231404958675
1 0.8986866791744841 0.17107438016528925 0.011257035647279534 0.031404958677685946
1 0.8358348968105065 0.13636363636363635 0.011257035647279534 0.034710743801652885
1 0.8494371482176359 0.1446280991735537 0.01407129455909939 0.031404958677685946
1 0.8522514071294559 0.18016528925619835 0.012195121951219523 0.036363636363636376
1 0.8302063789868668 0.16033057851239668 0.013133208255159401 0.03305785123966942
1 0.8137898686679175 0.12809917355371903 0.012195121951219523 0.02809917355371902
1 0.801594746716698 0.14132231404958678 0.010318949343339545 0.02809917355371902
1 0.7664165103189493 0.1578512396694215 0.015009380863039379 0.038016528925619825
1 0.6693245778611632 0.2 0.017823639774859346 0.0396694214876033
1 0.6299249530956847 0.09586776859504131 0.008442776735459678 0.023140495867768604
1 0.6397748592870545 0.10165289256198347 0.011257035647279534 0.031404958677685946
1 0.6547842401500938 0.1115702479338843 0.009380863039399556 0.024793388429752067
1 0.6683864915572233 0.1206611570247934 0.012195121951219523 0.026446280991735543
1 0.6843339587242027 0.14545454545454545 0.012195121951219523 0.036363636363636376
1 0.42776735459662285 0.18677685950413225 0.013133208255159456 0.026446280991735543
1 0.4469981238273921 0.19586776859504132 0.015947467166979368 0.028099173553718992
1 0.41697936210131337 0.22561983471074382 0.014071294559099445 0.03471074380165287
1 0.45684803001876173 0.22231404958677686 0.015009380863039379 0.04132231404958678
1 0.4535647279549718 0.1462809917355372 0.0103189493433396 0.024793388429752067
1 0.4540337711069419 0.16859504132231407 0.013133208255159456 0.029752066115702497
1 0.5121951219512195 0.1677685950413223 0.015009380863039379 0.031404958677685973
1 0.5825515947467167 0.1586776859504132 0.013133208255159401 0.0396694214876033
1 0.5994371482176359 0.10082644628099174 0.013133208255159512 0.029752066115702483
1 0.7359287054409005 0.16446280991735537 0.01407129455909939 0.03801652892561985
