1 0.4405797101449275 0.4574468085106383 0.08405797101449275 0.11798839458413923
1 0.855072463768116 0.6615087040618955 0.1333333333333333 0.1895551257253385
1 0.9833333333333334 0.2649903288201161 0.033333333333333326 0.08897485493230176
1 0.9362318840579711 0.11121856866537717 0.049275362318840554 0.07543520309477755
1 0.7681159420289855 0.17891682785299806 0.06666666666666665 0.08704061895551257
1 0.7144927536231884 0.08220502901353965 0.05217391304347829 0.08704061895551257
1 0.6159420289855073 0.13636363636363635 0.06376811594202902 0.08704061895551256
1 0.558695652173913 0.031914893617021274 0.03913043478260869 0.05222437137330754
1 0.2855072463768116 0.06673114119922631 0.04637681159420287 0.05609284332688588
1 0.2543478260869565 0.19825918762088973 0.07391304347826086 0.09477756286266922
1 0.09492753623188405 0.05609284332688588 0.08260869565217391 0.08897485493230174
