1 0.07755102040816327 0.5474631751227497 0.0489795918367347 0.09983633387888713
1 0.20938775510204083 0.27086743044189854 0.013877551020408163 0.04091653027823239
1 0.22653061224489796 0.27086743044189854 0.015510204081632673 0.04418985270049103
1 0.2661224489795918 0.2414075286415712 0.017959183673469437 0.037643207855973804
1 0.293469387755102 0.24140752864157122 0.017142857142857182 0.03436988543371525
1 0.2979591836734694 0.20703764320785598 0.01795918367346938 0.024549918166939466
1 0.3285714285714286 0.23322422258592473 0.013877551020408163 0.040916530278232416
1 0.35918367346938773 0.27168576104746317 0.021224489795918344 0.04582651391162029
1 0.3420408163265306 0.2127659574468085 0.013061224489795908 0.039279869067103124
1 0.35918367346938773 0.19803600654664483 0.013061224489795908 0.03600654664484451
1 0.3873469387755102 0.2471358428805237 0.017142857142857126 0.039279869067103096
1 0.42163265306122444 0.3142389525368249 0.02367346938775511 0.05237315875613746
1 0.5714285714285714 0.3338788870703764 0.01959183673469389 0.04909983633387888
1 0.5959183673469388 0.367430441898527 0.024489795918367308 0.05400981996726678
1 0.6571428571428571 0.3927986906710311 0.02448979591836742 0.058919803600654685
1 0.6012244897959184 0.3036006546644845 0.025306122448979673 0.04746317512274961
1 0.46122448979591835 0.24549918166939444 0.021224489795918344 0.05237315875613746
1 0.4008163265306122 0.18821603927986907 0.01795918367346938 0.03273322422258593
1 0.42653061224489797 0.19312602291325695 0.017142857142857126 0.029459901800327315
1 0.41551020408163264 0.16284779050736498 0.014693877551020418 0.02782324058919805
1 0.46734693877551026 0.17430441898527005 0.013877551020408163 0.04091653027823239
1 0.4910204081632653 0.21358428805237317 0.013877551020408163 0.03436988543371525
1 0.5461224489795918 0.22094926350245497 0.013061224489795853 0.03600654664484451
1 0.570204081632653 0.19803600654664483 0.015510204081632728 0.029459901800327343
1 0.5085714285714286 0.15711947626841244 0.01632653061224487 0.0327332242225859
1 0.4906122448979592 0.1497545008183306 0.013061224489795964 0.02782324058919805
1 0.5485714285714286 0.16121112929623568 0.014693877551020362 0.02782324058919805
1 0.5726530612244898 0.14157119476268415 0.012244897959183598 0.02454991816693944
1 0.5926530612244898 0.1260229132569558 0.014693877551020362 0.02618657937806873
1 0.6293877551020408 0.12847790507364976 0.014693877551020362 0.02782324058919805
1 0.6465306122448979 0.12356792144026188 0.01632653061224487 0.03436988543371523
1 0.6506122448979592 0.15711947626841244 0.011428571428571455 0.019639934533551562
1 0.6546938775510205 0.18248772504091654 0.011428571428571455 0.027823240589198023
1 0.6024489795918367 0.1546644844517185 0.01632653061224487 0.021276595744680854
1 0.6053061224489795 0.1972176759410802 0.013877551020408219 0.044189852700491
1 0.6551020408163265 0.2520458265139116 0.018775510204081636 0.03600654664484454
1 0.7224489795918367 0.39361702127659576 0.02448979591836742 0.06382978723404253
1 0.7991836734693878 0.4509001636661211 0.026122448979591817 0.057283142389525366
1 0.8526530612244898 0.4967266775777414 0.025306122448979673 0.08019639934533551
1 0.8775510204081632 0.3985270049099836 0.02285714285714291 0.07037643207855976
1 0.8644897959183674 0.33878887070376434 0.01959183673469389 0.04582651391162029
1 0.7987755102040817 0.3117839607201309 0.020408163265306145 0.05400981996726678
1 0.7518367346938776 0.2831423895253683 0.01795918367346938 0.04255319148936171
1 0.7110204081632653 0.27823240589198034 0.01959183673469389 0.04582651391162029
1 0.6955102040816327 0.2160392798690671 0.014693877551020362 0.04255319148936171
1 0.6824489795918367 0.15548281505728312 0.01632653061224487 0.03273322422258593
1 0.7057142857142857 0.1579378068739771 0.015510204081632617 0.03436988543371522
1 0.7314285714285714 0.24058919803600654 0.01795918367346938 0.04582651391162029
1 0.7542857142857142 0.20049099836333878 0.011428571428571455 0.03436988543371522
1 0.7751020408163265 0.20785597381342064 0.013877551020408219 0.03600654664484451
1 0.7926530612244898 0.25040916530278234 0.016326530612244983 0.04255319148936171
1 0.8183673469387756 0.22913256955810146 0.015510204081632728 0.03600654664484451
1 0.8734693877551021 0.23486088379705403 0.013061224489795964 0.031096563011456635
1 0.8873469387755102 0.2823240589198036 0.01959183673469389 0.04091653027823239
1 0.9016326530612244 0.2618657937806874 0.015510204081632728 0.03600654664484451
1 0.9526530612244898 0.24877250409165302 0.014693877551020362 0.036006546644844484
1 0.9893877551020408 0.26104746317512273 0.014693877551020362 0.037643207855973804
1 0.9061224489795918 0.22831423895253683 0.01632653061224487 0.037643207855973804
1 0.9322448979591837 0.2733224222585925 0.013061224489795964 0.0327332242225859
1 0.9722448979591837 0.3191489361702128 0.014693877551020362 0.04582651391162029
1 0.9244897959183673 0.3494271685761048 0.017142857142857126 0.04746317512274961
1 0.9485714285714286 0.37315875613747956 0.01959183673469378 0.04582651391162029
1 0.9783673469387755 0.3633387888707038 0.015510204081632617 0.04909983633387888
1 0.9522448979591838 0.4353518821603928 0.02857142857142858 0.06546644844517185
1 0.8081632653061225 0.1955810147299509 0.014693877551020362 0.04091653027823239
1 0.7738775510204081 0.18412438625204583 0.016326530612244983 0.037643207855973804
1 0.5240816326530613 0.16693944353518822 0.016326530612244983 0.039279869067103124
1 0.5485714285714286 0.14075286415711946 0.01632653061224487 0.03273322422258593
