1 0.1688775510204082 0.24 0.18265306122448982 0.47333333333333333
1 0.24948979591836734 0.4066666666666667 0.05408163265306121 0.22666666666666668
1 0.31734693877551023 0.3666666666666667 0.05918367346938774 0.21333333333333332
1 0.3423469387755102 0.3 0.027551020408163263 0.09999999999999998
1 0.4204081632653061 0.36 0.04693877551020409 0.15999999999999998
1 0.49489795918367346 0.35 0.026530612244897944 0.10666666666666663
1 0.5551020408163265 0.31999999999999995 0.026530612244898055 0.09333333333333332
1 0.5806122448979592 0.30000000000000004 0.02244897959183667 0.09333333333333332
1 0.6499999999999999 0.27 0.024489795918367308 0.09333333333333332
1 0.5903061224489796 0.5133333333333333 0.04795918367346941 0.20666666666666672
1 0.6188775510204081 0.46166666666666667 0.04999999999999993 0.18333333333333335
1 0.5586734693877551 0.44166666666666665 0.03367346938775517 0.1433333333333333
1 0.7173469387755103 0.41833333333333333 0.11020408163265316 0.4033333333333333
1 0.6602040816326531 0.38666666666666666 0.032653061224489854 0.1266666666666667
1 0.8183673469387756 0.30833333333333335 0.024489795918367308 0.08333333333333331
1 0.8168367346938776 0.21333333333333335 0.019387755102040827 0.08000000000000002
1 0.8948979591836734 0.27 0.032653061224489854 0.10666666666666663
1 0.9188775510204081 0.16666666666666669 0.021428571428571463 0.07999999999999999
1 0.9581632653061225 0.25 0.03469387755102049 0.12666666666666668
1 0.9903061224489795 0.14666666666666667 0.019387755102040827 0.09999999999999999
1 0.8948979591836734 0.5333333333333333 0.1244897959183674 0.4066666666666667
