1 0.1944980694980695 0.36386554621848743 0.04922779922779924 0.08571428571428569
1 0.27847490347490345 0.23277310924369748 0.02027027027027023 0.03529411764705881
1 0.3045366795366795 0.23361344537815126 0.02027027027027023 0.036974789915966366
1 0.32866795366795365 0.2411764705882353 0.020270270270270285 0.03865546218487398
1 0.3272200772200772 0.19747899159663868 0.017374517374517395 0.03529411764705884
1 0.3441119691119691 0.19831932773109245 0.016409266409266432 0.036974789915966394
1 0.35424710424710426 0.25630252100840334 0.023166023166023175 0.04201680672268909
1 0.3803088803088803 0.24705882352941178 0.023166023166023175 0.047058823529411736
1 0.3721042471042471 0.2 0.01833976833976836 0.04033613445378151
1 0.38658301158301156 0.2042016806722689 0.018339768339768303 0.03865546218487395
1 0.40395752895752896 0.22352941176470587 0.01833976833976836 0.036974789915966394
1 0.41554054054054057 0.24705882352941178 0.024131274131274083 0.047058823529411736
1 0.44449806949806947 0.22773109243697479 0.022200772200772156 0.04201680672268909
1 0.4126447876447876 0.17983193277310924 0.018339768339768303 0.03361344537815125
1 0.42133204633204635 0.14789915966386552 0.010617760617760597 0.023529411764705882
1 0.4372586872586872 0.17731092436974788 0.019305019305019322 0.03865546218487395
1 0.47249034749034746 0.18739495798319328 0.018339768339768303 0.03865546218487392
1 0.4575289575289575 0.15546218487394958 0.015444015444015469 0.02857142857142858
1 0.47104247104247104 0.13949579831932774 0.01737451737451734 0.030252100840336138
1 0.49034749034749037 0.1411764705882353 0.013513513513513542 0.030252100840336138
1 0.4753861003861004 0.23361344537815126 0.02027027027027023 0.04369747899159662
1 0.4855212355212355 0.28403361344537814 0.028957528957528955 0.05714285714285716
1 0.5043436293436294 0.2 0.020270270270270285 0.030252100840336138
1 0.5371621621621621 0.2008403361344538 0.020270270270270285 0.03529411764705884
1 0.5231660231660231 0.1588235294117647 0.01737451737451734 0.031932773109243695
1 0.5077220077220077 0.14789915966386555 0.015444015444015413 0.03361344537815125
1 0.5082046332046333 0.126890756302521 0.014478764478764394 0.021848739495798325
1 0.5231660231660231 0.13025210084033612 0.011583011583011671 0.02521008403361344
1 0.5497104247104247 0.16974789915966387 0.016409266409266432 0.036974789915966394
1 0.553088803088803 0.12857142857142856 0.013513513513513487 0.02521008403361344
1 0.569015444015444 0.15210084033613447 0.014478764478764505 0.028571428571428553
1 0.5825289575289575 0.17478991596638654 0.01833976833976836 0.03361344537815128
1 0.5772200772200773 0.126890756302521 0.01737451737451734 0.031932773109243695
1 0.5921814671814671 0.11596638655462185 0.010617760617760541 0.023529411764705868
1 0.6071428571428572 0.12436974789915967 0.013513513513513487 0.026890756302521024
1 0.6143822393822393 0.1142857142857143 0.010617760617760652 0.020168067226890754
1 0.622104247104247 0.13109243697478992 0.012548262548262579 0.023529411764705868
1 0.6216216216216217 0.15294117647058825 0.013513513513513487 0.026890756302520996
1 0.6322393822393823 0.11848739495798319 0.013513513513513598 0.031932773109243695
1 0.6563706563706564 0.126890756302521 0.013513513513513487 0.028571428571428567
1 0.666988416988417 0.1411764705882353 0.015444015444015524 0.030252100840336138
1 0.6848455598455598 0.126890756302521 0.01640926640926632 0.025210084033613453
1 0.6665057915057915 0.11092436974789915 0.012548262548262579 0.023529411764705882
1 0.6949806949806949 0.11008403361344538 0.011583011583011671 0.028571428571428567
1 0.7186293436293436 0.1092436974789916 0.012548262548262579 0.030252100840336138
1 0.5463320463320464 0.2865546218487395 0.030888030888030826 0.06554621848739495
1 0.5656370656370656 0.2529411764705882 0.027027027027026973 0.04873949579831935
1 0.6042471042471043 0.3277310924369748 0.027027027027026973 0.06386554621848739
1 0.6192084942084941 0.2588235294117647 0.02413127413127414 0.05042016806722688
1 0.6259652509652509 0.22100840336134453 0.020270270270270285 0.042016806722689065
1 0.6718146718146718 0.28403361344537814 0.025096525096525157 0.05714285714285716
1 0.6602316602316602 0.34789915966386553 0.030888030888030826 0.07058823529411767
1 0.7302123552123552 0.37142857142857144 0.03957528957528955 0.07394957983193279
1 0.7311776061776061 0.29075630252100837 0.027992277992277992 0.057142857142857106
1 0.7205598455598456 0.2218487394957983 0.02413127413127414 0.047058823529411764
1 0.6737451737451737 0.1957983193277311 0.02316602316602312 0.04201680672268909
1 0.7041505791505791 0.15714285714285714 0.016409266409266432 0.03865546218487395
1 0.7157335907335908 0.18571428571428572 0.01833976833976836 0.03865546218487395
1 0.7427606177606179 0.17815126050420166 0.016409266409266432 0.036974789915966394
1 0.7446911196911197 0.14537815126050418 0.014478764478764505 0.028571428571428553
1 0.7504826254826256 0.1319327731092437 0.012548262548262579 0.02184873949579831
1 0.7596525096525096 0.1546218487394958 0.015444015444015413 0.030252100840336138
1 0.7606177606177607 0.18739495798319328 0.021235521235521193 0.04201680672268909
1 0.7606177606177607 0.2411764705882353 0.02316602316602323 0.04201680672268909
1 0.7823359073359073 0.3050420168067227 0.027992277992277992 0.065546218487395
1 0.8103281853281854 0.40336134453781514 0.031853281853281845 0.07058823529411762
1 0.8416988416988417 0.31092436974789917 0.025096525096525157 0.06386554621848739
1 0.8035714285714286 0.24369747899159666 0.022200772200772212 0.04033613445378151
1 0.805984555984556 0.21260504201680672 0.01737451737451745 0.031932773109243695
1 0.7934362934362934 0.1588235294117647 0.015444015444015413 0.03529411764705884
1 0.791023166023166 0.13865546218487396 0.014478764478764505 0.03193277310924371
1 0.8223938223938223 0.16134453781512603 0.01737451737451734 0.036974789915966394
1 0.877895752895753 0.2714285714285714 0.02413127413127414 0.05210084033613446
1 0.8875482625482625 0.24873949579831933 0.020270270270270285 0.04369747899159662
1 0.9174710424710424 0.34285714285714286 0.02413127413127414 0.06386554621848739
1 0.9005791505791505 0.43025210084033616 0.0289575289575289 0.09075630252100836
1 0.9242277992277992 0.28823529411764703 0.02413127413127414 0.04873949579831932
1 0.928088803088803 0.21764705882352942 0.020270270270270285 0.04201680672268909
