1 0.614375 0.6425 0.03125 0.04833333333333334
1 0.595625 0.7816666666666667 0.05125000000000002 0.07999999999999996
1 0.72375 0.8016666666666667 0.07000000000000006 0.08999999999999997
1 0.828125 0.7416666666666667 0.043749999999999956 0.06333333333333335
1 0.90625 0.7725 0.05750000000000011 0.09166666666666667
1 0.519375 0.7991666666666666 0.05375000000000002 0.07166666666666666
1 0.5506249999999999 0.7766666666666666 0.03874999999999995 0.05999999999999994
1 0.420625 0.8016666666666666 0.048750000000000016 0.06000000000000005
1 0.44437499999999996 0.78 0.03875000000000001 0.046666666666666634
1 0.365 0.79 0.04749999999999999 0.046666666666666634
1 0.328125 0.7741666666666667 0.036250000000000004 0.04499999999999993
1 0.134375 0.8333333333333333 0.09625 0.13
1 0.18625 0.8041666666666667 0.05249999999999999 0.07833333333333337
