1 0.3930635838150289 0.23893805309734514 0.015414258188824637 0.035398230088495575
1 0.41136801541425816 0.24601769911504426 0.017341040462427737 0.03893805309734516
1 0.41714836223506746 0.2575221238938053 0.021194605009633938 0.040707964601769925
1 0.38005780346820806 0.19380530973451326 0.018304431599229287 0.040707964601769925
1 0.418111753371869 0.20265486725663717 0.015414258188824637 0.03362831858407078
1 0.434971098265896 0.21150442477876108 0.018304431599229287 0.03716814159292034
1 0.4157032755298651 0.16371681415929204 0.018304431599229287 0.03362831858407078
1 0.4277456647398844 0.16017699115044248 0.015414258188824692 0.03716814159292037
1 0.46579961464354525 0.1654867256637168 0.014450867052023086 0.03716814159292034
1 0.4754335260115607 0.17699115044247787 0.016377649325626242 0.035398230088495575
1 0.4576107899807322 0.21592920353982303 0.021194605009633882 0.03893805309734513
1 0.4725433526011561 0.13805309734513274 0.012524084778419986 0.021238938053097345
1 0.4773603082851638 0.15663716814159293 0.012524084778420042 0.030088495575221252
1 0.4889210019267823 0.15752212389380532 0.014450867052023142 0.035398230088495575
1 0.48314065510597304 0.13805309734513274 0.010597302504816941 0.021238938053097345
1 0.49855491329479773 0.12035398230088495 0.010597302504816997 0.02831858407079646
1 0.5 0.2150442477876106 0.019267822736030782 0.044247787610619455
1 0.5057803468208093 0.19557522123893806 0.017341040462427793 0.03716814159292037
1 0.5342003853564548 0.1920353982300885 0.016377649325626242 0.03716814159292037
1 0.5351637764932563 0.16194690265486728 0.014450867052023142 0.030088495575221225
1 0.535645472061657 0.13982300884955753 0.015414258188824581 0.02831858407079646
1 0.5611753371868978 0.13008849557522123 0.012524084778420042 0.03362831858407081
1 0.5765895953757225 0.14070796460176993 0.014450867052023142 0.030088495575221225
1 0.5544315992292871 0.16637168141592923 0.018304431599229343 0.03185840707964602
1 0.6026011560693642 0.16283185840707964 0.014450867052023142 0.03185840707964602
1 0.5997109826589595 0.10619469026548672 0.012524084778420042 0.024778761061946902
1 0.605009633911368 0.12566371681415928 0.013487475915221592 0.024778761061946902
1 0.6228323699421965 0.09823008849557521 0.008670520231213952 0.023008849557522124
1 0.6247591522157996 0.12300884955752212 0.014450867052023142 0.023008849557522124
1 0.6223506743737958 0.14513274336283186 0.015414258188824581 0.02831858407079646
1 0.6517341040462428 0.1504424778761062 0.016377649325626242 0.02831858407079646
1 0.6570327552986512 0.11061946902654868 0.015414258188824581 0.033628318584070796
1 0.6825626204238922 0.12212389380530973 0.012524084778420042 0.024778761061946902
1 0.7042389210019269 0.11238938053097346 0.013487475915221592 0.026548672566371695
1 0.6647398843930636 0.18584070796460178 0.017341040462427793 0.035398230088495575
1 0.6252408477842004 0.2185840707964602 0.021194605009633882 0.03716814159292034
1 0.6107899807321773 0.24778761061946902 0.026974951830443183 0.05663716814159292
1 0.5592485549132948 0.26991150442477874 0.026011560693641633 0.05486725663716813
1 0.6295761078998073 0.2867256637168142 0.027938342967244623 0.05309734513274339
1 0.6599229287090558 0.3752212389380531 0.034682080924855474 0.07433628318584073
1 0.7528901734104047 0.4504424778761062 0.06454720616570331 0.1292035398230088
1 0.7177263969171483 0.18230088495575222 0.015414258188824692 0.035398230088495575
1 0.7220616570327553 0.1504424778761062 0.016377649325626242 0.03185840707964602
1 0.758188824662813 0.13716814159292035 0.011560693641618491 0.02300884955752211
1 0.7827552986512524 0.12743362831858407 0.012524084778420042 0.035398230088495575
1 0.7923892100192678 0.15752212389380532 0.010597302504817052 0.035398230088495575
1 0.7567437379576107 0.16991150442477876 0.014450867052023031 0.02831858407079646
1 0.7577071290944124 0.19469026548672566 0.01637764932562613 0.035398230088495575
1 0.7938342967244701 0.20530973451327433 0.01734104046242768 0.03893805309734513
1 0.8020231213872833 0.1743362831858407 0.014450867052023142 0.030088495575221252
1 0.8256262042389211 0.17964601769911503 0.013487475915221592 0.030088495575221225
1 0.8405587668593449 0.152212389380531 0.012524084778420042 0.03185840707964602
1 0.8583815028901733 0.19026548672566373 0.015414258188824692 0.026548672566371695
1 0.8742774566473989 0.168141592920354 0.012524084778420042 0.02831858407079646
1 0.8964354527938343 0.1946902654867257 0.012524084778420042 0.03185840707964602
1 0.9026974951830443 0.2168141592920354 0.015414258188824581 0.03362831858407078
1 0.9354527938342967 0.1654867256637168 0.011560693641618491 0.040707964601769925
1 0.9407514450867052 0.19823008849557522 0.01637764932562613 0.04601769911504425
1 0.930635838150289 0.24778761061946902 0.015414258188824692 0.0353982300884956
1 0.8877649325626205 0.2345132743362832 0.020231213872832332 0.0407079646017699
1 0.8391136801541426 0.2185840707964602 0.01734104046242768 0.03716814159292034
1 0.8232177263969171 0.2610619469026549 0.022157996146435543 0.0513274336283186
1 0.8458574181117534 0.3035398230088495 0.025048169556840083 0.05486725663716813
1 0.8757225433526011 0.268141592920354 0.021194605009633882 0.0513274336283186
1 0.9248554913294798 0.31769911504424775 0.025048169556840083 0.05486725663716813
1 0.7538535645472062 0.24336283185840707 0.020231213872832332 0.054867256637168155
1 0.7456647398843931 0.2628318584070797 0.026974951830443183 0.05486725663716813
