1 0.14400000000000002 0.9377811094452774 0.148 0.1214392803598201
1 0.119 0.7781109445277361 0.09200000000000001 0.17991004497751129
1 0.077 0.7158920539730135 0.068 0.1064467766116941
1 0.1 0.6356821589205397 0.064 0.08995502248875564
1 0.0595 0.6079460269865067 0.039 0.07346326836581707
1 0.0695 0.553223388305847 0.031000000000000007 0.04797601199400303
1 0.064 0.5247376311844079 0.024 0.03598200899550219
1 0.1245 0.5239880059970015 0.029000000000000012 0.04947526236881561
1 0.15450000000000003 0.5292353823088456 0.031 0.05397301349325345
1 0.15400000000000003 0.5794602698650675 0.034 0.0644677661169415
1 0.1995 0.6131934032983508 0.047000000000000014 0.07796101949025491
1 0.2195 0.6679160419790104 0.046999999999999986 0.08545727136431791
1 0.27 0.6926536731634183 0.055999999999999994 0.1139430284857571
1 0.378 0.7893553223388305 0.09199999999999997 0.17541229385307344
1 0.55 0.8913043478260869 0.126 0.21739130434782605
1 0.3205 0.48575712143928035 0.039000000000000035 0.0779610194902548
1 0.22799999999999998 0.5352323838080959 0.032 0.050974512743628186
1 0.24 0.5164917541229386 0.023999999999999994 0.043478260869565244
1 0.176 0.5194902548725637 0.025999999999999995 0.04347826086956519
1 0.2735 0.5209895052473763 0.015000000000000013 0.028485757121439192
1 0.3735 0.5719640179910045 0.031000000000000028 0.07346326836581718
1 0.402 0.5652173913043479 0.025999999999999968 0.04797601199400303
1 0.41800000000000004 0.6094452773613193 0.03999999999999998 0.07046476761619191
1 0.33699999999999997 0.5644677661169415 0.02799999999999997 0.052473763118440764
1 0.372 0.5179910044977512 0.02200000000000002 0.0464767616191904
1 0.4115 0.507496251874063 0.024999999999999967 0.0464767616191904
1 0.425 0.5359820089955023 0.02400000000000002 0.0434782608695653
1 0.45799999999999996 0.5659670164917541 0.033999999999999975 0.06746626686656676
1 0.47150000000000003 0.5217391304347826 0.022999999999999965 0.038980509745127456
1 0.4945 0.6341829085457271 0.04500000000000004 0.0929535232383808
1 0.5255000000000001 0.6191904047976012 0.03700000000000003 0.07796101949025491
1 0.529 0.5644677661169415 0.028000000000000025 0.04347826086956519
1 0.5305 0.5322338830584707 0.025000000000000022 0.0359820089955023
1 0.5675 0.532983508245877 0.020999999999999908 0.03748125937031488
1 0.5954999999999999 0.6259370314842578 0.04300000000000004 0.08545727136431791
1 0.6395 0.6814092953523239 0.05300000000000005 0.09745127436281864
1 0.5925 0.5704647676161919 0.029000000000000026 0.04647676161919034
1 0.5905 0.5419790104947526 0.019000000000000017 0.034482758620689724
1 0.6234999999999999 0.5247376311844079 0.019000000000000017 0.03598200899550219
1 0.6859999999999999 0.5944527736131934 0.03399999999999992 0.06146926536731634
1 0.6575 0.5697151424287856 0.027000000000000024 0.044977511244377766
1 0.677 0.5464767616191905 0.02399999999999991 0.040479760119940034
1 0.7255 0.5509745127436282 0.025000000000000022 0.04647676161919034
1 0.7364999999999999 0.6784107946026987 0.05500000000000005 0.10344827586206906
1 0.8089999999999999 0.7143928035982009 0.07399999999999995 0.13043478260869557
1 0.7705 0.6319340329835083 0.03500000000000003 0.0644677661169415
1 0.7475 0.5869565217391304 0.029000000000000026 0.052473763118440764
1 0.755 0.5494752623688156 0.026000000000000023 0.04347826086956519
1 0.798 0.5659670164917541 0.026000000000000023 0.04947526236881561
1 0.851 0.5779610194902549 0.02400000000000002 0.04347826086956519
1 0.876 0.5922038980509745 0.030000000000000027 0.05397301349325345
1 0.8374999999999999 0.6416791604197901 0.03500000000000003 0.05397301349325345
1 0.9135 0.6949025487256372 0.05499999999999994 0.10944527736131926
1 0.892 0.6551724137931034 0.050000000000000044 0.07796101949025491
1 0.9675 0.6551724137931034 0.05500000000000005 0.08395802098950522
1 0.968 0.5967016491754122 0.03600000000000003 0.05997001499250365
1 0.9225000000000001 0.5734632683658172 0.029000000000000026 0.052473763118440764
