1 0.03046875 0.5458333333333334 0.0546875 0.07916666666666672
1 0.04921875 0.7437499999999999 0.09218749999999999 0.15416666666666667
1 0.24453125 0.8447916666666666 0.1671875 0.21458333333333324
1 0.17109375 0.75 0.06718749999999998 0.07916666666666661
1 0.475 0.6197916666666667 0.04062499999999997 0.060416666666666674
1 0.49765625 0.7458333333333333 0.042187500000000044 0.05833333333333335
1 0.5484374999999999 0.74375 0.04062500000000002 0.05833333333333335
1 0.60546875 0.7729166666666667 0.051562499999999956 0.07916666666666672
1 0.6953125 0.7927083333333333 0.06875000000000009 0.08958333333333335
1 0.7140625 0.746875 0.04062500000000002 0.060416666666666674
1 0.840625 0.8166666666666667 0.09062500000000007 0.12916666666666665
1 0.825 0.7427083333333333 0.046875 0.060416666666666674
1 0.8734375 0.7333333333333334 0.046875 0.07916666666666672
1 0.93359375 0.7364583333333333 0.0546875 0.08125000000000004
