1 0.32598425196850395 0.21711456859971712 0.017322834645669305 0.02687411598302686
1 0.3531496062992126 0.21994342291371993 0.016535433070866135 0.0297029702970297
1 0.3850393700787401 0.30975954738330974 0.026771653543307072 0.048090523338048086
1 0.48464566929133857 0.20297029702970298 0.01811023622047242 0.03536067892503539
1 0.5661417322834645 0.17114568599717114 0.018897637795275535 0.03394625176803395
1 0.5594488188976379 0.1173974540311174 0.016535433070866135 0.02545968882602545
1 0.4988188976377953 0.15487977369165487 0.011811023622047279 0.024045261669024043
1 0.8062992125984252 0.4024045261669024 0.03307086614173227 0.07779349363507782
1 0.8673228346456694 0.10042432814710042 0.016535433070866135 0.028288543140028294
1 0.8996062992125984 0.1463932107496464 0.011811023622047223 0.0297029702970297
