1 0.16586151368760063 0.47405329593267886 0.0499194847020934 0.07854137447405335
1 0.2938808373590982 0.26718092566619916 0.022544283413848676 0.043478260869565216
1 0.30756843800322065 0.23492286115007013 0.01771336553945252 0.03786816269284715
1 0.34017713365539454 0.255960729312763 0.020128824476650542 0.037868162692847124
1 0.33252818035426734 0.22720897615708274 0.016103059581320467 0.033660589060308554
1 0.3663446054750403 0.2538569424964937 0.020933977455716568 0.04207573632538569
1 0.37681159420289856 0.229312762973352 0.016103059581320467 0.03506311360448808
1 0.3639291465378422 0.21739130434782608 0.01610305958132041 0.0364656381486676
1 0.3969404186795491 0.2805049088359046 0.025764895330112725 0.05049088359046283
1 0.40499194847020936 0.22510518934081347 0.01932367149758457 0.03506311360448808
1 0.42310789049919484 0.1879382889200561 0.01529790660225444 0.033660589060308554
1 0.45088566827697263 0.211781206171108 0.020933977455716568 0.0364656381486676
1 0.4351851851851852 0.18723702664796632 0.020128824476650542 0.04067321178120617
1 0.45088566827697263 0.18022440392706873 0.01610305958132041 0.03225806451612903
1 0.45169082125603865 0.15287517531556802 0.01610305958132041 0.028050490883590462
1 0.4746376811594203 0.16900420757363255 0.015297906602254385 0.03225806451612903
1 0.464975845410628 0.1570827489481066 0.012077294685990336 0.028050490883590462
1 0.4814814814814815 0.14235624123422158 0.014492753623188415 0.03225806451612903
1 0.49114331723027377 0.1879382889200561 0.02254428341384862 0.04488078541374474
1 0.5036231884057971 0.22019635343618513 0.020128824476650486 0.047685834502103785
1 0.5257648953301127 0.16269284712482468 0.017713365539452575 0.0364656381486676
1 0.5189210950080516 0.14165497896213183 0.015297906602254385 0.025245441795231416
1 0.5128824476650564 0.12692847124824685 0.012882447665056307 0.021037868162692847
1 0.538647342995169 0.17952314165497896 0.01610305958132041 0.03927068723702665
1 0.5475040257648953 0.13464235624123422 0.016103059581320522 0.033660589060308554
1 0.5611916264090178 0.1388499298737728 0.01610305958132041 0.028050490883590462
1 0.5821256038647342 0.16129032258064516 0.017713365539452464 0.0364656381486676
1 0.56682769726248 0.10729312762973352 0.012882447665056307 0.029453015427769985
1 0.5962157809983897 0.12692847124824685 0.012077294685990392 0.02664796633941094
1 0.6151368760064413 0.15077138849929872 0.017713365539452464 0.03506311360448808
1 0.6119162640901772 0.1241234221598878 0.01449275362318836 0.029453015427769985
1 0.5857487922705313 0.11570827489481066 0.010466988727858229 0.023842917251051893
1 0.6211755233494364 0.0967741935483871 0.01046698872785834 0.02244039270687237
1 0.6400966183574879 0.09817671809256662 0.012882447665056307 0.025245441795231416
1 0.6489533011272142 0.13744740532959326 0.019323671497584627 0.0364656381486676
1 0.6698872785829307 0.1297335203366059 0.012882447665056418 0.029453015427769985
1 0.6759259259259259 0.1002805049088359 0.012077294685990392 0.029453015427769985
1 0.6912238325281803 0.11009817671809256 0.013687600644122333 0.029453015427769985
1 0.6880032206119162 0.15568022440392706 0.016908212560386437 0.033660589060308554
1 0.6863929146537842 0.19214586255259467 0.020128824476650542 0.0364656381486676
1 0.6646537842190017 0.21598877980364656 0.023349436392914646 0.047685834502103785
1 0.538647342995169 0.2917251051893408 0.03059581320450888 0.07012622720897616
1 0.5652173913043479 0.23632538569424966 0.025764895330112725 0.04908835904628331
1 0.607487922705314 0.24333800841514727 0.0249597423510467 0.06030855539971952
1 0.6292270531400965 0.19775596072931276 0.021739130434782594 0.047685834502103785
1 0.6739130434782609 0.2622720897615708 0.02254428341384873 0.05329593267882188
1 0.6175523349436394 0.3295932678821879 0.032206119162640934 0.07012622720897616
1 0.8248792270531401 0.3863955119214586 0.04106280193236711 0.08555399719495088
1 0.8880837359098228 0.44109396914446003 0.0434782608695653 0.08274894810659184
1 0.712157809983897 0.2244039270687237 0.021739130434782594 0.056100981767180924
1 0.7572463768115942 0.2426367461430575 0.0249597423510467 0.05890603085553997
1 0.7278582930756844 0.18583450210378682 0.017713365539452575 0.037868162692847124
1 0.7286634460547504 0.13253856942496495 0.016103059581320522 0.03506311360448808
1 0.7459742351046699 0.1402524544179523 0.01690821256038655 0.033660589060308554
1 0.750805152979066 0.11220196353436185 0.015297906602254496 0.028050490883590462
1 0.7600644122383253 0.1774193548387097 0.01610305958132041 0.037868162692847124
1 0.7809983896940418 0.1514726507713885 0.01610305958132041 0.0364656381486676
1 0.7975040257648953 0.1093969144460028 0.015297906602254496 0.025245441795231416
1 0.8144122383252819 0.12201963534361851 0.01207729468599028 0.033660589060308554
1 0.8285024154589372 0.15287517531556802 0.012882447665056418 0.0364656381486676
1 0.8381642512077294 0.13604488078541374 0.011272141706924255 0.033660589060308554
1 0.8442028985507246 0.12061711079943899 0.012077294685990392 0.025245441795231416
1 0.8490338164251208 0.18092566619915848 0.015297906602254496 0.0364656381486676
1 0.8333333333333333 0.21458625525946703 0.01610305958132041 0.03927068723702665
1 0.8244766505636071 0.25245441795231416 0.017713365539452575 0.04488078541374474
1 0.7838164251207729 0.20757363253856942 0.020128824476650542 0.03927068723702665
1 0.8425925925925926 0.23842917251051893 0.01851851851851849 0.03646563814866763
1 0.8494363929146538 0.28751753155680226 0.027375201288244666 0.06732117812061711
1 0.8679549114331724 0.26928471248246844 0.020933977455716568 0.05890603085554
1 0.7793880837359097 0.3085553997194951 0.032206119162640934 0.06451612903225806
1 0.928341384863124 0.32608695652173914 0.03220611916264082 0.06591865357643756
1 0.9190821256038648 0.2657784011220196 0.0249597423510467 0.06311360448807854
1 0.9255233494363929 0.2335203366058906 0.021739130434782705 0.04628330995792429
1 0.9428341384863124 0.20757363253856942 0.019323671497584516 0.03927068723702665
1 0.8973429951690821 0.18653576437587657 0.01690821256038655 0.033660589060308554
1 0.8808373590982286 0.229312762973352 0.019323671497584516 0.051893408134642355
1 0.8735909822866345 0.18934081346423562 0.01449275362318847 0.030855539971949508
1 0.8691626409017714 0.15497896213183732 0.013687600644122333 0.03506311360448808
1 0.8812399355877616 0.1402524544179523 0.015297906602254385 0.033660589060308554
1 0.9049919484702094 0.15357643758765777 0.01610305958132041 0.037868162692847124
1 0.9178743961352658 0.13814866760168304 0.01610305958132041 0.03225806451612903
1 0.9359903381642511 0.1563814866760168 0.015297906602254385 0.037868162692847124
1 0.8055555555555556 0.18302945301542778 0.021739130434782594 0.037868162692847124
