1 0.11913145539906103 0.57578125 0.059859154929577454 0.1015625
1 0.0733568075117371 0.56328125 0.05516431924882629 0.0859375
1 0.058098591549295774 0.51328125 0.041079812206572766 0.06718750000000001
1 0.03814553990610328 0.453125 0.03169014084507042 0.05312499999999998
1 0.028169014084507046 0.42265625 0.030516431924882632 0.04531249999999998
1 0.0528169014084507 0.3828125 0.02816901408450704 0.046875
1 0.0897887323943662 0.40546875000000004 0.02699530516431925 0.04218749999999999
1 0.09976525821596244 0.4375 0.030516431924882625 0.050000000000000044
1 0.13967136150234744 0.46953125 0.03286384976525822 0.06093749999999998
1 0.16666666666666669 0.5046875 0.037558685446009404 0.06874999999999998
1 0.20598591549295775 0.54375 0.04107981220657275 0.078125
1 0.22007042253521125 0.51796875 0.03403755868544603 0.06093750000000003
1 0.24354460093896715 0.49765625 0.031690140845070436 0.0546875
1 0.2605633802816901 0.44765625 0.03521126760563381 0.05781249999999999
1 0.2318075117370892 0.42421875 0.02230046948356809 0.0390625
1 0.23767605633802819 0.38203125 0.026995305164319278 0.04843750000000002
1 0.19483568075117372 0.46406250000000004 0.03521126760563381 0.05937500000000001
1 0.1772300469483568 0.4125 0.023474178403755874 0.04062499999999997
1 0.15023474178403756 0.4328125 0.030516431924882625 0.03749999999999998
1 0.13908450704225353 0.38593750000000004 0.02699530516431925 0.04375000000000001
1 0.2834507042253521 0.61484375 0.06455399061032863 0.10468750000000004
1 0.36208920187793425 0.546875 0.04342723004694832 0.07499999999999996
1 0.3937793427230047 0.5796874999999999 0.0481220657276995 0.08437499999999998
1 0.3374413145539906 0.48203124999999997 0.03873239436619719 0.06093749999999998
1 0.3438967136150235 0.41875 0.023474178403755874 0.04062500000000002
1 0.3767605633802817 0.4078125 0.025821596244131495 0.03750000000000003
1 0.41666666666666663 0.3765625 0.02816901408450706 0.04375000000000001
1 0.43896713615023475 0.384375 0.023474178403755874 0.03437499999999999
1 0.4348591549295775 0.41484374999999996 0.024647887323943685 0.04218749999999999
1 0.41021126760563376 0.44921875 0.03873239436619719 0.06406250000000002
1 0.49178403755868544 0.496875 0.03755868544600938 0.05937500000000007
1 0.49882629107981225 0.44843750000000004 0.02816901408450706 0.04375000000000001
1 0.47124413145539906 0.41015625 0.02230046948356812 0.04531249999999998
1 0.48180751173708924 0.39140625 0.022300469483568064 0.04531249999999998
1 0.5187793427230047 0.44296875 0.025821596244131384 0.04531250000000003
1 0.5387323943661972 0.42265624999999996 0.025821596244131384 0.04218749999999999
1 0.562206572769953 0.478125 0.030516431924882625 0.050000000000000044
1 0.5721830985915493 0.44765625 0.02230046948356812 0.04531250000000003
1 0.5768779342723005 0.421875 0.017605633802816878 0.03125
1 0.5880281690140845 0.3859375 0.018779342723004744 0.03749999999999998
1 0.6068075117370892 0.38671875 0.023474178403755874 0.042187500000000044
1 0.6449530516431925 0.40234375 0.02464788732394374 0.042187500000000044
1 0.647887323943662 0.37421875 0.023474178403755874 0.03281250000000002
1 0.6637323943661972 0.38203125000000004 0.02464788732394363 0.04218749999999999
1 0.6883802816901409 0.38125 0.0199530516431925 0.03437499999999999
1 0.6830985915492958 0.40625 0.023474178403755874 0.04062500000000002
1 0.6895539906103286 0.47421875 0.02699530516431925 0.05156250000000001
1 0.7253521126760563 0.553125 0.04929577464788737 0.08125000000000004
1 0.6373239436619718 0.62578125 0.06572769953051638 0.12031249999999993
1 0.5974178403755868 0.56328125 0.04460093896713613 0.07656249999999998
1 0.6038732394366197 0.515625 0.034037558685446 0.05624999999999997
1 0.6326291079812206 0.5125 0.035211267605633756 0.062499999999999944
1 0.5269953051643192 0.528125 0.035211267605633756 0.06874999999999998
1 0.5011737089201878 0.57421875 0.04929577464788737 0.08281249999999996
1 0.772887323943662 0.51171875 0.034037558685446 0.06718749999999996
1 0.7799295774647887 0.4828125 0.034037558685446 0.04999999999999999
1 0.755281690140845 0.42734375 0.02464788732394363 0.04531250000000003
1 0.744131455399061 0.40546875000000004 0.016431924882629123 0.04218749999999999
1 0.7206572769953052 0.4125 0.023474178403755874 0.03750000000000003
1 0.7593896713615024 0.38749999999999996 0.025821596244131495 0.04999999999999999
1 0.7922535211267605 0.4 0.023474178403755874 0.04062499999999997
1 0.8403755868544601 0.39609375 0.028169014084507005 0.04531250000000003
1 0.8562206572769953 0.43515625 0.034037558685446 0.05156250000000001
1 0.8855633802816901 0.421875 0.02934272300469476 0.046875
1 0.9154929577464789 0.42421875 0.032863849765258246 0.05156250000000001
1 0.9612676056338028 0.44062500000000004 0.030516431924882625 0.04375000000000001
1 0.9870892018779343 0.47421875 0.025821596244131495 0.057812500000000044
1 0.9800469483568075 0.521875 0.039906103286385 0.07499999999999996
1 0.8879107981220657 0.6078125 0.06924882629107976 0.11250000000000004
1 0.8820422535211268 0.525 0.0481220657276995 0.07187499999999997
1 0.8485915492957747 0.5234375 0.03755868544600938 0.06875000000000003
