1 0.1288805268109125 0.34589614740368513 0.024459078080903113 0.04522613065326636
1 0.18156161806208843 0.48576214405360135 0.048918156161806226 0.09045226130653272
1 0.20178739416745062 0.4087102177554439 0.032925682031984954 0.0636515912897822
1 0.1984948259642521 0.31407035175879394 0.018814675446848533 0.04522613065326636
1 0.22718720602069614 0.31155778894472363 0.027281279397930402 0.056951423785594646
1 0.2464722483537159 0.2721943048576214 0.02069614299153341 0.041876046901172526
1 0.26199435559736595 0.37018425460636517 0.036688617121354655 0.07370184254606366
1 0.35606773283160864 0.1800670016750419 0.0235183443085607 0.041876046901172526
1 0.4303857008466604 0.17504187604690116 0.027281279397930347 0.04857621440536014
1 0.5498588899341486 0.19095477386934673 0.017873941674506066 0.04690117252931322
1 0.6782690498588899 0.10887772194304857 0.02069614299153333 0.04020100502512562
1 0.7690498588899342 0.07537688442211055 0.017873941674506177 0.03685092127303182
1 0.7102539981185325 0.19262981574539362 0.022577610536218207 0.04690117252931322
1 0.830197554092192 0.31909547738693467 0.05362182502351842 0.102177554438861
1 0.8306679209783632 0.26716917922948075 0.04139228598306677 0.07537688442211055
