1 0.02644836272040302 0.41350531107738997 0.024349286314021827 0.04704097116843703
1 0.2409739714525609 0.33383915022761756 0.015113350125944586 0.03338391502276178
1 0.2670025188916877 0.370257966616085 0.016792611251049527 0.03641881638846739
1 0.299328295549958 0.3717754172989378 0.015952980688497098 0.039453717754173
1 0.2968094038623006 0.29742033383915023 0.014273719563392073 0.03338391502276172
1 0.3438287153652393 0.3535660091047041 0.01931150293870698 0.04248861911987856
1 0.3694374475230898 0.32701062215477994 0.015113350125944558 0.03186646433990897
1 0.3669185558354324 0.287556904400607 0.015113350125944558 0.03186646433990897
1 0.39210747271200674 0.3194233687405159 0.016792611251049527 0.037936267071320195
1 0.42191435768261965 0.32549317147192713 0.01931150293870698 0.04097116843702581
1 0.42149454240134343 0.291350531107739 0.013434089000839589 0.030349013657056112
1 0.463056255247691 0.338391502276176 0.015952980688497043 0.045523520485584223
1 0.40680100755667503 0.25948406676783003 0.01259445843828716 0.030349013657056112
1 0.42065491183879095 0.26100151745068284 0.013434089000839644 0.02427921092564489
1 0.4424853064651553 0.23368740515933234 0.011754827875734675 0.024279210925644917
1 0.4609571788413098 0.2526555386949924 0.013434089000839644 0.028831562974203306
1 0.48908480268681775 0.2564491654021244 0.01259445843828716 0.030349013657056112
1 0.48530646515533166 0.29893778452200304 0.013434089000839644 0.03338391502276172
1 0.5167926112510496 0.3148710166919575 0.015952980688497043 0.037936267071320195
1 0.5382031905961377 0.27010622154779973 0.016792611251049583 0.03338391502276178
1 0.5230898404701931 0.2526555386949924 0.013434089000839644 0.031866464339908945
1 0.5348446683459278 0.23899848254931716 0.010075566750629705 0.022761760242792112
1 0.4832073887489504 0.22534142640364188 0.01259445843828716 0.02579666160849775
1 0.5499580184718724 0.23975720789074356 0.015113350125944502 0.03338391502276175
1 0.5654911838790933 0.27693474962063735 0.014273719563392073 0.03186646433990897
1 0.5990764063811923 0.255690440060698 0.012594458438287104 0.03186646433990892
1 0.589840470193115 0.23520485584218515 0.009235936188077165 0.021244309559939306
1 0.5772460117548279 0.21775417298937783 0.012594458438287215 0.025796661608497723
1 0.5906801007556675 0.2109256449165402 0.012594458438287215 0.02731411229135053
1 0.6200671704450043 0.23292867981790594 0.010915197313182134 0.025796661608497723
1 0.6540722082283795 0.23596358118361155 0.011754827875734675 0.025796661608497723
1 0.6188077246011754 0.208649468892261 0.013434089000839644 0.031866464339908945
1 0.6318219983207389 0.19347496206373294 0.010915197313182134 0.025796661608497723
1 0.646095717884131 0.20257966616084977 0.012594458438287104 0.025796661608497723
1 0.6591099916036943 0.212443095599393 0.011754827875734675 0.02731411229135053
1 0.6759026028547439 0.19575113808801214 0.010075566750629816 0.024279210925644917
1 0.690176322418136 0.21547799696509862 0.011754827875734675 0.03338391502276175
1 0.7191435768261965 0.2109256449165402 0.010915197313182246 0.024279210925644917
1 0.7254408060453401 0.23444613050075874 0.013434089000839644 0.031866464339908945
1 0.6960537363560033 0.25796661608497723 0.015113350125944502 0.03338391502276172
1 0.6540722082283795 0.295144157814871 0.02015113350125941 0.04097116843702581
1 0.6154492023509656 0.3216995447647951 0.018471872376154552 0.03641881638846739
1 0.5524769101595298 0.35204855842185134 0.026868178001679288 0.048558421851289835
1 0.47858942065491183 0.41047040971168436 0.026868178001679288 0.059180576631259474
1 0.5461796809403863 0.428679817905918 0.02267002518891681 0.05311077389984825
1 0.6104114189756507 0.4582701062215478 0.028547439126784258 0.06980273141122917
1 0.6314021830394626 0.35811836115326257 0.02350965575146935 0.05462822458270106
1 0.6754827875734677 0.3657056145675266 0.027707808564231717 0.05766312594840667
1 0.6666666666666667 0.3437025796661608 0.016792611251049583 0.05311077389984825
1 0.7082283795130143 0.3512898330804249 0.01931150293870698 0.047040971168436974
1 0.7031905961376994 0.3095599393019727 0.01931150293870698 0.039453717754173
1 0.746431570109152 0.27845220030349016 0.013434089000839644 0.037936267071320195
1 0.7594458438287154 0.23368740515933234 0.012594458438287104 0.02731411229135053
1 0.764063811922754 0.2625189681335357 0.015113350125944613 0.030349013657056167
1 0.6578505457598657 0.48179059180576633 0.027707808564231717 0.059180576631259474
1 0.727120067170445 0.5007587253414264 0.03694374475230899 0.07890743550834595
1 0.7573467674223342 0.40819423368740515 0.02518891687657432 0.048558421851289835
1 0.8043660789252729 0.43095599393019723 0.02518891687657432 0.05462822458270106
1 0.8341729638958858 0.362670713201821 0.02099076406381184 0.051593323216995446
1 0.8849706129303107 0.3710166919575114 0.02015113350125941 0.05311077389984825
1 0.8690176322418136 0.3452200303490136 0.016792611251049472 0.04400606980273142
1 0.8677581863979849 0.4802731411229135 0.029387069689336687 0.0652503793626707
1 0.8455079764903441 0.535660091047041 0.033585222502099055 0.08497723823975722
1 0.9340890008396305 0.4666160849772383 0.02434928631402178 0.059180576631259474
1 0.7934508816120907 0.27693474962063735 0.016792611251049583 0.034901365705614584
1 0.780016792611251 0.2534142640364188 0.011754827875734675 0.0273141122913505
1 0.7825356842989084 0.22230652503793627 0.013434089000839644 0.03186646433990897
1 0.8110831234256928 0.23444613050075874 0.013434089000839644 0.031866464339908945
1 0.8005877413937867 0.23823975720789076 0.014273719563392184 0.03034901365705614
1 0.8371116708648194 0.25796661608497723 0.015113350125944502 0.04248861911987864
1 0.8639798488664987 0.24430955993930198 0.013434089000839644 0.03338391502276175
1 0.8778337531486147 0.27541729893778455 0.014273719563392073 0.034901365705614584
1 0.8421494542401343 0.30349013657056145 0.016792611251049472 0.030349013657056112
1 0.8963056255247691 0.24279210925644917 0.012594458438287104 0.03338391502276175
1 0.9219143576826196 0.27845220030349016 0.013434089000839533 0.034901365705614584
1 0.9093198992443325 0.3141122913505311 0.013434089000839644 0.030349013657056167
1 0.8937867338371117 0.33459787556904397 0.015952980688497043 0.037936267071320195
1 0.9601175482787574 0.3452200303490136 0.01931150293870698 0.04704097116843703
1 0.9387069689336691 0.3194233687405159 0.015113350125944502 0.04097116843702581
1 0.9592779177162049 0.30121396054628224 0.012594458438287104 0.028831562974203306
1 0.9643157010915198 0.27617602427921095 0.014273719563392073 0.030349013657056167
