1 0.228125 0.5069444444444444 0.04999999999999999 0.09166666666666667
1 0.346875 0.49583333333333335 0.046875 0.08055555555555555
1 0.32499999999999996 0.44027777777777777 0.03437499999999999 0.06944444444444442
1 0.43125 0.5305555555555556 0.05624999999999997 0.09444444444444439
1 0.459375 0.4791666666666667 0.04375000000000001 0.0805555555555556
1 0.44062500000000004 0.45555555555555555 0.03437499999999999 0.05555555555555558
1 0.5140625 0.4666666666666667 0.03437499999999999 0.08333333333333331
1 0.54921875 0.4986111111111111 0.0546875 0.1027777777777778
1 0.575 0.43472222222222223 0.028125000000000067 0.05277777777777781
1 0.64453125 0.44722222222222224 0.02968750000000009 0.061111111111111116
1 0.65 0.5666666666666667 0.06562500000000004 0.11111111111111116
1 0.71015625 0.46111111111111114 0.04843750000000002 0.07222222222222224
1 0.80234375 0.5166666666666666 0.08906250000000004 0.15555555555555556
1 0.9125 0.475 0.043749999999999956 0.0944444444444445
1 0.98125 0.49166666666666664 0.03437499999999993 0.10555555555555551
1 0.97265625 0.6805555555555556 0.0546875 0.22777777777777775
1 0.9437500000000001 0.4638888888888889 0.03749999999999998 0.09444444444444439
