1 0.07165775401069518 0.28912213740458015 0.03208556149732621 0.05534351145038163
1 0.27807486631016043 0.21755725190839695 0.019251336898395754 0.030534351145038163
1 0.2893048128342246 0.2385496183206107 0.016042780748663055 0.030534351145038163
1 0.31711229946524067 0.22900763358778625 0.018181818181818188 0.03816793893129772
1 0.32994652406417113 0.2032442748091603 0.013903743315508033 0.04007633587786261
1 0.34705882352941175 0.22900763358778625 0.01604278074866311 0.04198473282442747
1 0.3508021390374332 0.2595419847328244 0.021390374331550832 0.04580152671755727
1 0.3588235294117647 0.19083969465648853 0.018181818181818188 0.04198473282442747
1 0.3786096256684492 0.2080152671755725 0.012834224598930466 0.03816793893129769
1 0.38395721925133686 0.17366412213740456 0.014973262032085544 0.03053435114503819
1 0.4192513368983957 0.15744274809160308 0.0149732620320856 0.03244274809160305
1 0.4310160427807487 0.15076335877862596 0.012834224598930466 0.030534351145038163
1 0.4213903743315508 0.20133587786259544 0.0149732620320856 0.043893129770992384
1 0.4112299465240642 0.2366412213740458 0.018181818181818188 0.03816793893129769
1 0.4283422459893048 0.24618320610687022 0.020320855614973266 0.041984732824427495
1 0.4443850267379679 0.20038167938931298 0.013903743315508033 0.03435114503816794
1 0.4572192513368984 0.18702290076335878 0.0117647058823529 0.030534351145038163
1 0.4459893048128342 0.16221374045801526 0.0149732620320856 0.030534351145038163
1 0.48609625668449197 0.18606870229007633 0.020320855614973266 0.03244274809160305
1 0.47914438502673795 0.20706106870229007 0.0192513368983957 0.0362595419847328
1 0.4818181818181818 0.1297709923664122 0.0117647058823529 0.022900763358778636
1 0.4893048128342246 0.14408396946564883 0.013903743315508033 0.028625954198473275
1 0.506951871657754 0.11736641221374045 0.012834224598930577 0.02480916030534351
1 0.5192513368983958 0.14885496183206107 0.0117647058823529 0.026717557251908386
1 0.5245989304812835 0.12881679389312978 0.009625668449197877 0.024809160305343525
1 0.5320855614973262 0.17557251908396948 0.0117647058823529 0.03053435114503819
1 0.5401069518716577 0.1536259541984733 0.0149732620320856 0.028625954198473275
1 0.5572192513368983 0.13740458015267176 0.012834224598930466 0.030534351145038177
1 0.5657754010695187 0.12213740458015268 0.010695187165775444 0.022900763358778622
1 0.5577540106951872 0.1803435114503817 0.016042780748663166 0.043893129770992384
1 0.5786096256684492 0.15553435114503816 0.012834224598930577 0.03244274809160305
1 0.5850267379679144 0.13549618320610687 0.0149732620320856 0.0267175572519084
1 0.606951871657754 0.10973282442748092 0.009625668449197877 0.028625954198473275
1 0.606951871657754 0.1383587786259542 0.016042780748663166 0.02862595419847329
1 0.6363636363636364 0.11450381679389313 0.00855614973262031 0.026717557251908386
1 0.6422459893048128 0.13358778625954199 0.0117647058823529 0.026717557251908386
1 0.6534759358288771 0.1536259541984733 0.012834224598930466 0.03244274809160305
1 0.6588235294117647 0.13549618320610687 0.010695187165775444 0.0267175572519084
1 0.6556149732620321 0.11259541984732824 0.010695187165775444 0.030534351145038163
1 0.6844919786096257 0.125 0.012834224598930466 0.024809160305343525
1 0.6855614973262032 0.11164122137404581 0.010695187165775444 0.02480916030534351
1 0.713903743315508 0.10591603053435114 0.0117647058823529 0.02480916030534351
1 0.6155080213903743 0.16125954198473283 0.016042780748663055 0.04007633587786258
1 0.6689839572192513 0.183206106870229 0.016042780748663055 0.03435114503816794
1 0.5962566844919786 0.22041984732824427 0.02032085561497332 0.03625954198473283
1 0.646524064171123 0.23568702290076335 0.02032085561497332 0.047709923664122134
1 0.6502673796791444 0.20229007633587787 0.01711229946524062 0.03435114503816794
1 0.6898395721925135 0.22232824427480918 0.021390374331550777 0.03625954198473283
1 0.6957219251336898 0.2681297709923664 0.022459893048128343 0.043893129770992356
1 0.7053475935828877 0.30916030534351147 0.02887700534759352 0.07251908396946566
1 0.7160427807486631 0.1851145038167939 0.016042780748663166 0.03435114503816794
1 0.7390374331550802 0.14408396946564883 0.012834224598930466 0.03244274809160305
1 0.7518716577540107 0.1583969465648855 0.01711229946524062 0.03816793893129769
1 0.7545454545454546 0.20038167938931298 0.018181818181818188 0.03816793893129772
1 0.7256684491978609 0.24427480916030533 0.02032085561497332 0.03816793893129772
1 0.7614973262032085 0.25763358778625955 0.021390374331550777 0.045801526717557245
1 0.7689839572192514 0.35114503816793896 0.027807486631015954 0.0648854961832061
1 0.8101604278074866 0.28530534351145037 0.02032085561497321 0.05152671755725191
1 0.7759358288770053 0.12213740458015268 0.01176470588235301 0.0267175572519084
1 0.8053475935828878 0.13740458015267176 0.012834224598930466 0.022900763358778636
1 0.8026737967914439 0.16507633587786258 0.016042780748663055 0.024809160305343497
1 0.8048128342245989 0.20229007633587787 0.016042780748663166 0.03816793893129772
1 0.8176470588235294 0.191793893129771 0.016042780748663166 0.0362595419847328
1 0.8363636363636364 0.16793893129770993 0.0149732620320856 0.03435114503816794
1 0.8310160427807487 0.13740458015267176 0.010695187165775333 0.01908396946564886
1 0.848663101604278 0.15267175572519084 0.0117647058823529 0.030534351145038163
1 0.8657754010695187 0.14885496183206107 0.01176470588235301 0.026717557251908386
1 0.8401069518716577 0.24618320610687022 0.02032085561497321 0.041984732824427495
1 0.8598930481283422 0.2185114503816794 0.01711229946524062 0.043893129770992384
1 0.8962566844919786 0.2309160305343511 0.014973262032085488 0.04198473282442747
1 0.8802139037433154 0.17461832061068702 0.0149732620320856 0.03244274809160308
1 0.8839572192513369 0.16412213740458015 0.013903743315508033 0.030534351145038163
1 0.9208556149732621 0.14599236641221375 0.012834224598930466 0.03244274809160305
1 0.9192513368983957 0.1765267175572519 0.01176470588235301 0.03244274809160305
1 0.9096256684491979 0.1965648854961832 0.016042780748663055 0.03435114503816794
1 0.8989304812834225 0.21183206106870228 0.013903743315508033 0.03816793893129772
1 0.9422459893048128 0.24427480916030536 0.019251336898395754 0.0534351145038168
1 0.946524064171123 0.20419847328244276 0.012834224598930466 0.03435114503816794
1 0.9620320855614973 0.19083969465648853 0.013903743315508033 0.03053435114503819
1 0.9540106951871659 0.17557251908396948 0.012834224598930466 0.026717557251908414
1 0.9219251336898395 0.33110687022900764 0.025668449197861043 0.06297709923664119
