1 0.10781249999999999 0.41219512195121955 0.040624999999999994 0.07804878048780489
1 0.1484375 0.49878048780487805 0.04062500000000002 0.07560975609756099
1 0.09453125 0.7475609756097561 0.045312500000000006 0.08048780487804885
1 0.18046875 0.7585365853658537 0.032812499999999994 0.06829268292682933
1 0.25625 0.7548780487804878 0.03750000000000003 0.060975609756097615
1 0.2234375 0.5085365853658537 0.037500000000000006 0.051219512195122
1 0.2609375 0.35853658536585364 0.03437500000000002 0.053658536585365846
1 0.2828125 0.552439024390244 0.03437499999999999 0.056097560975609695
1 0.31796875 0.5036585365853659 0.0234375 0.051219512195122
1 0.35546875 0.5195121951219512 0.03281250000000002 0.06829268292682933
1 0.396875 0.4792682926829268 0.02812500000000001 0.06097560975609756
1 0.43203125 0.4841463414634146 0.029687500000000033 0.06097560975609756
1 0.43203125 0.5475609756097561 0.03281249999999997 0.060975609756097504
1 0.48671875 0.5036585365853659 0.029687500000000033 0.06585365853658542
1 0.503125 0.5231707317073171 0.03437499999999993 0.056097560975609806
1 0.56875 0.5280487804878049 0.034375000000000044 0.060975609756097615
1 0.5578125 0.4621951219512195 0.03437499999999993 0.06097560975609756
1 0.55 0.3548780487804878 0.025000000000000022 0.06585365853658537
1 0.6078125000000001 0.45243902439024386 0.025000000000000022 0.05121951219512194
1 0.484375 0.35365853658536583 0.03125 0.058536585365853655
1 0.65859375 0.4719512195121951 0.035937499999999956 0.06097560975609756
1 0.7234375 0.44756097560975605 0.028125000000000067 0.06585365853658537
1 0.7632812499999999 0.44268292682926824 0.03281250000000002 0.05609756097560975
1 0.77265625 0.3780487804878049 0.029687499999999978 0.0536585365853659
1 0.8500000000000001 0.47804878048780486 0.04062500000000002 0.07317073170731708
1 0.91640625 0.7426829268292683 0.042187500000000044 0.09024390243902447
1 0.78828125 0.7304878048780488 0.04218749999999993 0.06585365853658542
1 0.7171875000000001 0.7670731707317073 0.03749999999999998 0.06585365853658542
1 0.68203125 0.7658536585365854 0.035937499999999956 0.06341463414634152
1 0.6984375 0.6817073170731707 0.03437499999999993 0.06585365853658531
1 0.640625 0.5536585365853659 0.043749999999999956 0.06341463414634141
1 0.7523437500000001 0.5439024390243903 0.03281250000000002 0.06341463414634141
1 0.6125 0.7658536585365854 0.03437499999999993 0.06829268292682933
1 0.55546875 0.7609756097560976 0.04218749999999993 0.07317073170731714
1 0.478125 0.7463414634146341 0.04375000000000001 0.07804878048780495
1 0.4140625 0.7402439024390244 0.043749999999999956 0.07073170731707323
1 0.3171875 0.7560975609756098 0.04062500000000002 0.06341463414634152
