1 0.031828703703703706 0.48842592592592593 0.061342592592592594 0.1157407407407407
1 0.08410493827160494 0.4872685185185185 0.05555555555555555 0.11805555555555552
1 0.16396604938271603 0.47540509259259256 0.05709876543209877 0.1001157407407407
1 0.2038966049382716 0.4693287037037037 0.04205246913580246 0.06828703703703703
1 0.19425154320987653 0.4340277777777778 0.0335648148148148 0.056712962962962965
1 0.2351466049382716 0.4453125 0.0482253086419753 0.08159722222222221
1 0.265625 0.478587962962963 0.03279320987654322 0.07754629629629634
1 0.11168981481481483 0.720775462962963 0.15625 0.2251157407407408
1 0.21199845679012347 0.6183449074074074 0.09915123456790123 0.17997685185185186
1 0.3018904320987654 0.6487268518518519 0.13155864197530864 0.23263888888888884
1 0.4261188271604938 0.6276041666666667 0.08680555555555558 0.1464120370370371
1 0.46161265432098764 0.5899884259259259 0.05825617283950618 0.11053240740740744
1 0.4297839506172839 0.5486111111111112 0.06944444444444448 0.08796296296296291
1 0.4351851851851852 0.48755787037037035 0.05632716049382713 0.09432870370370366
1 0.4716435185185185 0.5257523148148149 0.04668209876543211 0.08159722222222221
1 0.4681712962962963 0.4565972222222222 0.04436728395061729 0.07754629629629628
1 0.4998070987654321 0.4670138888888889 0.039737654320987637 0.07291666666666663
1 0.523533950617284 0.4539930555555556 0.03780864197530864 0.07465277777777773
1 0.5497685185185186 0.46064814814814814 0.05169753086419748 0.07754629629629628
1 0.5015432098765432 0.2627314814814815 0.03626543209876543 0.0763888888888889
1 0.871141975308642 0.41232638888888884 0.040123456790123524 0.060763888888888895
1 0.9008487654320987 0.6006944444444444 0.10030864197530864 0.19212962962962965
1 0.9027777777777778 0.44994212962962965 0.04012345679012341 0.061921296296296335
1 0.9128086419753086 0.48668981481481477 0.04861111111111116 0.08564814814814808
