1 0.05612244897959184 0.33501006036217307 0.03741496598639456 0.06237424547283704
1 0.04648526077097506 0.29577464788732394 0.02494331065759637 0.044265593561368166
1 0.108843537414966 0.2676056338028169 0.02267573696145124 0.040241448692152904
1 0.30895691609977327 0.4044265593561368 0.05102040816326531 0.10060362173038229
1 0.27380952380952384 0.2233400402414487 0.021541950113378727 0.044265593561368194
1 0.3049886621315193 0.21730382293762573 0.022675736961451254 0.044265593561368194
1 0.3197278911564626 0.21830985915492956 0.022675736961451254 0.04225352112676056
1 0.37755102040816324 0.24949698189134809 0.02721088435374147 0.056338028169014065
1 0.43480725623582767 0.25251509054325955 0.030612244897959218 0.054325955734406434
1 0.39965986394557823 0.3853118712273642 0.06235827664399096 0.13480885311871232
