1 0.11759259259259258 0.34615384615384615 0.024074074074074067 0.05400981996726678
1 0.1574074074074074 0.3076923076923077 0.020370370370370372 0.04582651391162029
1 0.20694444444444443 0.2888707037643208 0.01944444444444446 0.04746317512274956
1 0.19583333333333336 0.35024549918166936 0.028703703703703703 0.055646481178396046
1 0.20324074074074072 0.39689034369885434 0.03240740740740741 0.08019639934533551
1 0.19166666666666665 0.4746317512274959 0.03703703703703706 0.08510638297872347
1 0.2671296296296296 0.3142389525368249 0.032407407407407385 0.0654664484451718
1 0.3578703703703704 0.1718494271685761 0.013888888888888895 0.03600654664484451
1 0.43101851851851847 0.16612111292962356 0.02685185185185185 0.040916530278232416
1 0.5680555555555555 0.12520458265139117 0.021296296296296258 0.044189852700491
1 0.6694444444444445 0.10883797054009821 0.01666666666666672 0.040916530278232416
1 0.7162037037037037 0.11865793780687398 0.021296296296296258 0.0409165302782324
1 0.7384259259259259 0.09165302782324058 0.02314814814814814 0.03927986906710311
1 0.7898148148148147 0.23895253682487727 0.03888888888888886 0.0818330605564648
1 0.937962962962963 0.30032733224222585 0.040740740740740744 0.09328968903436985
