1 0.034 0.6020114942528736 0.06 0.13505747126436785
1 0.034 0.5387931034482759 0.044 0.06609195402298851
1 0.10900000000000001 0.5474137931034483 0.06200000000000001 0.08908045977011492
1 0.095 0.4841954022988506 0.04200000000000001 0.05459770114942525
1 0.139 0.4568965517241379 0.04200000000000001 0.06896551724137928
1 0.199 0.5057471264367817 0.05000000000000002 0.08620689655172409
1 0.23399999999999999 0.49137931034482757 0.04400000000000001 0.06321839080459768
1 0.245 0.4655172413793104 0.038000000000000006 0.05747126436781608
1 0.473 0.46839080459770116 0.03799999999999998 0.06321839080459768
1 0.531 0.3333333333333333 0.030000000000000027 0.051724137931034475
1 0.515 0.75 0.11799999999999994 0.16666666666666674
1 0.511 0.617816091954023 0.08600000000000002 0.13218390804597702
1 0.529 0.5445402298850575 0.05800000000000005 0.09482758620689657
1 0.5409999999999999 0.48563218390804597 0.05399999999999994 0.08620689655172414
1 0.616 0.4813218390804598 0.040000000000000036 0.07758620689655166
1 0.651 0.49425287356321834 0.04600000000000004 0.08045977011494249
1 0.6950000000000001 0.5359195402298851 0.061999999999999944 0.10057471264367812
1 0.744 0.6221264367816092 0.08400000000000007 0.12356321839080464
1 0.897 0.7298850574712644 0.118 0.1839080459770115
1 0.909 0.5172413793103449 0.04600000000000004 0.0804597701149426
1 0.856 0.4985632183908046 0.04400000000000004 0.07183908045977005
1 0.8109999999999999 0.46551724137931033 0.041999999999999926 0.06896551724137934
1 0.904 0.47701149425287354 0.04400000000000004 0.06321839080459768
1 0.962 0.5028735632183907 0.051999999999999935 0.06321839080459768
1 0.986 0.5589080459770115 0.028000000000000025 0.07758620689655182
