1 0.09833333333333334 0.435 0.05666666666666667 0.07999999999999996
1 0.23944444444444446 0.43083333333333335 0.04555555555555557 0.06166666666666665
1 0.26611111111111113 0.3308333333333333 0.041111111111111126 0.0683333333333333
1 0.25722222222222224 0.5333333333333333 0.10333333333333333 0.14666666666666667
1 0.405 0.51 0.06111111111111106 0.11999999999999994
1 0.3711111111111111 0.4241666666666667 0.04222222222222227 0.05833333333333329
1 0.20777777777777778 0.5025 0.05777777777777779 0.09166666666666667
1 0.5488888888888889 0.4275 0.05111111111111111 0.09499999999999997
1 0.566111111111111 0.4033333333333333 0.043333333333333335 0.06333333333333335
1 0.6100000000000001 0.4066666666666666 0.04888888888888887 0.06
1 0.6377777777777778 0.5458333333333334 0.08000000000000007 0.14166666666666672
1 0.7205555555555556 0.4816666666666667 0.06999999999999995 0.10333333333333333
1 0.7055555555555556 0.42333333333333334 0.05111111111111111 0.07333333333333336
1 0.8016666666666666 0.42666666666666664 0.04555555555555557 0.06
1 0.9333333333333333 0.44666666666666666 0.06444444444444442 0.09333333333333332
