1 0.26238624873609706 0.23586572438162545 0.02123356926188069 0.051236749116607805
1 0.3321536905965622 0.1590106007067138 0.013144590495449915 0.0353356890459364
1 0.141051567239636 0.2420494699646643 0.017189079878665303 0.04240282685512367
1 0.4135490394337715 0.2323321554770318 0.016177957532861498 0.033568904593639565
1 0.4575328614762386 0.23056537102473498 0.017189079878665303 0.040636042402826866
1 0.5697674418604651 0.17491166077738515 0.013144590495449915 0.038869257950530034
1 0.5692618806875631 0.20141342756183744 0.016177957532861442 0.038869257950530034
1 0.6774519716885743 0.18021201413427562 0.016177957532861442 0.038869257950530034
1 0.6880687563195147 0.22703180212014135 0.01718907987866536 0.044169611307420475
1 0.6309403437815976 0.22879858657243818 0.020222446916076775 0.0441696113074205
1 0.6349848331648129 0.26855123674911663 0.018200202224469164 0.04946996466431092
1 0.9519716885743175 0.24646643109540636 0.01718907987866536 0.040636042402826866
