1 0.03688989784335982 0.3806122448979592 0.028376844494892167 0.05102040816326531
1 0.2741203178206584 0.2846938775510204 0.017026106696935328 0.030612244897959162
1 0.31952326901248584 0.2561224489795918 0.0147559591373439 0.030612244897959162
1 0.33825198637911463 0.28979591836734697 0.018161180476730987 0.0326530612244898
1 0.3677639046538025 0.21836734693877552 0.01362088535754824 0.0326530612244898
1 0.38819523269012485 0.21938775510204084 0.01362088535754824 0.03469387755102041
1 0.42849035187287177 0.27142857142857146 0.019296254256526646 0.040816326530612235
1 0.4035187287173666 0.17448979591836733 0.010215664018161152 0.022448979591836754
1 0.45062429057888764 0.1489795918367347 0.011350737797956867 0.028571428571428553
1 0.47956867196367764 0.22857142857142856 0.014755959137343955 0.0326530612244898
1 0.4829738933030647 0.30204081632653057 0.021566401816118075 0.04897959183673467
1 0.5573212258796822 0.29591836734693877 0.022701475595913734 0.04081632653061229
1 0.5998864926220204 0.3397959183673469 0.023836549375709337 0.05918367346938774
1 0.670261066969353 0.36020408163265305 0.026106696935300877 0.05918367346938774
1 0.6106696935300795 0.25204081632653064 0.022701475595913734 0.04285714285714287
1 0.6191827468785471 0.19489795918367347 0.02156640181611802 0.03061224489795919
1 0.6106696935300795 0.15 0.01589103291713967 0.022448979591836726
1 0.5709421112372304 0.1673469387755102 0.011350737797956811 0.0326530612244898
1 0.5056753688989784 0.19795918367346937 0.012485811577752526 0.028571428571428553
1 0.5261066969353008 0.20204081632653062 0.017026106696935273 0.02857142857142858
1 0.47616345062429055 0.1683673469387755 0.0147559591373439 0.022448979591836726
1 0.4880817253121453 0.1336734693877551 0.01362088535754824 0.022448979591836726
1 0.4211123723041998 0.22244897959183674 0.01362088535754824 0.020408163265306117
1 0.4398410896708286 0.22959183673469385 0.017026106696935328 0.03469387755102041
1 0.5278093076049943 0.14489795918367346 0.01362088535754824 0.0326530612244898
1 0.5584562996594779 0.1193877551020408 0.009080590238365494 0.018367346938775495
1 0.6577752553916004 0.2755102040816326 0.026106696935300766 0.04489795918367351
1 0.7105561861520999 0.3 0.022701475595913734 0.048979591836734726
1 0.7741203178206584 0.3051020408163265 0.022701475595913734 0.055102040816326525
1 0.7474460839954598 0.22448979591836735 0.01929625425652659 0.040816326530612235
1 0.8098751418842225 0.23775510204081635 0.017026106696935273 0.042857142857142844
1 0.8603859250851305 0.2173469387755102 0.01589103291713967 0.03469387755102041
1 0.9154370034052213 0.28979591836734697 0.017026106696935384 0.04897959183673467
1 0.9188422247446084 0.19489795918367347 0.017026106696935273 0.03061224489795919
1 0.9313280363223609 0.17755102040816328 0.012485811577752637 0.024489795918367335
1 0.88422247446084 0.13673469387755102 0.01589103291713967 0.02857142857142858
1 0.862088535754824 0.1306122448979592 0.017026106696935273 0.020408163265306117
1 0.8637911464245176 0.15612244897959182 0.015891032917139558 0.026530612244897972
1 0.880249716231555 0.19285714285714284 0.014755959137343955 0.03469387755102041
1 0.8444948921679909 0.16224489795918368 0.018161180476730987 0.030612244897959162
1 0.8013620885357549 0.1816326530612245 0.01362088535754824 0.04081632653061226
1 0.757094211123723 0.16938775510204082 0.018161180476730987 0.02857142857142858
1 0.7360953461975028 0.18877551020408162 0.026106696935300766 0.03061224489795919
1 0.6935300794551645 0.22959183673469385 0.018161180476730987 0.04693877551020406
1 0.6583427922814983 0.21632653061224488 0.02724177071509648 0.036734693877551045
1 0.6793416572077184 0.1489795918367347 0.017026106696935384 0.028571428571428553
1 0.6969353007945517 0.1836734693877551 0.018161180476730987 0.0326530612244898
1 0.7366628830874007 0.14795918367346939 0.01362088535754824 0.022448979591836726
1 0.7593643586833143 0.13163265306122449 0.01362088535754824 0.022448979591836726
1 0.7763904653802497 0.12551020408163266 0.011350737797956922 0.026530612244897958
1 0.7939841089670828 0.1346938775510204 0.010215664018161208 0.02857142857142858
1 0.7457434733257662 0.12040816326530612 0.011350737797956922 0.02040816326530613
1 0.7236095346197502 0.13571428571428573 0.014755959137343955 0.03061224489795919
1 0.6861520998864926 0.10714285714285715 0.012485811577752637 0.030612244897959176
1 0.6464245175936436 0.10816326530612244 0.014755959137343955 0.028571428571428567
1 0.5845629965947786 0.10306122448979592 0.009080590238365494 0.01428571428571429
1 0.8155505107832008 0.17142857142857143 0.010215664018161097 0.02857142857142858
1 0.8303064699205448 0.14591836734693878 0.010215664018161208 0.030612244897959162
1 0.5482406356413166 0.15612244897959182 0.018161180476730987 0.038775510204081626
1 0.7020431328036323 0.1510204081632653 0.012485811577752526 0.02857142857142858
