1 0.11470037453183521 0.4658901830282862 0.04962546816479402 0.11314475873544089
1 0.26217228464419473 0.28202995008319465 0.018726591760299616 0.031613976705490876
1 0.28183520599250933 0.26206322795341097 0.018726591760299616 0.03494176372712143
1 0.300561797752809 0.26955074875207985 0.02247191011235955 0.04326123128119802
1 0.31835205992509363 0.21464226289517468 0.01310861423220977 0.02662229617304493
1 0.34784644194756553 0.21713810316139767 0.015917602996254665 0.03494176372712149
1 0.34597378277153557 0.27121464226289516 0.017790262172284632 0.036605657237936795
1 0.3796816479400749 0.19717138103161397 0.017790262172284632 0.03161397670549085
1 0.37687265917602997 0.23377703826955076 0.021535580524344566 0.0449251247920133
1 0.4199438202247191 0.2545757071547421 0.0252808988764045 0.04326123128119799
1 0.41198501872659177 0.22129783693843594 0.014981273408239737 0.036605657237936795
1 0.41666666666666663 0.1697171381031614 0.013108614232209714 0.029950083194675542
1 0.43352059925093633 0.16722129783693845 0.014981273408239737 0.024958402662229623
1 0.44756554307116103 0.17054908485856907 0.013108614232209714 0.02163061564059901
1 0.4550561797752809 0.18801996672212978 0.02247191011235955 0.02329450915141429
1 0.4756554307116105 0.18885191347753744 0.016853932584269704 0.03161397670549085
1 0.48408239700374533 0.15973377703826955 0.018726591760299616 0.02329450915141429
1 0.47846441947565543 0.13810316139767054 0.01310861423220977 0.023294509151414317
1 0.4602059925093633 0.1405990016638935 0.01217228464419473 0.024958402662229623
1 0.4901685393258427 0.1264559068219634 0.01217228464419473 0.029950083194675556
1 0.5332397003745318 0.12895174708818635 0.017790262172284743 0.03161397670549086
1 0.5529026217228464 0.14475873544093176 0.014044943820224809 0.033277870216306155
1 0.5613295880149813 0.10482529118136438 0.012172284644194842 0.023294509151414303
1 0.598314606741573 0.09317803660565724 0.01310861423220977 0.023294509151414317
1 0.5959737827715356 0.11231281198003328 0.01217228464419473 0.02163061564059901
1 0.6161048689138577 0.10316139767054908 0.011235955056179692 0.026622296173044915
1 0.6259363295880149 0.09400998336106489 0.010299625468164764 0.02163061564059901
1 0.6413857677902621 0.0956738768718802 0.01310861423220977 0.024958402662229623
1 0.6465355805243446 0.11064891846921797 0.014044943820224809 0.024958402662229623
1 0.627808988764045 0.13477537437603992 0.014044943820224698 0.029950083194675542
1 0.5955056179775281 0.1439267886855241 0.014981273408239737 0.03161397670549085
1 0.5823970037453183 0.16056572379367723 0.016853932584269704 0.03161397670549085
1 0.5500936329588015 0.1930116472545757 0.0196629213483146 0.03993344425956738
1 0.4934456928838951 0.21630615640599002 0.022471910112359494 0.036605657237936795
1 0.48970037453183524 0.28702163061564057 0.018726591760299616 0.04825291181364394
1 0.5557116104868913 0.28369384359400995 0.027153558052434357 0.054908485856905165
1 0.5660112359550562 0.2437603993344426 0.0196629213483146 0.03494176372712146
1 0.6147003745318351 0.24792013311148087 0.021535580524344566 0.04326123128119799
1 0.622191011235955 0.2038269550748752 0.017790262172284632 0.0449251247920133
1 0.6568352059925093 0.1663893510815308 0.0196629213483146 0.03660565723793677
1 0.6690074906367041 0.11564059900166389 0.015917602996254776 0.03161397670549085
1 0.699438202247191 0.09151414309484193 0.014981273408239737 0.029950083194675542
1 0.7059925093632959 0.13061564059900166 0.01310861423220977 0.03161397670549086
1 0.6896067415730337 0.14143094841930115 0.014044943820224809 0.03660565723793677
1 0.7008426966292135 0.2113144758735441 0.023408239700374533 0.049916805324459246
1 0.6629213483146068 0.2021630615640599 0.02059925093632964 0.0449251247920133
1 0.6750936329588015 0.25540765391014975 0.01872659176029956 0.04159733777038266
1 0.6779026217228464 0.32861896838602334 0.02621722846441954 0.054908485856905165
1 0.6095505617977528 0.3344425956738769 0.022471910112359605 0.049916805324459246
1 0.7237827715355805 0.2895174708818635 0.028089887640449507 0.05657237936772047
1 0.7621722846441947 0.2420965058236273 0.022471910112359605 0.041597337770382686
1 0.7851123595505618 0.2903494176372712 0.02528089887640439 0.04825291181364394
1 0.7532771535580525 0.1788685524126456 0.015917602996254665 0.03161397670549085
1 0.7322097378277154 0.14725457570715472 0.01872659176029967 0.03494176372712146
1 0.7368913857677903 0.11397670549084858 0.01310861423220977 0.03161397670549085
1 0.7476591760299625 0.1281198003327787 0.014044943820224698 0.03327787021630617
1 0.7560861423220974 0.10232945091514142 0.01217228464419473 0.02495840266222961
1 0.7701310861423221 0.129783693843594 0.014044943820224698 0.03327787021630617
1 0.7799625468164795 0.12063227953410982 0.014981273408239626 0.02828618968386022
1 0.7958801498127341 0.12728785357737105 0.014981273408239626 0.034941763727121475
1 0.8136704119850187 0.1264559068219634 0.01310861423220977 0.026622296173044915
1 0.8352059925093633 0.13727121464226288 0.016853932584269704 0.03494176372712146
1 0.8164794007490637 0.16555740432612315 0.016853932584269593 0.03494176372712146
1 0.803370786516854 0.1788685524126456 0.016853932584269704 0.03161397670549085
1 0.8735955056179776 0.22628951747088186 0.016853932584269704 0.05324459234608986
1 0.8923220973782772 0.1913477537437604 0.016853932584269593 0.04326123128119802
1 0.8965355805243446 0.1630615640599002 0.014044943820224809 0.03660565723793677
1 0.9054307116104869 0.12895174708818635 0.011235955056179692 0.03161397670549086
1 0.8740636704119851 0.12146422628951747 0.014044943820224698 0.029950083194675528
1 0.8632958801498127 0.1530782029950083 0.016853932584269593 0.033277870216306155
1 0.9307116104868913 0.15058236272878534 0.014981273408239626 0.028286189683860236
1 0.9279026217228464 0.18801996672212978 0.014981273408239737 0.03993344425956741
1 0.9344569288389513 0.26622296173044924 0.01872659176029956 0.05324459234608986
