1 0.09300184162062616 0.47906602254428343 0.049723756906077346 0.0950080515297907
1 0.3402394106813996 0.21256038647342995 0.015653775322283625 0.03864734299516909
1 0.34714548802946593 0.1924315619967794 0.014732965009208066 0.03381642512077296
1 0.34760589318600366 0.17552334943639292 0.017495395948434578 0.02898550724637683
1 0.4111418047882136 0.19404186795491143 0.017495395948434578 0.03381642512077293
1 0.4258747697974217 0.16586151368760066 0.017495395948434633 0.0289855072463768
1 0.4231123388581952 0.1457326892109501 0.0101289134438306 0.024154589371980673
1 0.4622467771639043 0.1360708534621578 0.012891344383057113 0.027375201288244763
1 0.48480662983425415 0.14251207729468598 0.013812154696132617 0.027375201288244777
1 0.4917127071823204 0.12962962962962962 0.012891344383057113 0.024154589371980673
1 0.5009208103130756 0.11996779388083736 0.012891344383057057 0.027375201288244777
1 0.5248618784530387 0.12157809983896942 0.012891344383057168 0.024154589371980686
1 0.5465009208103131 0.11674718196457326 0.015653775322283625 0.02415458937198066
1 0.5386740331491713 0.14090177133655396 0.012891344383057168 0.03381642512077296
1 0.56353591160221 0.1465378421900161 0.018416206261510082 0.032206119162640906
1 0.5428176795580111 0.17713365539452497 0.013812154696132617 0.03864734299516909
1 0.4696132596685083 0.17391304347826086 0.018416206261510137 0.032206119162640906
1 0.45027624309392267 0.1747181964573269 0.018416206261510137 0.03059581320450888
1 0.4507366482504604 0.20772946859903382 0.01933701657458564 0.03542673107890498
1 0.48066298342541436 0.22141706924315618 0.020257826887661146 0.043478260869565216
1 0.5897790055248618 0.10064412238325282 0.011970534069981609 0.027375201288244763
1 0.6155616942909761 0.09339774557165861 0.011970534069981609 0.025764895330112725
1 0.6395027624309393 0.09903381642512077 0.011970534069981498 0.024154589371980673
1 0.6606813996316758 0.09742351046698873 0.011970534069981498 0.024154589371980673
1 0.6800184162062615 0.10547504025764895 0.011970534069981498 0.024154589371980673
1 0.6887661141804788 0.11755233494363929 0.014732965009208066 0.02576489533011271
1 0.7011970534069981 0.10547504025764895 0.011970534069981609 0.024154589371980673
1 0.7232965009208103 0.13446054750402578 0.017495395948434633 0.03703703703703705
1 0.7140883977900553 0.15861513687600642 0.015653775322283625 0.02737520128824475
1 0.6583793738489871 0.1328502415458937 0.012891344383057057 0.030595813204508854
1 0.6275322283609577 0.14814814814814814 0.013812154696132617 0.025764895330112725
1 0.5976058931860037 0.13526570048309178 0.014732965009208066 0.028985507246376815
1 0.5902394106813996 0.18035426731078907 0.018416206261510082 0.032206119162640906
1 0.6247697974217311 0.1996779388083736 0.01933701657458564 0.048309178743961345
1 0.5778084714548803 0.24396135265700483 0.01933701657458564 0.043478260869565244
1 0.524401473296501 0.2640901771336554 0.02117863720073665 0.048309178743961345
1 0.5524861878453038 0.2818035426731079 0.025782688766114226 0.0483091787439614
1 0.6091160220994475 0.29790660225442833 0.026703499079189674 0.05797101449275366
1 0.6385819521178637 0.250402576489533 0.02117863720073665 0.0531400966183575
1 0.6671270718232044 0.20611916264090177 0.01933701657458564 0.03864734299516909
1 0.6726519337016574 0.16988727858293076 0.015653775322283625 0.03381642512077293
1 0.7039594843462247 0.1996779388083736 0.017495395948434633 0.03542673107890498
1 0.6754143646408839 0.24718196457326894 0.02117863720073665 0.04025764895330114
1 0.7191528545119705 0.21900161030595813 0.018416206261510082 0.04186795491143319
1 0.7605893186003683 0.11835748792270531 0.016574585635359074 0.024154589371980673
1 0.757366482504604 0.1392914653784219 0.015653775322283625 0.033816425120772944
1 0.7822283609576427 0.13446054750402575 0.015653775322283625 0.030595813204508854
1 0.7744014732965009 0.17632850241545894 0.014732965009208066 0.037037037037037035
1 0.7937384898710866 0.20128824476650564 0.016574585635359074 0.041867954911433164
1 0.8061694290976059 0.16264090177133655 0.011970534069981609 0.025764895330112725
1 0.8080110497237569 0.18357487922705312 0.017495395948434633 0.03542673107890501
1 0.8333333333333333 0.16586151368760066 0.014732965009208177 0.032206119162640906
1 0.8416206261510129 0.1465378421900161 0.014732965009208177 0.032206119162640906
1 0.839779005524862 0.20450885668276972 0.016574585635359074 0.03542673107890498
1 0.8535911602209945 0.18035426731078907 0.012891344383057168 0.032206119162640906
1 0.8706261510128913 0.17069243156199676 0.011970534069981609 0.032206119162640906
1 0.8835174953959484 0.1465378421900161 0.011970534069981498 0.032206119162640906
1 0.9221915285451197 0.15861513687600642 0.011970534069981498 0.03381642512077296
1 0.9134438305709024 0.16586151368760066 0.012891344383057168 0.0289855072463768
1 0.9046961325966851 0.1747181964573269 0.015653775322283514 0.03059581320450888
1 0.8959484346224678 0.19404186795491143 0.014732965009208066 0.04025764895330114
1 0.8876611418047882 0.21658615136876008 0.02025782688766109 0.043478260869565216
1 0.8752302025782688 0.2632850241545894 0.02117863720073665 0.056360708534621606
1 0.8549723756906077 0.2962962962962963 0.01933701657458564 0.054750402576489554
1 0.8121546961325967 0.26247987117552335 0.016574585635359074 0.041867954911433164
1 0.7859116022099448 0.25925925925925924 0.02117863720073665 0.054750402576489526
1 0.7619705340699816 0.33494363929146537 0.026703499079189674 0.06763285024154586
1 0.6786372007366482 0.322061191626409 0.03314917127071815 0.06441223832528181
1 0.8383977900552486 0.34863123993558776 0.026703499079189674 0.05958132045088571
1 0.9456721915285451 0.17632850241545894 0.012891344383057057 0.037037037037037035
1 0.9511970534069982 0.19806763285024154 0.014732965009208177 0.032206119162640906
1 0.9350828729281768 0.2391304347826087 0.017495395948434633 0.04025764895330111
1 0.9300184162062615 0.2785829307568438 0.023941068139963106 0.04508856682769724
1 0.919889502762431 0.33252818035426734 0.018416206261510193 0.059581320450885655
