1 0.031135531135531136 0.4095607235142119 0.054945054945054944 0.1111111111111111
1 0.326007326007326 0.28294573643410853 0.13186813186813184 0.20930232558139536
1 0.39468864468864473 0.43023255813953487 0.07875457875457875 0.15762273901808793
1 0.43864468864468864 0.47416020671834624 0.038461538461538436 0.0852713178294573
1 0.4862637362637362 0.4599483204134367 0.05677655677655674 0.06718346253229979
1 0.45970695970695974 0.3979328165374677 0.021978021978021955 0.046511627906976716
1 0.5576923076923077 0.4715762273901809 0.038461538461538436 0.08010335917312661
1 0.5796703296703296 0.4392764857881137 0.038461538461538436 0.06201550387596899
1 0.5183150183150182 0.41860465116279066 0.02930402930402931 0.04651162790697677
1 0.5357142857142857 0.2777777777777778 0.11538461538461536 0.15762273901808788
1 0.7793040293040293 0.5051679586563307 0.0641025641025641 0.11111111111111105
1 0.7463369963369964 0.44573643410852715 0.0494505494505495 0.09043927648578809
1 0.7985347985347986 0.4431524547803618 0.04029304029304026 0.07493540051679587
1 0.8287545787545787 0.4780361757105943 0.053113553113553036 0.09302325581395343
1 0.8617216117216118 0.4444444444444444 0.056776556776556686 0.08785529715762269
1 0.9212454212454213 0.4844961240310077 0.04761904761904756 0.07493540051679587
1 0.9386446886446886 0.46382428940568476 0.0347985347985349 0.054263565891472854
