1 0.347678916827853 0.20882852292020374 0.01644100580270791 0.030560271646859094
1 0.40715667311411996 0.23089983022071306 0.021276595744680826 0.040747028862478774
1 0.43278529980657643 0.21222410865874364 0.016441005802707964 0.030560271646859094
1 0.4501934235976789 0.21731748726655348 0.018375241779497065 0.040747028862478774
1 0.5140232108317215 0.21307300509337862 0.01837524177949701 0.039049235993208836
1 0.5251450676982592 0.1901528013582343 0.015473887814313247 0.033955857385398996
1 0.5478723404255319 0.19100169779286927 0.01644100580270791 0.03904923599320881
1 0.5947775628626693 0.15959252971137522 0.01740812379110257 0.03735144312393887
1 0.6329787234042553 0.1400679117147708 0.014506769825918697 0.02886247877758913
1 0.6784332688588008 0.1833616298811545 0.01644100580270791 0.033955857385398996
1 0.6508704061895552 0.2563667232597623 0.021276595744680882 0.044142614601018704
1 0.7200193423597678 0.1935483870967742 0.01837524177949701 0.040747028862478774
1 0.7354932301740813 0.29626485568760613 0.024177949709864532 0.05942275042444822
1 0.8534816247582204 0.22750424448217318 0.01644100580270791 0.040747028862478774
1 0.859284332688588 0.20118845500848898 0.014506769825918808 0.03225806451612903
1 0.9081237911025145 0.22495755517826826 0.015473887814313247 0.039049235993208836
1 0.8820116054158607 0.2809847198641766 0.01740812379110246 0.05263157894736842
1 0.8597678916827853 0.3370118845500849 0.021276595744680882 0.05942275042444822
1 0.9298839458413927 0.26825127334465193 0.02030947775628622 0.04753820033955855
1 0.9656673114119922 0.2436332767402377 0.01644100580270791 0.02886247877758913
