1 0.07083333333333333 0.20666666666666667 0.08499999999999999 0.11111111111111113
1 0.19833333333333333 0.4988888888888889 0.08666666666666667 0.09999999999999998
1 0.3833333333333333 0.5611111111111111 0.10000000000000003 0.1266666666666667
1 0.3666666666666667 0.35888888888888887 0.04666666666666669 0.08666666666666667
1 0.35250000000000004 0.28222222222222226 0.041666666666666685 0.062222222222222234
1 0.5391666666666667 0.42 0.05499999999999994 0.07111111111111112
1 0.6083333333333334 0.3977777777777778 0.05999999999999994 0.08000000000000002
1 0.6225 0.5488888888888889 0.11166666666666669 0.15111111111111114
1 0.7433333333333334 0.44333333333333336 0.06333333333333335 0.10444444444444445
1 0.9450000000000001 0.4688888888888889 0.06666666666666676 0.10666666666666669
