1 0.0571875 0.07458333333333333 0.044375 0.05416666666666667
1 0.11406250000000001 0.08708333333333335 0.04187500000000001 0.06916666666666668
1 0.1396875 0.08791666666666667 0.041874999999999996 0.05916666666666666
1 0.1771875 0.09 0.044375 0.07
1 0.2625 0.20333333333333334 0.06375 0.08166666666666667
1 0.366875 0.060000000000000005 0.04249999999999998 0.07500000000000001
1 0.4425 0.13291666666666666 0.15625 0.26416666666666666
1 0.5125 0.17208333333333334 0.052499999999999936 0.11416666666666665
1 0.5475 0.13125 0.04125000000000001 0.0625
1 0.5653125 0.11291666666666667 0.03687499999999999 0.07250000000000001
1 0.7025 0.12000000000000001 0.12125000000000008 0.22166666666666668
1 0.815625 0.16749999999999998 0.07625000000000004 0.11333333333333331
1 0.8134375 0.07875000000000001 0.05312499999999998 0.06416666666666668
1 0.8678125 0.28833333333333333 0.15437499999999993 0.2833333333333333
1 0.91625 0.10625000000000001 0.05249999999999999 0.07916666666666668
1 0.9606250000000001 0.14833333333333334 0.06999999999999995 0.08666666666666668
