1 0.14916666666666667 0.27278562259306804 0.07833333333333332 0.10654685494223362
1 0.2791666666666667 0.21373555840821568 0.03833333333333333 0.07060333761232349
1 0.29874999999999996 0.27214377406931967 0.05083333333333334 0.08985879332477537
1 0.39 0.3048780487804878 0.07500000000000001 0.10911424903722722
1 0.5033333333333333 0.08023106546854941 0.041666666666666685 0.07830551989730423
1 0.4870833333333333 0.4094993581514762 0.11249999999999999 0.2079589216944801
1 0.6433333333333333 0.31514762516046213 0.07999999999999996 0.13222079589216942
1 0.84375 0.24326059050064183 0.0475000000000001 0.09114249037227212
1 0.935 0.28754813863928114 0.07500000000000007 0.13093709884467267
1 0.8975 0.4249037227214377 0.11166666666666669 0.18998716302952506
1 0.6608333333333334 0.8427471116816432 0.22333333333333327 0.31450577663671375
