1 0.062 0.6696696696696697 0.088 0.12012012012012008
1 0.062 0.8168168168168168 0.1 0.16216216216216217
1 0.17 0.6531531531531531 0.06 0.08708708708708701
1 0.24 0.7147147147147147 0.08799999999999997 0.12612612612612617
1 0.264 0.8693693693693694 0.176 0.26126126126126126
1 0.366 0.7942942942942943 0.10799999999999998 0.20120120120120122
1 0.436 0.7147147147147147 0.07599999999999996 0.12012012012012008
1 0.446 0.6426426426426426 0.040000000000000036 0.07207207207207211
1 0.405 0.6501501501501501 0.045999999999999985 0.08108108108108103
1 0.357 0.6711711711711712 0.062 0.08708708708708712
1 0.29500000000000004 0.6366366366366367 0.04999999999999999 0.07207207207207211
1 0.264 0.6201201201201201 0.03999999999999998 0.06306306306306309
1 0.32899999999999996 0.6366366366366366 0.04199999999999998 0.06006006006006004
1 0.518 0.6666666666666667 0.05600000000000005 0.08408408408408408
1 0.527 0.6366366366366366 0.05400000000000005 0.0780780780780781
1 0.5840000000000001 0.6501501501501501 0.04799999999999993 0.06306306306306297
1 0.42400000000000004 0.47147147147147145 0.035999999999999976 0.06606606606606602
1 0.8380000000000001 0.6381381381381381 0.05599999999999994 0.08108108108108114
1 0.879 0.6396396396396397 0.04200000000000004 0.072072072072072
1 0.94 0.7147147147147147 0.07199999999999995 0.10210210210210202
1 0.977 0.6156156156156156 0.04600000000000004 0.0780780780780781
