1 0.888 0.43975903614457834 0.04400000000000004 0.06626506024096385
1 0.655 0.6234939759036144 0.030000000000000027 0.054216867469879526
1 0.601 0.5828313253012049 0.026000000000000023 0.03915662650602414
1 0.583 0.572289156626506 0.026000000000000023 0.04819277108433728
1 0.498 0.625 0.03200000000000003 0.05722891566265065
1 0.45199999999999996 0.6551204819277108 0.05199999999999999 0.08132530120481929
1 0.45499999999999996 0.6129518072289157 0.03799999999999998 0.05722891566265054
1 0.492 0.5768072289156627 0.020000000000000018 0.03915662650602403
1 0.522 0.5753012048192772 0.020000000000000018 0.03614457831325302
1 0.438 0.5647590361445782 0.016000000000000014 0.027108433734939763
1 0.40900000000000003 0.5933734939759037 0.02999999999999997 0.04216867469879515
1 0.379 0.6234939759036144 0.03400000000000003 0.07228915662650603
1 0.36 0.5873493975903614 0.03200000000000003 0.048192771084337394
1 0.35 0.5512048192771084 0.023999999999999966 0.03614457831325302
1 0.355 0.7198795180722892 0.057999999999999996 0.08433734939759041
1 0.28500000000000003 0.6280120481927711 0.045999999999999985 0.07530120481927705
1 0.302 0.5963855421686748 0.02400000000000002 0.048192771084337394
1 0.309 0.5662650602409639 0.02200000000000002 0.03614457831325302
1 0.304 0.552710843373494 0.020000000000000018 0.033132530120481896
1 0.28300000000000003 0.5496987951807228 0.021999999999999964 0.03313253012048201
1 0.261 0.5768072289156627 0.02200000000000002 0.03915662650602403
1 0.242 0.5481927710843373 0.023999999999999994 0.048192771084337394
1 0.22599999999999998 0.5301204819277109 0.01999999999999999 0.03614457831325302
1 0.195 0.5240963855421686 0.017999999999999988 0.03614457831325302
1 0.21200000000000002 0.5828313253012047 0.032 0.04518072289156627
1 0.161 0.6656626506024097 0.045999999999999985 0.08433734939759041
1 0.154 0.5813253012048193 0.04799999999999999 0.07228915662650603
1 0.184 0.5602409638554218 0.027999999999999997 0.048192771084337394
1 0.178 0.5346385542168675 0.01999999999999999 0.033132530120481896
1 0.11 0.5617469879518072 0.04000000000000001 0.05722891566265065
1 0.10400000000000001 0.5301204819277108 0.024000000000000007 0.048192771084337394
1 0.066 0.5316265060240963 0.024 0.03915662650602403
1 0.055999999999999994 0.572289156626506 0.031999999999999994 0.054216867469879526
1 0.037 0.5346385542168675 0.022000000000000002 0.03915662650602414
1 0.026999999999999996 0.6355421686746988 0.049999999999999996 0.0843373493975903
