1 0.12265625 0.5163934426229508 0.07343749999999999 0.1334894613583138
1 0.25390625 0.8348946135831382 0.10781249999999998 0.1990632318501171
1 0.31796875 0.778688524590164 0.07656250000000003 0.13817330210772838
1 0.36484375 0.7177985948477752 0.06718750000000001 0.11007025761124123
1 0.503125 0.8548009367681499 0.15625000000000006 0.2716627634660421
1 0.58984375 0.5749414519906324 0.06718749999999996 0.09601873536299765
1 0.73828125 0.7330210772833723 0.04843749999999991 0.10772833723653397
1 0.7953125000000001 0.7388758782201406 0.07187500000000002 0.08196721311475408
1 0.78203125 0.8266978922716628 0.0859375 0.11709601873536302
1 0.8671875 0.8489461358313817 0.11874999999999991 0.2037470725995315
1 0.92265625 0.7224824355971897 0.06093749999999998 0.09601873536299765
1 0.9515625 0.778688524590164 0.0625 0.10070257611241218
