1 0.12 0.4004854368932039 0.08363636363636362 0.12135922330097088
1 0.10363636363636364 0.5691747572815533 0.08000000000000002 0.1043689320388349
1 0.21454545454545454 0.4393203883495146 0.06181818181818183 0.11165048543689321
1 0.26545454545454544 0.625 0.07636363636363638 0.12378640776699035
1 0.3390909090909091 0.529126213592233 0.06363636363636366 0.10194174757281549
1 0.3672727272727273 0.41747572815533984 0.05454545454545451 0.08737864077669905
1 0.41363636363636364 0.5327669902912622 0.0636363636363636 0.11407766990291257
1 0.5136363636363637 0.48665048543689315 0.06727272727272726 0.11893203883495146
1 0.5145454545454545 0.6759708737864077 0.08000000000000002 0.12378640776699035
1 0.6318181818181818 0.5109223300970873 0.06363636363636371 0.1043689320388349
1 0.6554545454545455 0.6953883495145632 0.08545454545454556 0.12378640776699024
1 0.7909090909090909 0.587378640776699 0.08000000000000007 0.1456310679611651
1 0.7836363636363637 0.3713592233009708 0.0763636363636363 0.12135922330097088
1 0.949090909090909 0.38834951456310685 0.08727272727272728 0.12135922330097088
