1 0.1570121951219512 0.26363636363636367 0.16768292682926828 0.26363636363636367
1 0.4893292682926829 0.48863636363636365 0.03963414634146345 0.05909090909090908
1 0.5457317073170731 0.5136363636363637 0.03658536585365846 0.07272727272727275
1 0.5929878048780488 0.475 0.03353658536585369 0.05909090909090908
1 0.6204268292682926 0.5454545454545454 0.03963414634146345 0.07272727272727275
1 0.6707317073170731 0.5113636363636364 0.03658536585365846 0.05909090909090908
1 0.7515243902439024 0.6204545454545455 0.04573170731707321 0.09545454545454546
1 0.7682926829268293 0.5295454545454545 0.03658536585365857 0.06818181818181812
1 0.7149390243902438 0.4795454545454545 0.027439024390243927 0.04999999999999999
1 0.7713414634146342 0.48863636363636365 0.030487804878048808 0.04090909090909084
1 0.7820121951219512 0.46590909090909094 0.027439024390243927 0.04090909090909095
1 0.836890243902439 0.46590909090909094 0.027439024390243927 0.05909090909090914
1 0.850609756097561 0.4772727272727273 0.024390243902439046 0.036363636363636376
1 0.8536585365853658 0.5227272727272727 0.030487804878048808 0.054545454545454564
1 0.8902439024390244 0.5636363636363636 0.04268292682926833 0.07272727272727275
1 0.961890243902439 0.5477272727272727 0.03963414634146345 0.06818181818181812
1 0.9390243902439024 0.49318181818181817 0.030487804878048697 0.05909090909090908
1 0.9039634146341464 0.48863636363636365 0.027439024390243927 0.05909090909090908
