1 0.13469224620303757 0.5429799426934098 0.04236610711430855 0.08595988538681953
1 0.7941646682653877 0.5422636103151862 0.03277378097521977 0.08166189111747846
1 0.6946442845723422 0.5 0.03836930455635501 0.08022922636103152
1 0.6247002398081535 0.49140401146131807 0.031175059952038398 0.07449856733524363
1 0.5675459632294164 0.4498567335243553 0.03197442046362908 0.06876790830945556
1 0.4984012789768185 0.48638968481375355 0.031175059952038342 0.05587392550143261
1 0.4724220623501199 0.39111747851002865 0.02877697841726623 0.05730659025787965
1 0.32414068745004 0.3760744985673352 0.0231814548361311 0.04727793696275068
1 0.28457234212629895 0.3660458452722063 0.02078337330135893 0.04727793696275073
1 0.25739408473221426 0.34742120343839544 0.019184652278177478 0.04727793696275068
1 0.21502797761790565 0.36676217765042984 0.017585931254995996 0.03724928366762176
1 0.29216626698641085 0.30587392550143266 0.016786570743405282 0.0386819484240688
1 0.34852118305355717 0.30587392550143266 0.017585931254996023 0.03295128939828085
1 0.34652278177458035 0.34455587392550147 0.018385291766586764 0.04154727793696272
1 0.40367705835331735 0.3416905444126075 0.022382094324540358 0.04154727793696272
1 0.40167865707434053 0.3022922636103152 0.016786570743405282 0.034383954154727836
1 0.38369304556354916 0.27793696275071633 0.015987210231814597 0.03151862464183386
1 0.4012789768185452 0.27650429799426934 0.01438848920863306 0.03151862464183386
1 0.4292565947242206 0.27722063037249284 0.01598721023181454 0.03295128939828085
1 0.4216626698641087 0.25429799426934097 0.013589128697042374 0.0358166189111748
1 0.4292565947242206 0.31661891117478513 0.017585931254995968 0.03724928366762176
1 0.4552358113509193 0.3402578796561605 0.01998401278976819 0.04154727793696272
1 0.45323741007194246 0.2743553008595988 0.014388489208633115 0.030085959885386815
1 0.4832134292565947 0.2786532951289398 0.0151878497202238 0.03295128939828085
1 0.518784972022382 0.27435530085959886 0.014388489208633115 0.035816618911174825
1 0.5215827338129497 0.3624641833810888 0.02478017585931258 0.045845272206303744
1 0.5851318944844124 0.3746418338108882 0.01918465227817745 0.0587392550143267
1 0.4460431654676259 0.2521489971346705 0.014388489208633115 0.028653295128939854
1 0.5447641886490807 0.28653295128939826 0.01358912869704243 0.03438395415472778
1 0.5111910471622703 0.25716332378223494 0.008792965627497984 0.02435530085959886
1 0.5111910471622703 0.24212034383954154 0.013589128697042319 0.028653295128939826
1 0.5267785771382894 0.25429799426934097 0.011191047162270151 0.03295128939828082
1 0.46203037569944044 0.24355300859598855 0.012789768185451633 0.02578796561604582
1 0.5435651478816946 0.2299426934097421 0.012789768185451633 0.024355300859598833
1 0.5595523581135091 0.22636103151862463 0.011191047162270151 0.022922636103151872
1 0.5559552358113509 0.27650429799426934 0.013589128697042319 0.03151862464183386
1 0.5639488409272582 0.24785100286532952 0.011990407673860948 0.031518624641833776
1 0.5843325339728217 0.252865329512894 0.012789768185451633 0.03295128939828082
1 0.5891286970423661 0.21489971346704873 0.011191047162270151 0.028653295128939854
1 0.6127098321342925 0.2191977077363897 0.011990407673860948 0.02578796561604585
1 0.5863309352517986 0.23638968481375358 0.01358912869704243 0.022922636103151872
1 0.6258992805755396 0.25573065902578795 0.012789768185451633 0.030085959885386843
1 0.6374900079936051 0.22206303724928367 0.010391686650679466 0.02578796561604585
1 0.6442845723421263 0.23638968481375358 0.012789768185451633 0.03438395415472778
1 0.5879296562749801 0.32521489971346706 0.021582733812949617 0.04871060171919772
1 0.6183053557154277 0.31232091690544417 0.018385291766586764 0.03438395415472778
1 0.6342925659472423 0.3467048710601719 0.019984012789768246 0.04297994269340971
1 0.6282973621103118 0.40114613180515757 0.023980815347721784 0.048710601719197666
1 0.6806554756195045 0.35816618911174786 0.019984012789768246 0.04297994269340977
1 0.7282174260591526 0.41045845272206305 0.025579536370903266 0.055873925501432664
1 0.7597921662669864 0.4491404011461318 0.026378896882494063 0.0644699140401146
1 0.6666666666666667 0.32020057306590255 0.01918465227817745 0.038681948424068746
1 0.6554756195043965 0.28653295128939826 0.014388489208633004 0.03724928366762176
1 0.6638689048760991 0.23137535816618912 0.015187849720223912 0.030085959885386815
1 0.6926458832933653 0.2507163323782235 0.01358912869704243 0.03438395415472781
1 0.6906474820143885 0.3037249283667622 0.017585931254995968 0.04011461318051579
1 0.7222222222222222 0.25716332378223494 0.01358912869704243 0.0358166189111748
1 0.7290167865707434 0.24426934097421202 0.012789768185451633 0.03295128939828079
1 0.749400479616307 0.27005730659025784 0.011990407673860837 0.030085959885386815
1 0.7633892885691447 0.26719197707736386 0.012789768185451633 0.03581661891117477
1 0.7649880095923262 0.24713467048710602 0.012789768185451633 0.030085959885386787
1 0.7386091127098322 0.31375358166189116 0.015987210231814486 0.040114613180515735
1 0.7945643485211831 0.2492836676217765 0.012789768185451633 0.0286532951289398
1 0.8237410071942446 0.2657593123209169 0.01358912869704243 0.030085959885386815
1 0.8377298161470823 0.27148997134670483 0.012789768185451633 0.03581661891117477
1 0.8521183053557154 0.26217765042979946 0.012789768185451633 0.03438395415472778
1 0.8772981614708233 0.28295128939828085 0.013589128697042319 0.03295128939828079
1 0.9124700239808153 0.27005730659025784 0.011990407673860837 0.03581661891117477
1 0.79656274980016 0.2808022922636103 0.011990407673860948 0.028653295128939826
1 0.8005595523581135 0.30945558739255014 0.0151878497202238 0.03724928366762181
1 0.8273381294964028 0.3173352435530086 0.012789768185451633 0.03581661891117477
1 0.8717026378896883 0.32951289398280803 0.0151878497202238 0.04011461318051579
1 0.9144684252597921 0.31232091690544417 0.014388489208633115 0.0315186246418338
1 0.8984812150279776 0.31876790830945556 0.014388489208633004 0.04154727793696272
1 0.9092725819344525 0.3545845272206304 0.015187849720223912 0.05014326647564471
1 0.8976818545163869 0.413323782234957 0.02078337330135893 0.06160458452722062
1 0.8525179856115108 0.37106017191977075 0.018385291766586764 0.04871060171919772
1 0.8089528377298161 0.3481375358166189 0.01918465227817745 0.048710601719197666
1 0.7953637090327738 0.35744985673352436 0.02078337330135893 0.04727793696275073
1 0.8357314148681055 0.4032951289398281 0.0231814548361311 0.0444126074498567
1 0.9040767386091126 0.4835243553008596 0.02717825739408475 0.07020057306590255
1 0.8245403677058354 0.45343839541547276 0.027977617905675545 0.05873925501432664
