1 0.07685950413223142 0.4702233250620347 0.143801652892562 0.27543424317617865
1 0.25950413223140495 0.7158808933002481 0.1785123966942149 0.3846153846153847
1 0.43388429752066116 0.44540942928039706 0.14049586776859502 0.21588089330024812
1 0.34793388429752065 0.24937965260545908 0.11074380165289255 0.19602977667493796
1 0.4041322314049587 0.14392059553349876 0.08429752066115703 0.16377171215880892
1 0.16033057851239668 0.13523573200992556 0.08264462809917354 0.1563275434243176
1 0.31074380165289256 0.034739454094292806 0.0694214876033058 0.06451612903225806
1 0.6801652892561983 0.08933002481389579 0.08429752066115692 0.16377171215880895
1 0.768595041322314 0.7543424317617866 0.19834710743801653 0.3076923076923077
1 0.9322314049586777 0.13647642679900743 0.08595041322314045 0.15384615384615383
1 0.9628099173553719 0.024813895781637715 0.054545454545454564 0.04466501240694789
1 0.7793388429752066 0.03225806451612903 0.07107438016528933 0.05955334987593052
