1 0.16155234657039713 0.3226950354609929 0.037906137184115535 0.09219858156028365
1 0.2644404332129964 0.3776595744680851 0.055956678700361 0.11702127659574468
1 0.2527075812274368 0.2765957446808511 0.03249097472924187 0.06382978723404256
1 0.37815884476534295 0.3829787234042553 0.05595667870036103 0.14893617021276595
1 0.36732851985559567 0.28191489361702127 0.027075812274368227 0.05319148936170215
1 0.4052346570397112 0.18262411347517732 0.023465703971119134 0.060283687943262415
1 0.48014440433212996 0.2783687943262412 0.032490974729241895 0.08156028368794327
1 0.5288808664259927 0.36347517730496454 0.050541516245487306 0.12411347517730498
1 0.5270758122743682 0.2801418439716312 0.02527075812274371 0.06382978723404256
1 0.5090252707581228 0.23936170212765956 0.018050541516245522 0.05319148936170212
1 0.5694945848375451 0.2695035460992908 0.02707581227436817 0.05673758865248227
1 0.7175090252707581 0.3421985815602837 0.05234657039711188 0.10992907801418439
1 0.7093862815884476 0.25886524822695034 0.028880866425992746 0.056737588652482296
1 0.7527075812274369 0.2907801418439716 0.03610108303249093 0.07801418439716312
1 0.9196750902527075 0.3599290780141844 0.05234657039711188 0.13829787234042556
1 0.9196750902527075 0.28723404255319146 0.045126353790613694 0.08510638297872339
1 0.9810469314079422 0.4078014184397163 0.03790613718411551 0.17021276595744678
