1 0.04310344827586207 0.6886304909560723 0.05172413793103448 0.07493540051679581
1 0.1353448275862069 0.5968992248062015 0.03275862068965517 0.046511627906976716
1 0.19137931034482758 0.5762273901808785 0.031034482758620696 0.04134366925064592
1 0.2827586206896552 0.5180878552971576 0.02413793103448275 0.038759689922480633
1 0.3758620689655172 0.5167958656330749 0.017241379310344807 0.03617571059431518
1 0.4698275862068966 0.5090439276485788 0.018965517241379348 0.03100775193798444
1 0.5327586206896552 0.5077519379844961 0.01724137931034475 0.03359173126614984
1 0.5931034482758621 0.5064599483204134 0.024137931034482807 0.036175710594315236
1 0.6827586206896552 0.5116279069767442 0.020689655172413834 0.03100775193798455
1 0.7 0.5064599483204134 0.020689655172413723 0.036175710594315236
1 0.7887931034482758 0.5710594315245479 0.025862068965517238 0.046511627906976716
1 0.8344827586206897 0.5865633074935401 0.03103448275862064 0.04134366925064603
1 0.9284482758620689 0.6421188630490957 0.04999999999999993 0.06976744186046513
1 0.9793103448275862 0.599483204134367 0.03448275862068961 0.05167958656330751
1 0.9724137931034482 0.5749354005167959 0.027586206896551668 0.03875968992248058
1 0.8034482758620689 0.8837209302325582 0.09655172413793112 0.1757105943152455
1 0.6637931034482759 0.6963824289405685 0.051724137931034475 0.07493540051679592
1 0.7405172413793104 0.6692506459948321 0.04655172413793107 0.07235142118863047
1 0.5896551724137931 0.6963824289405685 0.051724137931034475 0.09560723514211888
1 0.6198275862068965 0.6330749354005167 0.04310344827586199 0.07235142118863058
1 0.5922413793103448 0.5878552971576227 0.036206896551724155 0.04909560723514206
1 0.5448275862068965 0.5968992248062015 0.03103448275862064 0.046511627906976716
1 0.4129310344827586 0.7260981912144703 0.05344827586206896 0.07751937984496116
1 0.3310344827586207 0.7002583979328165 0.0482758620689655 0.08268733850129206
1 0.3793103448275862 0.6059431524547804 0.02068965517241378 0.043927648578811374
1 0.39913793103448275 0.599483204134367 0.022413793103448265 0.04134366925064603
1 0.425 0.6098191214470284 0.025862068965517238 0.04134366925064592
1 0.4853448275862069 0.5930232558139534 0.02931034482758621 0.04909560723514217
1 0.08017241379310344 0.9573643410852712 0.09827586206896552 0.0852713178294574
