1 0.662037037037037 0.1712962962962963 0.06481481481481477 0.09156378600823045
1 0.5360725308641976 0.4120370370370371 0.06288580246913578 0.09670781893004116
1 0.5028935185185186 0.4683641975308642 0.055169753086419804 0.09310699588477367
1 0.4369212962962963 0.466820987654321 0.1084104938271605 0.14043209876543217
1 0.2966820987654321 0.5455246913580247 0.12577160493827158 0.19907407407407407
1 0.3439429012345679 0.4002057613168724 0.0736882716049383 0.11213991769547327
1 0.2663966049382716 0.426440329218107 0.10455246913580249 0.11213991769547327
1 0.14756944444444445 0.45524691358024694 0.09837962962962964 0.12860082304526754
1 0.043209876543209874 0.4375 0.07561728395061729 0.12808641975308643
1 0.0636574074074074 0.6383744855967078 0.11959876543209876 0.25514403292181065
