1 0.09654062751407885 0.5645933014354068 0.04344328238133548 0.09250398724082942
1 0.2268704746580853 0.2607655502392345 0.012872083668543838 0.02711323763955345
1 0.24416733708769106 0.2767145135566188 0.020112630732099762 0.03987240829346089
1 0.2928399034593725 0.23205741626794257 0.017699115044247815 0.03668261562998407
1 0.3177795655671762 0.2368421052631579 0.014481094127111849 0.03349282296650716
1 0.3399034593724859 0.23444976076555024 0.012067578439259818 0.038277511961722466
1 0.3584070796460177 0.22886762360446572 0.013676588897827857 0.030303030303030304
1 0.3234111021721641 0.20255183413078148 0.0193081255028158 0.03189792663476873
1 0.3757039420756235 0.2679425837320574 0.016090104585679776 0.038277511961722493
1 0.44730490748189866 0.3014354066985646 0.020917135961383726 0.03827751196172252
1 0.3761061946902655 0.19617224880382775 0.013676588897827802 0.025518341307814996
1 0.4002413515687852 0.189792663476874 0.016894609814963824 0.025518341307814996
1 0.413917940466613 0.22647527910685805 0.016894609814963768 0.041467304625199375
1 0.44690265486725667 0.19537480063795853 0.015285599356395785 0.030303030303030304
1 0.4440868865647627 0.16427432216905902 0.01287208366854381 0.028708133971291877
1 0.498793242156074 0.23923444976076555 0.024135156878519748 0.041467304625199375
1 0.4686242960579244 0.16507177033492823 0.012067578439259874 0.033492822966507185
1 0.4790828640386162 0.16188197767145135 0.010458567980691835 0.030303030303030304
1 0.49477071600965405 0.17065390749601275 0.016090104585679832 0.04465709728867623
1 0.5084473049074819 0.1507177033492823 0.016090104585679832 0.030303030303030304
1 0.5333869670152855 0.16746411483253587 0.014481094127111738 0.038277511961722493
1 0.5615446500402252 0.21610845295055822 0.017699115044247815 0.0430622009569378
1 0.5941271118262269 0.20414673046251994 0.01528559935639584 0.038277511961722466
1 0.6230893000804505 0.20813397129186603 0.016894609814963824 0.0430622009569378
1 0.5699919549477072 0.15629984051036683 0.018503620273531807 0.038277511961722466
1 0.5905068382944489 0.13237639553429026 0.014481094127111849 0.028708133971291877
1 0.5961383748994369 0.1682615629984051 0.012872083668543866 0.033492822966507185
1 0.6138374899436847 0.12838915470494416 0.01609010458567972 0.03349282296650717
1 0.6194690265486725 0.14832535885167464 0.014481094127111849 0.025518341307814996
1 0.6251005631536605 0.17543859649122806 0.014481094127111849 0.028708133971291877
1 0.672968624296058 0.189792663476874 0.016894609814963713 0.028708133971291877
1 0.6496379726468222 0.12599681020733652 0.012067578439259874 0.028708133971291863
1 0.670555108608206 0.14912280701754388 0.013676588897827857 0.030303030303030304
1 0.6798069187449718 0.13875598086124402 0.011263073209975771 0.03508771929824561
1 0.7023330651649236 0.1555023923444976 0.012872083668543866 0.030303030303030304
1 0.7071600965406275 0.13556618819776717 0.014481094127111849 0.038277511961722493
1 0.7316975060337892 0.15311004784688997 0.01528559935639584 0.038277511961722493
1 0.586082059533387 0.32216905901116427 0.023330651649235756 0.04784688995215314
1 0.6283185840707964 0.3572567783094099 0.022526146419951765 0.05103668261562999
1 0.6339501206757844 0.28708133971291866 0.024135156878519748 0.05103668261562999
1 0.6854384553499597 0.2312599681020734 0.017699115044247704 0.038277511961722493
1 0.7087691069991955 0.20893141945773525 0.016090104585679832 0.038277511961722466
1 0.7333065164923572 0.25996810207336524 0.016894609814963824 0.04784688995215314
1 0.7658889782783588 0.284688995215311 0.02574416733708773 0.03987240829346095
1 0.6701528559935639 0.39872408293460926 0.02574416733708762 0.06379585326953752
1 0.7385358004827032 0.3827751196172249 0.02574416733708762 0.06379585326953752
1 0.8129525341914723 0.4393939393939394 0.028157683024939595 0.07496012759170656
1 0.8765084473049075 0.49920255183413076 0.028157683024939706 0.07336523125996813
1 0.8986323411102173 0.3851674641148325 0.022526146419951654 0.05263157894736842
1 0.9601769911504425 0.4370015948963317 0.02011263073209968 0.054226475279106845
1 0.9650040225261465 0.37001594896331735 0.01528559935639573 0.04465709728867623
1 0.9891391794046661 0.3548644338118022 0.01528559935639584 0.0430622009569378
1 0.8234111021721642 0.3118022328548644 0.018503620273531696 0.05263157894736842
1 0.8093322606596943 0.23923444976076558 0.012872083668543866 0.038277511961722493
1 0.7558326629123089 0.2232854864433812 0.01528559935639573 0.038277511961722493
1 0.7707160096540627 0.189792663476874 0.011263073209975882 0.028708133971291877
1 0.7932421560740145 0.20095693779904306 0.014481094127111849 0.03508771929824561
1 0.7847948511665326 0.17942583732057416 0.012067578439259874 0.030303030303030304
1 0.8230088495575221 0.18899521531100477 0.012872083668543755 0.03349282296650716
1 0.833065164923572 0.22727272727272727 0.01528559935639584 0.033492822966507185
1 0.8487530168946098 0.2097288676236045 0.012872083668543866 0.030303030303030304
1 0.8793242156074015 0.22567783094098884 0.014481094127111849 0.033492822966507185
1 0.8958165728077232 0.23046251993620415 0.01045856798069178 0.030303030303030276
1 0.9050683829444891 0.27113237639553434 0.017699115044247815 0.041467304625199375
1 0.8736926790024135 0.3317384370015949 0.017699115044247815 0.041467304625199375
1 0.8849557522123894 0.30063795853269537 0.014481094127111849 0.036682615629984094
1 0.9388576025744167 0.32296650717703346 0.016090104585679832 0.03987240829346089
1 0.9428801287208367 0.25996810207336524 0.011263073209975882 0.03189792663476876
1 0.9231697506033789 0.22248803827751196 0.01045856798069189 0.030303030303030304
1 0.917940466613033 0.2551834130781499 0.011263073209975882 0.035087719298245584
1 0.9710378117457763 0.25279106858054223 0.014481094127111738 0.033492822966507185
1 0.9923572003218021 0.30861244019138756 0.01528559935639584 0.03349282296650713
