1 0.19550982226379793 0.4475 0.043030869971936364 0.08499999999999996
1 0.3157156220767072 0.24416666666666664 0.01964452759588403 0.035
1 0.34939195509822263 0.19916666666666666 0.01777362020579981 0.03833333333333333
1 0.4139382600561272 0.16999999999999998 0.015902712815715647 0.033333333333333354
1 0.4172123479887746 0.20833333333333331 0.0168381665107577 0.03666666666666665
1 0.4363891487371375 0.175 0.015902712815715647 0.026666666666666672
1 0.4499532273152479 0.22999999999999998 0.022450888681010306 0.04333333333333331
1 0.4822263797942002 0.2316666666666667 0.023386342376052416 0.04666666666666666
1 0.47380729653882137 0.19416666666666665 0.01964452759588403 0.02833333333333335
1 0.4644527595884004 0.17083333333333334 0.01777362020579981 0.02833333333333332
1 0.4499532273152479 0.15916666666666668 0.014967259120673537 0.02833333333333335
1 0.4700654817586529 0.14583333333333331 0.01777362020579981 0.03166666666666665
1 0.49345182413470534 0.14083333333333334 0.014031805425631427 0.02833333333333332
1 0.49438727782974745 0.17083333333333334 0.017773620205799867 0.031666666666666676
1 0.5116931711880262 0.14333333333333334 0.016838166510757646 0.033333333333333326
1 0.5182413470533208 0.12166666666666667 0.014967259120673537 0.029999999999999985
1 0.5556594948550047 0.19083333333333335 0.018709073900841866 0.04166666666666666
1 0.5463049579045838 0.14833333333333332 0.016838166510757646 0.033333333333333354
1 0.5449017773620206 0.10083333333333333 0.014031805425631427 0.024999999999999994
1 0.5734331150608045 0.14 0.014967259120673537 0.03333333333333334
1 0.5996258185219832 0.14416666666666667 0.016838166510757757 0.034999999999999976
1 0.6262862488306828 0.13416666666666666 0.017773620205799756 0.035
1 0.5051449953227315 0.28500000000000003 0.026192703461178635 0.0566666666666667
1 0.5701590271281571 0.29833333333333334 0.028999064546304965 0.07
1 0.5673526660430308 0.25416666666666665 0.021515434985968196 0.041666666666666685
1 0.5958840037418148 0.26 0.028063610851262855 0.05999999999999997
1 0.6281571562207671 0.30666666666666664 0.027128157156220745 0.06666666666666671
1 0.6875584658559402 0.3416666666666667 0.029934518241347075 0.07333333333333336
1 0.6730589335827877 0.2825 0.027128157156220745 0.051666666666666694
1 0.6370439663236669 0.2033333333333333 0.022450888681010306 0.04666666666666666
1 0.6646398503274088 0.22666666666666668 0.019644527595884087 0.04666666666666666
1 0.6623012160898036 0.1925 0.020579981290926086 0.044999999999999984
1 0.6978484565014031 0.18 0.022450888681010306 0.04000000000000001
1 0.7062675397567821 0.20750000000000002 0.022450888681010306 0.04500000000000001
1 0.715622076707203 0.24166666666666664 0.026192703461178635 0.053333333333333316
1 0.7371375116931711 0.1875 0.018709073900841866 0.03833333333333333
1 0.7184284377923292 0.1741666666666667 0.014967259120673537 0.035
1 0.7698783910196445 0.175 0.022450888681010306 0.03666666666666665
1 0.7694106641721234 0.14583333333333331 0.017773620205799756 0.035
1 0.813376987839102 0.3 0.028999064546304965 0.06333333333333335
1 0.8119738072965388 0.26416666666666666 0.020579981290926086 0.04500000000000001
1 0.7960710944808231 0.2175 0.020579981290926086 0.044999999999999984
1 0.8044901777362021 0.17916666666666667 0.016838166510757646 0.044999999999999984
1 0.794200187090739 0.18 0.011225444340505097 0.03666666666666668
1 0.8274087932647334 0.175 0.017773620205799867 0.03666666666666665
1 0.8447146866230122 0.19083333333333333 0.016838166510757757 0.03833333333333333
1 0.8475210477081385 0.22499999999999998 0.018709073900841866 0.04000000000000001
1 0.8484565014031805 0.32833333333333337 0.029934518241347075 0.0566666666666667
1 0.9106641721234798 0.37 0.027128157156220856 0.07
1 0.8961646398503273 0.4575 0.03180542563143118 0.08500000000000002
1 0.8652946679139383 0.3025 0.024321796071094415 0.05166666666666664
1 0.8835360149672591 0.2316666666666667 0.021515434985968196 0.05666666666666667
1 0.8685687558465855 0.18666666666666665 0.017773620205799756 0.04000000000000001
1 0.891955098222638 0.19833333333333333 0.017773620205799867 0.053333333333333344
1 0.9265668849391955 0.2375 0.021515434985968196 0.05166666666666664
1 0.920486435921422 0.2991666666666667 0.020579981290926086 0.048333333333333284
1 0.9621141253507952 0.14250000000000002 0.017773620205799756 0.04500000000000001
