1 0.08777777777777777 0.7975000000000001 0.16444444444444445 0.3616666666666667
1 0.41833333333333333 0.5858333333333333 0.22333333333333338 0.34166666666666673
1 0.7033333333333334 0.4083333333333333 0.1644444444444445 0.26333333333333336
1 0.8083333333333333 0.32 0.13666666666666671 0.2466666666666667
1 0.9188888888888889 0.21583333333333332 0.09999999999999998 0.18166666666666664
1 0.6133333333333333 0.15333333333333332 0.09777777777777785 0.16333333333333333
1 0.2961111111111111 0.21916666666666668 0.13 0.22166666666666668
1 0.22999999999999998 0.11750000000000001 0.08666666666666664 0.135
1 0.1 0.37583333333333335 0.1288888888888889 0.20500000000000002
1 0.08444444444444445 0.16083333333333333 0.09111111111111111 0.15500000000000003
