1 0.11966604823747681 0.5651815181518152 0.051948051948051965 0.11056105610561051
1 0.2532467532467533 0.2739273927392739 0.016697588126159568 0.033003300330033014
1 0.2820037105751392 0.24504950495049505 0.02040816326530609 0.031353135313531344
1 0.3093692022263451 0.25742574257425743 0.01762523191094617 0.042904290429042896
1 0.38358070500927643 0.18316831683168316 0.01576994434137291 0.023102310231023104
1 0.4109461966604824 0.1905940594059406 0.01855287569573283 0.031353135313531344
1 0.4322820037105751 0.1806930693069307 0.014842300556586252 0.031353135313531344
1 0.4253246753246753 0.2046204620462046 0.01948051948051943 0.042904290429042896
1 0.3998144712430427 0.23019801980198018 0.016697588126159568 0.034653465346534656
1 0.38450834879406304 0.26815181518151815 0.019480519480519487 0.044554455445544566
1 0.35992578849721707 0.26567656765676567 0.020408163265306145 0.0363036303630363
1 0.4531539888682746 0.22854785478547854 0.019480519480519487 0.041254125412541254
1 0.4777365491651206 0.22937293729372937 0.01855287569573283 0.042904290429042896
1 0.46892393320964754 0.15759075907590758 0.01391465677179965 0.031353135313531344
1 0.474025974025974 0.1716171617161716 0.014842300556586308 0.033003300330033014
1 0.5074211502782932 0.18234323432343236 0.018552875695732773 0.034653465346534656
1 0.5055658627087198 0.1353135313531353 0.011131725417439675 0.023102310231023104
1 0.5180890538033396 0.15016501650165015 0.013914656771799705 0.026402640264026417
1 0.5315398886827458 0.14686468646864687 0.01855287569573283 0.02640264026402639
1 0.5589053803339518 0.12706270627062707 0.017625231910946226 0.026402640264026403
1 0.585343228200371 0.13696369636963696 0.01855287569573283 0.033003300330033
1 0.5964749536178108 0.11798679867986797 0.016697588126159513 0.028052805280528045
1 0.5992578849721706 0.09735973597359736 0.012987012987012991 0.016501650165016507
1 0.6192022263450835 0.09818481848184818 0.008348794063079756 0.02475247524752476
1 0.6433209647495362 0.09818481848184818 0.010204081632653073 0.021452145214521448
1 0.6651205936920223 0.10231023102310231 0.011131725417439675 0.0297029702970297
1 0.7017625231910947 0.11221122112211221 0.010204081632653073 0.02640264026402639
1 0.6465677179962894 0.13696369636963696 0.00927643784786647 0.0297029702970297
1 0.6164192949907236 0.14273927392739275 0.013914656771799594 0.02805280528052806
1 0.5793135435992579 0.17326732673267325 0.01948051948051943 0.033003300330032986
1 0.5310760667903525 0.19801980198019803 0.019480519480519543 0.0363036303630363
1 0.5454545454545454 0.17904290429042904 0.014842300556586197 0.02805280528052806
1 0.7588126159554731 0.12046204620462046 0.014842300556586308 0.0297029702970297
1 0.7708719851576995 0.12541254125412543 0.012987012987012991 0.0297029702970297
1 0.7815398886827458 0.1443894389438944 0.017625231910946226 0.041254125412541254
1 0.8047309833024119 0.1443894389438944 0.013914656771799594 0.03795379537953797
1 0.8325602968460111 0.1410891089108911 0.012059369202226278 0.03135313531353137
1 0.8436920222634509 0.1353135313531353 0.013914656771799594 0.0396039603960396
1 0.8631725417439703 0.14026402640264027 0.012059369202226389 0.033003300330033014
1 0.9002782931354361 0.13696369636963696 0.012059369202226278 0.0297029702970297
1 0.9341372912801484 0.1551155115511551 0.011131725417439675 0.026402640264026417
1 0.8882189239332097 0.16666666666666669 0.017625231910946226 0.042904290429042896
1 0.861317254174397 0.17326732673267325 0.017625231910946115 0.033003300330032986
1 0.8242115027829313 0.20627062706270627 0.019480519480519543 0.042904290429042924
1 0.7815398886827458 0.19636963696369636 0.01948051948051943 0.042904290429042896
1 0.7583487940630798 0.21204620462046203 0.017625231910946226 0.04785478547854785
1 0.7305194805194806 0.19966996699669967 0.017625231910946115 0.039603960396039584
1 0.6971243042671614 0.17244224422442245 0.017625231910946226 0.041254125412541254
1 0.686456400742115 0.15594059405940594 0.016697588126159513 0.03465346534653463
1 0.6539888682745826 0.18316831683168316 0.016697588126159513 0.03960396039603961
1 0.6767161410018553 0.1971947194719472 0.01576994434137302 0.04455445544554454
1 0.6173469387755102 0.21122112211221122 0.019480519480519543 0.042904290429042924
1 0.5649350649350648 0.25 0.01855287569573283 0.041254125412541254
1 0.6173469387755102 0.2524752475247525 0.021335807050092748 0.0363036303630363
1 0.5644712430426716 0.29702970297029707 0.026901669758812696 0.04950495049504949
1 0.5064935064935066 0.2887788778877888 0.024118738404452666 0.04620462046204621
1 0.6321892393320965 0.29125412541254125 0.023191094619666064 0.044554455445544594
1 0.7073283858998145 0.2268976897689769 0.019480519480519543 0.041254125412541254
1 0.698051948051948 0.30115511551155116 0.0287569573283859 0.051155115511551164
1 0.7314471243042671 0.24752475247524752 0.021335807050092748 0.04620462046204621
1 0.7523191094619666 0.3333333333333333 0.029684601113172504 0.0726072607260726
1 0.786178107606679 0.26815181518151815 0.023191094619666064 0.051155115511551164
1 0.8042671614100185 0.2367986798679868 0.01855287569573283 0.041254125412541254
1 0.812152133580705 0.3828382838283828 0.03803339517625237 0.06270627062706274
1 0.8344155844155844 0.3061056105610561 0.023191094619666064 0.06105610561056107
1 0.865491651205937 0.25495049504950495 0.020408163265306145 0.04785478547854785
1 0.8761595547309833 0.2145214521452145 0.01576994434137291 0.042904290429042896
1 0.9243970315398886 0.2037953795379538 0.01576994434137291 0.03795379537953797
1 0.9155844155844155 0.22937293729372937 0.01855287569573283 0.0363036303630363
1 0.9281076066790352 0.2541254125412541 0.017625231910946226 0.033003300330033014
1 0.9114100185528757 0.297029702970297 0.02504638218923938 0.05280528052805278
1 0.8821892393320965 0.3523102310231023 0.027829313543599188 0.06105610561056107
1 0.7555658627087198 0.14768976897689767 0.017625231910946226 0.03135313531353137
