1 0.0873320537428023 0.3182565789473684 0.021113243761996164 0.044407894736842146
1 0.1506717850287908 0.3018092105263158 0.021113243761996164 0.04440789473684209
1 0.38675623800383874 0.2680921052631579 0.023032629558541295 0.042763157894736864
1 0.3574856046065259 0.24424342105263158 0.022072936660268716 0.041118421052631554
1 0.42418426103646834 0.16447368421052633 0.019193857965451033 0.03289473684210528
1 0.47072936660268716 0.22532894736842107 0.022072936660268716 0.04605263157894737
1 0.4980806142034549 0.3157894736842105 0.026871401151631447 0.05921052631578949
1 0.5484644913627639 0.3338815789473684 0.03166986564299423 0.05592105263157898
1 0.5460652591170825 0.14473684210526316 0.017274472168905874 0.029605263157894746
1 0.5834932821497121 0.1381578947368421 0.015355086372360827 0.03618421052631579
1 0.6065259117082533 0.12006578947368421 0.01151631477927062 0.026315789473684223
1 0.6434740882917467 0.24177631578947367 0.020153550863723613 0.03618421052631579
1 0.6597888675623801 0.22861842105263158 0.020153550863723613 0.042763157894736836
1 0.8071017274472169 0.2779605263157895 0.0249520153550864 0.05921052631578949
1 0.8656429942418427 0.31414473684210525 0.03646833013435702 0.0625
1 0.9265834932821497 0.15213815789473684 0.0124760076775432 0.024671052631578955
1 0.9568138195777351 0.15707236842105263 0.015355086372360827 0.03453947368421051
