1 0.14272644098810613 0.34072249589490966 0.02927721866422689 0.060755336617405564
1 0.277676120768527 0.2602627257799672 0.017383348581884728 0.03448275862068964
1 0.2936870997255261 0.2733990147783251 0.020128087831655983 0.03448275862068961
1 0.2991765782250686 0.2471264367816092 0.018298261665141813 0.037766830870279156
1 0.3344007319304666 0.2750410509031199 0.019213174748398898 0.04433497536945813
1 0.3650503202195791 0.28735632183908044 0.018298261665141813 0.0394088669950739
1 0.3687099725526075 0.2536945812807882 0.018298261665141813 0.027914614121510667
1 0.38609332113449224 0.1863711001642036 0.012808783165599247 0.031198686371100154
1 0.4002744739249771 0.19458128078817732 0.013723696248856387 0.027914614121510667
1 0.4048490393412626 0.17159277504105092 0.013723696248856332 0.027914614121510667
1 0.4222323879231473 0.1724137931034483 0.015553522415370502 0.0328407224958949
1 0.4249771271729186 0.20032840722495893 0.015553522415370558 0.02955665024630541
1 0.444647758462946 0.22824302134646962 0.018298261665141813 0.03612479474548441
1 0.45288197621225984 0.19704433497536944 0.018298261665141813 0.026272577996715923
1 0.4515096065873742 0.15845648604269294 0.015553522415370558 0.03119868637110018
1 0.4716376944190302 0.16830870279146143 0.013723696248856387 0.027914614121510667
1 0.4775846294602013 0.15188834154351394 0.009149130832570906 0.02463054187192118
1 0.4839890210430009 0.1921182266009852 0.018298261665141813 0.03940886699507387
1 0.47529734675205854 0.22413793103448276 0.019213174748398898 0.037766830870279156
1 0.5100640439158279 0.16830870279146143 0.017383348581884728 0.03448275862068964
1 0.5105215004574566 0.1444991789819376 0.010978956999085132 0.022988505747126436
1 0.5027447392497713 0.12561576354679804 0.011893870082342106 0.02463054187192118
1 0.5457456541628545 0.12068965517241378 0.013723696248856387 0.02791461412151068
1 0.5329368709972553 0.18719211822660098 0.017383348581884728 0.03612479474548441
1 0.540256175663312 0.17980295566502463 0.013723696248856387 0.027914614121510695
1 0.5699908508691673 0.1748768472906404 0.016468435498627643 0.03448275862068964
1 0.5608417200365965 0.1330049261083744 0.010978956999085132 0.029556650246305438
1 0.5777676120768527 0.14860426929392445 0.013723696248856387 0.031198686371100154
1 0.585544373284538 0.1354679802955665 0.009149130832570962 0.02134646962233168
1 0.5782250686184812 0.11904761904761905 0.009149130832570851 0.018062397372742206
1 0.5841720036596523 0.10673234811165846 0.013723696248856387 0.026272577996715937
1 0.6088746569075938 0.14778325123152708 0.015553522415370558 0.0328407224958949
1 0.6111619396157365 0.11001642036124795 0.014638609332113361 0.029556650246305424
1 0.6349496797804208 0.13628899835796388 0.014638609332113472 0.026272577996715937
1 0.6395242451967063 0.11247947454844007 0.010978956999085132 0.02463054187192118
1 0.6294602012808783 0.10262725779967159 0.010978956999085021 0.027914614121510667
1 0.6582799634034766 0.1059113300492611 0.011893870082342217 0.02791461412151068
1 0.6935041171088747 0.10509031198686372 0.010978956999085132 0.03284072249589491
1 0.6765782250686185 0.1527093596059113 0.015553522415370558 0.0328407224958949
1 0.6944190301921318 0.17651888341543515 0.014638609332113472 0.037766830870279156
1 0.6482159194876487 0.18226600985221675 0.02104300091491318 0.0394088669950739
1 0.6678865507776761 0.2110016420361248 0.021957913998170264 0.04105090311986864
1 0.6079597438243367 0.2110016420361248 0.02470265324794141 0.04433497536945813
1 0.5686184812442818 0.2471264367816092 0.021043000914913068 0.04433497536945813
1 0.5329368709972553 0.3300492610837439 0.0320219579139982 0.055829228243021334
1 0.5356816102470265 0.277504105090312 0.021043000914913068 0.0394088669950739
1 0.49268069533394326 0.29064039408866993 0.02653247941445558 0.05911330049261082
1 0.6193961573650504 0.2602627257799671 0.021957913998170153 0.047619047619047616
1 0.6239707227813358 0.29474548440065684 0.025617566331198494 0.0509031198686371
1 0.6614821591948765 0.3218390804597701 0.034766697163769456 0.06896551724137934
1 0.7063129002744739 0.25697865353037763 0.029277218664226945 0.05747126436781608
1 0.6948764867337602 0.2233169129720854 0.021043000914913068 0.0394088669950739
1 0.7209515096065873 0.21018062397372742 0.020128087831655983 0.042692939244663386
1 0.7305580969807868 0.1724137931034483 0.017383348581884728 0.0328407224958949
1 0.7401646843549863 0.1502463054187192 0.012808783165599191 0.027914614121510667
1 0.7319304666056725 0.11494252873563218 0.014638609332113472 0.03284072249589491
1 0.7589204025617566 0.12889983579638753 0.017383348581884617 0.031198686371100154
1 0.7731015553522416 0.1412151067323481 0.014638609332113472 0.0361247947454844
1 0.7698993595608417 0.19704433497536947 0.017383348581884728 0.05254515599343185
1 0.7465690759377859 0.21592775041050905 0.020128087831655983 0.047619047619047644
1 0.7580054894784996 0.28735632183908044 0.02470265324794152 0.06239737274220031
1 0.7351326623970723 0.37110016420361247 0.03934126258005488 0.07553366174055831
1 0.8042086001829827 0.4088669950738916 0.04757548032936876 0.07224958949096882
1 0.8929551692589204 0.40229885057471265 0.038426349496797796 0.07224958949096882
1 0.8947849954254345 0.29474548440065684 0.023787740164684323 0.060755336617405564
1 0.8998170173833486 0.24958949096880131 0.017383348581884728 0.04597701149425287
1 0.9112534309240623 0.21921182266009853 0.020128087831655983 0.03448275862068964
1 0.9172003659652332 0.2520525451559934 0.013723696248856387 0.04433497536945813
1 0.8586459286367796 0.2512315270935961 0.021043000914913068 0.042692939244663386
1 0.8494967978042086 0.2963875205254516 0.0320219579139982 0.06403940886699505
1 0.7987191216834402 0.25041050903119866 0.020128087831655983 0.0509031198686371
1 0.8161024702653248 0.21018062397372744 0.020128087831655983 0.05911330049261085
1 0.7987191216834402 0.14614121510673234 0.016468435498627643 0.036124794745484384
1 0.8257090576395243 0.1444991789819376 0.013723696248856387 0.02955665024630541
1 0.8206770356816102 0.12889983579638753 0.010978956999085132 0.027914614121510667
1 0.8472095150960659 0.1444991789819376 0.014638609332113472 0.02955665024630541
1 0.859103385178408 0.13136288998357964 0.012808783165599302 0.02955665024630541
1 0.8513266239707228 0.1748768472906404 0.013723696248856276 0.031198686371100154
1 0.8732845379688929 0.1748768472906404 0.013723696248856387 0.03448275862068964
1 0.8796889295516925 0.1592775041050903 0.011893870082342217 0.029556650246305438
1 0.9153705397987191 0.16174055829228245 0.010064043915828047 0.027914614121510667
1 0.8623055809698079 0.20853858784893267 0.017383348581884728 0.032840722495894925
