1 0.19296874999999997 0.7780269058295964 0.14218749999999997 0.2152466367713004
1 0.103125 0.5269058295964126 0.034375 0.04484304932735428
1 0.14921875 0.5257847533632287 0.029687500000000006 0.03811659192825112
1 0.2609375 0.47982062780269064 0.040624999999999994 0.06278026905829598
1 0.3421875 0.5459641255605381 0.04999999999999999 0.060538116591928204
1 0.40703125 0.5515695067264574 0.04531249999999998 0.053811659192825156
1 0.4328125 0.5179372197309418 0.021874999999999978 0.03139013452914796
1 0.37031250000000004 0.5123318385650224 0.01874999999999999 0.024663677130044803
1 0.49609375 0.5919282511210763 0.0546875 0.0717488789237668
1 0.515625 0.5224215246636772 0.02499999999999991 0.03139013452914796
1 0.49921875 0.5156950672645739 0.017187500000000022 0.03139013452914796
1 0.5671875 0.5201793721973094 0.025000000000000022 0.03139013452914796
1 0.63359375 0.7365470852017937 0.11406250000000007 0.15022421524663676
1 0.92265625 0.8789237668161435 0.14531250000000007 0.21076233183856496
1 0.68203125 0.594170403587444 0.0546875 0.08071748878923768
1 0.646875 0.5661434977578474 0.03125 0.06502242152466364
1 0.7078125 0.515695067264574 0.04062500000000002 0.06278026905829598
1 0.01796875 0.553811659192825 0.0265625 0.04484304932735428
1 0.03515625 0.5403587443946187 0.0234375 0.04035874439461884
