1 0.09528301886792453 0.3154471544715447 0.018867924528301896 0.03902439024390242
1 0.7047169811320755 0.108130081300813 0.016981132075471694 0.030894308943089435
1 0.7674528301886793 0.10975609756097562 0.014150943396226356 0.030894308943089435
1 0.8259433962264151 0.13983739837398373 0.01037735849056598 0.022764227642276424
1 0.5872641509433962 0.11951219512195121 0.014150943396226356 0.024390243902439032
1 0.49575471698113205 0.13902439024390245 0.019811320754716977 0.030894308943089435
1 0.5415094339622641 0.14878048780487804 0.016981132075471694 0.03089430894308942
1 0.27169811320754716 0.2138211382113821 0.02264150943396226 0.04715447154471544
1 0.20235849056603772 0.37317073170731707 0.05000000000000002 0.10569105691056913
1 0.18537735849056602 0.4585365853658536 0.05754716981132077 0.09756097560975613
1 0.6985849056603773 0.16178861788617888 0.019811320754717032 0.04065040650406507
1 0.7245283018867924 0.13902439024390245 0.018867924528301883 0.040650406504065054
1 0.7594339622641509 0.15121951219512195 0.018867924528301883 0.03252032520325204
1 0.8613207547169811 0.18373983739837396 0.02264150943396226 0.042276422764227634
1 0.8877358490566039 0.23333333333333334 0.02075471698113207 0.043902439024390255
1 0.7797169811320754 0.29512195121951224 0.029245283018867974 0.04715447154471547
1 0.8122641509433962 0.1878048780487805 0.018867924528301883 0.03414634146341461
1 0.6773584905660377 0.25691056910569104 0.02264150943396226 0.04552845528455282
1 0.6377358490566039 0.24390243902439024 0.02075471698113207 0.048780487804878064
1 0.5509433962264152 0.20650406504065041 0.016981132075471694 0.03577235772357723
1 0.45943396226415095 0.19186991869918701 0.02075471698113207 0.039024390243902446
1 0.4820754716981132 0.20243902439024392 0.016981132075471694 0.037398373983739824
1 0.5202830188679246 0.18048780487804877 0.01981132075471692 0.03577235772357723
1 0.5683962264150944 0.15609756097560976 0.019811320754717032 0.03577235772357723
1 0.590566037735849 0.16991869918699187 0.018867924528301883 0.03739837398373985
1 0.41273584905660377 0.1967479674796748 0.023584905660377353 0.03252032520325204
1 0.4957547169811321 0.31138211382113823 0.029245283018867974 0.053658536585365846
1 0.380188679245283 0.27479674796747966 0.02830188679245288 0.04552845528455285
1 0.3580188679245283 0.2853658536585366 0.031132075471698106 0.0504065040650406
1 0.7311320754716981 0.283739837398374 0.024528301886792447 0.047154471544715415
1 0.42830188679245285 0.2268292682926829 0.018867924528301883 0.043902439024390255
1 0.4608490566037736 0.23333333333333334 0.029245283018867918 0.05040650406504066
1 0.44009433962264155 0.291869918699187 0.029245283018867918 0.047154471544715415
1 0.7382075471698113 0.17154471544715447 0.019811320754717032 0.03739837398373985
1 0.7679245283018868 0.18373983739837396 0.018867924528301883 0.039024390243902446
1 0.4674528301886792 0.16260162601626016 0.014150943396226412 0.03577235772357723
1 0.48066037735849054 0.16260162601626016 0.01792452830188679 0.03252032520325204
