1 0.22499999999999998 0.5048543689320388 0.13108108108108105 0.29611650485436897
1 0.39594594594594595 0.8106796116504855 0.13783783783783787 0.2524271844660194
1 0.3108108108108108 0.3252427184466019 0.09459459459459463 0.20388349514563103
1 0.24662162162162163 0.08737864077669905 0.0608108108108108 0.14077669902912623
1 0.14527027027027029 0.35558252427184467 0.11216216216216215 0.220873786407767
1 0.11351351351351352 0.11286407766990292 0.056756756756756746 0.1092233009708738
1 0.18243243243243246 0.27427184466019416 0.07837837837837838 0.16019417475728157
1 0.3885135135135135 0.2633495145631068 0.07702702702702707 0.16262135922330098
1 0.3432432432432433 0.05703883495145631 0.07027027027027027 0.1092233009708738
1 0.44256756756756754 0.050970873786407765 0.0608108108108108 0.0970873786407767
1 0.4891891891891892 0.287621359223301 0.06216216216216219 0.13349514563106796
1 0.6351351351351351 0.2087378640776699 0.06216216216216208 0.13592233009708737
1 0.6608108108108108 0.12014563106796117 0.048648648648648596 0.08980582524271846
1 0.6324324324324324 0.04247572815533981 0.04594594594594592 0.08009708737864078
1 0.7391891891891892 0.05218446601941747 0.05135135135135127 0.09466019417475728
1 0.818918918918919 0.20631067961165048 0.05945945945945941 0.14563106796116504
1 0.8709459459459459 0.17354368932038833 0.06351351351351353 0.14320388349514562
1 0.8256756756756757 0.05825242718446602 0.043243243243243246 0.0970873786407767
1 0.9256756756756757 0.061893203883495146 0.048648648648648596 0.10436893203883496
1 0.9628378378378378 0.16262135922330095 0.05270270270270272 0.1262135922330097
