1 0.1572093023255814 0.4991721854304636 0.05395348837209302 0.12748344370860926
1 0.1474418604651163 0.3402317880794702 0.02697674418604651 0.044701986754966894
1 0.21627906976744188 0.4379139072847682 0.062325581395348856 0.11423841059602646
1 0.2609302325581395 0.27069536423841056 0.028837209302325556 0.044701986754966894
1 0.3055813953488372 0.19370860927152317 0.023255813953488413 0.03642384105960264
1 0.31255813953488376 0.3741721854304636 0.03534883720930232 0.06622516556291391
1 0.3516279069767442 0.17715231788079472 0.018604651162790697 0.03973509933774835
1 0.37860465116279074 0.21605960264900662 0.022325581395348848 0.044701986754966894
1 0.39348837209302323 0.20198675496688742 0.014883720930232547 0.023178807947019875
1 0.46232558139534885 0.22847682119205298 0.020465116279069773 0.039735099337748325
1 0.4604651162790697 0.277317880794702 0.03534883720930232 0.07119205298013243
1 0.5088372093023256 0.27566225165562913 0.020465116279069828 0.05132450331125826
1 0.5553488372093023 0.21357615894039733 0.022325581395348792 0.059602649006622516
1 0.5725581395348838 0.08940397350993379 0.013953488372092981 0.029801324503311258
1 0.5837209302325581 0.125 0.021395348837209283 0.044701986754966894
1 0.632093023255814 0.2566225165562914 0.023255813953488413 0.05960264900662254
1 0.6018604651162791 0.30215231788079466 0.03162790697674411 0.06456953642384106
1 0.6455813953488372 0.1357615894039735 0.020465116279069773 0.04304635761589404
1 0.6679069767441861 0.13741721854304637 0.020465116279069773 0.05298013245033113
1 0.6916279069767441 0.1423841059602649 0.021395348837209283 0.04635761589403975
