1 0.7784210526315789 0.2890995260663507 0.11894736842105258 0.19905213270142183
1 0.5284210526315789 0.21406003159557663 0.03157894736842104 0.05213270142180096
1 0.4626315789473684 0.21484992101105843 0.028421052631578958 0.050552922590837296
1 0.43894736842105264 0.25039494470774093 0.027368421052631597 0.04897314375987363
1 0.4052631578947368 0.28515007898894157 0.03157894736842104 0.048973143759873605
1 0.38631578947368417 0.31042654028436023 0.03578947368421054 0.07424960505529227
1 0.39526315789473687 0.2132701421800948 0.028421052631578958 0.04423380726698262
1 0.32210526315789473 0.34992101105845186 0.04421052631578948 0.08372827804107424
1 0.31526315789473686 0.2709320695102686 0.0368421052631579 0.061611374407582964
1 0.3131578947368421 0.20695102685624012 0.026315789473684237 0.05371248025276462
1 0.27052631578947367 0.22511848341232227 0.027368421052631597 0.042654028436018954
1 0.21947368421052632 0.29778830963665087 0.04105263157894737 0.07109004739336489
1 0.23736842105263156 0.37282780410742494 0.05368421052631578 0.09162717219589256
1 0.21789473684210525 0.26145339652448657 0.03578947368421051 0.05213270142180093
1 0.17789473684210527 0.29383886255924174 0.03789473684210526 0.060031595576619246
1 0.15263157894736842 0.25118483412322273 0.027368421052631597 0.050552922590837296
1 0.11578947368421053 0.34360189573459715 0.05052631578947368 0.07109004739336489
1 0.1394736842105263 0.42969984202211686 0.06421052631578947 0.11690363349131122
1 0.07789473684210527 0.25750394944707744 0.037894736842105266 0.05055292259083727
1 0.020526315789473684 0.23380726698262244 0.0368421052631579 0.05371248025276465
