1 0.16709346991037133 0.26785714285714285 0.032010243277848904 0.04910714285714288
1 0.2612035851472471 0.203125 0.023047375160051203 0.0357142857142857
1 0.29897567221510885 0.19308035714285715 0.014084507042253502 0.02901785714285715
1 0.3117797695262484 0.1875 0.016645326504481417 0.04017857142857145
1 0.4686299615877081 0.17745535714285715 0.02304737516005123 0.03348214285714285
1 0.5768245838668373 0.140625 0.0217669654289373 0.04017857142857144
1 0.56145966709347 0.26785714285714285 0.0217669654289373 0.053571428571428575
1 0.6133162612035852 0.2421875 0.025608194622279146 0.055803571428571425
1 0.6594110115236875 0.18080357142857145 0.015364916773367487 0.040178571428571425
1 0.6792573623559539 0.21316964285714285 0.016645326504481472 0.042410714285714274
1 0.6991037131882203 0.18973214285714285 0.017925736235595457 0.03125
1 0.706786171574904 0.25 0.020486555697823317 0.04464285714285712
1 0.7413572343149808 0.2801339285714286 0.020486555697823317 0.042410714285714246
1 0.7503201024327785 0.23883928571428573 0.020486555697823317 0.04464285714285715
