1 0.11979166666666666 0.5486577181208053 0.04727564102564101 0.11744966442953014
1 0.19951923076923078 0.2986577181208053 0.020833333333333343 0.05369127516778521
1 0.23036858974358976 0.2902684563758389 0.023237179487179488 0.05033557046979864
1 0.2684294871794872 0.24916107382550334 0.019230769230769218 0.04530201342281878
1 0.3064903846153846 0.24748322147651008 0.020032051282051266 0.04530201342281881
1 0.3080929487179487 0.21560402684563756 0.020032051282051266 0.03859060402684564
1 0.33052884615384615 0.2332214765100671 0.023237179487179516 0.04697986577181207
1 0.3513621794871795 0.21476510067114093 0.016826923076923073 0.043624161073825496
1 0.36458333333333337 0.20889261744966442 0.019230769230769218 0.04194630872483221
1 0.3886217948717948 0.24748322147651008 0.016025641025641024 0.04530201342281881
1 0.3717948717948718 0.27013422818791943 0.01762820512820512 0.04697986577181207
1 0.43830128205128205 0.3179530201342282 0.022435897435897467 0.05536912751677853
1 0.38982371794871795 0.19546979865771813 0.016826923076923073 0.03859060402684564
1 0.4326923076923077 0.19966442953020133 0.016025641025641024 0.040268456375838924
1 0.43830128205128205 0.17114093959731544 0.016025641025641024 0.040268456375838924
1 0.47115384615384615 0.2533557046979866 0.022435897435897467 0.05033557046979864
1 0.4935897435897436 0.2139261744966443 0.019230769230769218 0.04194630872483221
1 0.4807692307692307 0.17953020134228187 0.01762820512820512 0.043624161073825496
1 0.4671474358974359 0.18036912751677853 0.014423076923076927 0.04194630872483221
1 0.45552884615384615 0.17281879194630873 0.015224358974358976 0.03355704697986578
1 0.4939903846153846 0.15771812080536912 0.016826923076923073 0.03355704697986578
1 0.5192307692307692 0.17785234899328858 0.02083333333333337 0.04697986577181207
1 0.5504807692307692 0.2214765100671141 0.01602564102564108 0.04026845637583895
1 0.5612980769230769 0.1686241610738255 0.016826923076923017 0.04194630872483221
1 0.5532852564102564 0.14513422818791946 0.013621794871794934 0.031879194630872465
1 0.577724358974359 0.13842281879194632 0.014423076923076983 0.03523489932885905
1 0.5817307692307692 0.20889261744966442 0.017628205128205177 0.04530201342281878
1 0.5805288461538461 0.18120805369127516 0.015224358974359031 0.03691275167785235
1 0.5965544871794872 0.13590604026845637 0.01522435897435892 0.03691275167785235
1 0.608573717948718 0.162751677852349 0.016826923076923128 0.04026845637583895
1 0.6041666666666667 0.19379194630872482 0.014423076923076983 0.04194630872483221
1 0.6229967948717949 0.2063758389261745 0.016826923076923017 0.043624161073825496
1 0.657051282051282 0.18624161073825504 0.012820512820512775 0.03355704697986578
1 0.656650641025641 0.15184563758389263 0.013621794871794823 0.03859060402684564
1 0.6302083333333333 0.13842281879194632 0.01522435897435892 0.03523489932885905
1 0.6654647435897436 0.13842281879194632 0.013621794871794934 0.03187919463087248
1 0.6891025641025641 0.14429530201342283 0.014423076923076872 0.03355704697986575
1 0.7135416666666667 0.16191275167785235 0.016826923076923017 0.04194630872483224
1 0.6907051282051282 0.17785234899328858 0.01602564102564097 0.03691275167785235
1 0.6979166666666667 0.22651006711409394 0.019230769230769273 0.05369127516778524
1 0.6642628205128205 0.23741610738255034 0.024038461538461564 0.05536912751677853
1 0.6201923076923077 0.30369127516778527 0.02564102564102566 0.05369127516778521
1 0.5765224358974359 0.33640939597315433 0.03125 0.06208053691275167
1 0.6065705128205128 0.3884228187919463 0.028846153846153855 0.06543624161073824
1 0.6566506410256411 0.40604026845637586 0.03125 0.06375838926174499
1 0.7251602564102564 0.4035234899328859 0.03205128205128205 0.08221476510067116
1 0.7275641025641026 0.28859060402684567 0.024038461538461564 0.05369127516778521
1 0.7520032051282051 0.30369127516778527 0.02003205128205121 0.06040268456375836
1 0.7403846153846154 0.2424496644295302 0.019230769230769273 0.04194630872483218
1 0.7419871794871795 0.20469798657718122 0.02083333333333337 0.040268456375838924
1 0.7704326923076923 0.19379194630872482 0.016826923076923128 0.04530201342281878
1 0.780849358974359 0.21728187919463088 0.016826923076923017 0.04530201342281878
1 0.7884615384615385 0.2743288590604027 0.017628205128205177 0.05536912751677853
1 0.8141025641025641 0.3053691275167785 0.019230769230769162 0.05369127516778527
1 0.8189102564102564 0.23238255033557048 0.019230769230769273 0.04194630872483221
1 0.8084935897435898 0.1988255033557047 0.017628205128205066 0.052013422818791955
1 0.844150641025641 0.22399328859060402 0.01522435897435892 0.04865771812080538
1 0.8685897435897436 0.23741610738255034 0.01602564102564097 0.04194630872483224
1 0.8774038461538461 0.23154362416107382 0.012820512820512775 0.03355704697986578
1 0.8625801282051282 0.3447986577181208 0.018429487179487225 0.04865771812080538
1 0.8894230769230769 0.4052013422818792 0.02564102564102566 0.05536912751677853
1 0.8673878205128205 0.5 0.029647435897435903 0.08389261744966442
1 0.8040865384615384 0.43120805369127513 0.0328525641025641 0.08389261744966442
1 0.8866185897435898 0.28439597315436244 0.020032051282051322 0.052013422818791955
1 0.8986378205128205 0.2667785234899329 0.01522435897435892 0.043624161073825524
1 0.905448717948718 0.24161073825503354 0.014423076923076872 0.036912751677852323
1 0.9286858974358974 0.27348993288590606 0.01602564102564108 0.05033557046979867
1 0.9238782051282051 0.3464765100671141 0.017628205128205177 0.052013422818791955
1 0.9443108974358975 0.3884228187919463 0.023237179487179516 0.06208053691275167
1 0.9475160256410257 0.4790268456375839 0.023237179487179516 0.07214765100671139
1 0.9727564102564102 0.37164429530201337 0.017628205128205066 0.05536912751677853
1 0.9699519230769231 0.3313758389261745 0.016826923076923017 0.038590604026845665
1 0.984375 0.2751677852348994 0.016826923076923128 0.040268456375838924
1 0.9447115384615385 0.2558724832214765 0.017628205128205177 0.05536912751677853
