1 0.015500000000000002 0.43851351351351353 0.027000000000000003 0.09864864864864864
1 0.041999999999999996 0.40878378378378377 0.041999999999999996 0.07432432432432434
1 0.034 0.3777027027027027 0.030000000000000002 0.04999999999999999
1 0.053000000000000005 0.3689189189189189 0.026000000000000002 0.04864864864864865
1 0.0665 0.3932432432432432 0.023 0.040540540540540515
1 0.1175 0.39459459459459456 0.02700000000000001 0.04864864864864865
1 0.1275 0.41081081081081083 0.02500000000000001 0.043243243243243246
1 0.258 0.422972972972973 0.04600000000000004 0.05405405405405406
1 0.28900000000000003 0.40878378378378377 0.02999999999999997 0.04999999999999999
1 0.271 0.38716216216216215 0.023999999999999966 0.03378378378378377
1 0.3385 0.43108108108108106 0.04099999999999998 0.06486486486486487
1 0.4505 0.4891891891891892 0.065 0.10540540540540544
1 0.4245 0.41148648648648645 0.019000000000000017 0.0364864864864865
1 0.45 0.4195945945945946 0.02400000000000002 0.028378378378378366
1 0.48050000000000004 0.42702702702702705 0.02699999999999997 0.043243243243243246
1 0.4935 0.4033783783783784 0.015000000000000013 0.02567567567567569
1 0.517 0.43310810810810807 0.028000000000000025 0.04999999999999999
1 0.5115000000000001 0.4027027027027027 0.019000000000000017 0.02972972972972976
1 0.5525 0.44054054054054054 0.026999999999999913 0.04054054054054057
1 0.5605 0.41621621621621624 0.016999999999999904 0.032432432432432434
1 0.598 0.4614864864864865 0.03200000000000003 0.050000000000000044
1 0.602 0.4277027027027027 0.02400000000000002 0.03378378378378377
1 0.6535 0.45 0.02300000000000002 0.043243243243243246
1 0.6905 0.4817567567567568 0.03299999999999992 0.05270270270270272
1 0.694 0.4486486486486486 0.027999999999999914 0.03783783783783784
1 0.737 0.48243243243243245 0.040000000000000036 0.05405405405405406
1 0.7475 0.46283783783783783 0.031000000000000028 0.04999999999999999
1 0.859 0.5060810810810811 0.050000000000000044 0.07162162162162161
1 0.8485 0.475 0.039000000000000035 0.060810810810810745
1 0.9339999999999999 0.497972972972973 0.03799999999999992 0.060810810810810856
1 0.9735 0.5209459459459459 0.049000000000000044 0.09324324324324323
