1 0.026999999999999996 0.6586666666666667 0.049999999999999996 0.09599999999999997
1 0.08299999999999999 0.7066666666666667 0.094 0.1439999999999999
1 0.161 0.7026666666666667 0.066 0.09333333333333327
1 0.161 0.6586666666666666 0.04199999999999998 0.058666666666666645
1 0.184 0.6613333333333333 0.03999999999999998 0.06400000000000006
1 0.255 0.6626666666666666 0.04200000000000001 0.06666666666666665
1 0.28400000000000003 0.6639999999999999 0.06 0.10133333333333339
1 0.35 0.6453333333333333 0.035999999999999976 0.058666666666666645
1 0.383 0.6813333333333333 0.05399999999999999 0.07733333333333325
1 0.361 0.58 0.07800000000000001 0.1146666666666667
1 0.542 0.64 0.040000000000000036 0.06400000000000006
1 0.841 0.8520000000000001 0.278 0.2853333333333333
1 0.8320000000000001 0.6853333333333333 0.09999999999999998 0.10666666666666669
1 0.969 0.6826666666666668 0.05400000000000005 0.07999999999999996
1 0.959 0.6546666666666666 0.04200000000000004 0.06666666666666665
