1 0.23826714801444043 0.8518072289156626 0.26714801444043323 0.2867469879518072
1 0.733754512635379 0.6867469879518072 0.14981949458483745 0.20722891566265056
1 0.9413357400722022 0.7048192771084337 0.11732851985559567 0.26746987951807233
1 0.8880866425992779 0.4072289156626506 0.04693140794223827 0.07710843373493975
1 0.9422382671480145 0.3819277108433735 0.050541516245487306 0.06987951807228915
1 0.7283393501805054 0.363855421686747 0.07400722021660644 0.09638554216867473
1 0.6705776173285198 0.4 0.03790613718411551 0.04819277108433734
1 0.5866425992779783 0.36987951807228914 0.07220216606498187 0.09879518072289156
1 0.473826714801444 0.40602409638554215 0.052346570397111936 0.09879518072289156
1 0.4259927797833935 0.43373493975903615 0.0830324909747292 0.10120481927710845
1 0.34837545126353786 0.42289156626506025 0.05776173285198555 0.09397590361445785
1 0.38808664259927794 0.38313253012048193 0.03249097472924184 0.053012048192771055
1 0.30054151624548736 0.41566265060240964 0.045126353790613694 0.06024096385542166
1 0.18953068592057762 0.3674698795180723 0.054151624548736454 0.06987951807228915
1 0.15523465703971118 0.41807228915662653 0.09025270758122743 0.12771084337349398
1 0.09476534296028881 0.41686746987951806 0.048736462093862815 0.07228915662650603
1 0.05054151624548736 0.40602409638554215 0.061371841155234655 0.07951807228915664
