1 0.07056936647955092 0.5588235294117647 0.05934242181234964 0.1143790849673203
1 0.2558139534883721 0.23856209150326796 0.024057738572574205 0.05555555555555555
1 0.5990376904570971 0.11683006535947713 0.019246190858059342 0.03758169934640522
1 0.5805934242181234 0.125 0.017642341619887758 0.04084967320261439
1 0.5585404971932638 0.12581699346405228 0.02165196471531683 0.04575163398692811
1 0.5541299117882919 0.14705882352941177 0.016038492381716174 0.03594771241830064
1 0.5316760224538893 0.14705882352941177 0.016038492381716063 0.04575163398692811
1 0.4955894145950281 0.13480392156862744 0.017642341619887758 0.05065359477124182
1 0.44306335204490777 0.15441176470588236 0.01684041700080191 0.04084967320261437
1 0.458700882117081 0.14787581699346405 0.019246190858059342 0.037581699346405206
1 0.4767441860465116 0.16013071895424835 0.015236567762630326 0.04248366013071894
1 0.6323175621491579 0.11519607843137256 0.015236567762630382 0.05065359477124183
1 0.6503608660785887 0.12663398692810457 0.017642341619887758 0.037581699346405234
1 0.37409783480352843 0.17565359477124182 0.015236567762630326 0.04084967320261437
1 0.3151563753007217 0.19526143790849673 0.017642341619887703 0.0408496732026144
1 0.3067361668003208 0.23039215686274508 0.01684041700080191 0.052287581699346386
1 0.3356054530874098 0.21895424836601307 0.024859663191659997 0.04575163398692811
1 0.3536487570168404 0.2042483660130719 0.01603849238171612 0.04901960784313725
1 0.3937449879711307 0.17810457516339867 0.017642341619887758 0.035947712418300665
1 0.43223736968724935 0.18055555555555558 0.01603849238171612 0.037581699346405234
1 0.3692862870890137 0.255718954248366 0.01684041700080191 0.04738562091503268
1 0.4013632718524459 0.2222222222222222 0.015236567762630326 0.035947712418300665
1 0.5020048115477145 0.19117647058823528 0.019246190858059342 0.04248366013071894
1 0.47714514835605454 0.2238562091503268 0.019246190858059342 0.04901960784313725
1 0.5513231756214916 0.19444444444444445 0.016840417000801855 0.03594771241830064
1 0.5705693664795509 0.19362745098039216 0.016840417000801855 0.04411764705882354
1 0.6948676824378508 0.12418300653594772 0.015236567762630382 0.0326797385620915
1 0.6864474739374499 0.14052287581699346 0.020850040096231037 0.0522875816993464
1 0.7145148356054531 0.14787581699346405 0.01443464314354459 0.037581699346405206
1 0.4374498797113071 0.2965686274509804 0.02806736166800322 0.06045751633986929
1 0.5553327987169205 0.32434640522875813 0.01844426623897355 0.05065359477124182
1 0.615477145148356 0.18709150326797386 0.01844426623897344 0.04738562091503268
1 0.6575781876503609 0.1707516339869281 0.012830793905372895 0.02777777777777779
1 0.781074578989575 0.15931372549019607 0.014434643143544479 0.04084967320261437
1 0.7497995188452286 0.18055555555555558 0.014434643143544479 0.037581699346405234
1 0.7137129109863674 0.2034313725490196 0.017642341619887758 0.04738562091503268
1 0.6603849238171612 0.2426470588235294 0.023255813953488413 0.053921568627450955
1 0.6166800320769847 0.27450980392156865 0.020850040096230926 0.055555555555555525
1 0.6090617481956696 0.35784313725490197 0.02165196471531683 0.05555555555555558
1 0.6603849238171612 0.3897058823529412 0.02646351242983158 0.05392156862745101
1 0.723336006415397 0.38562091503267976 0.027265437048917374 0.065359477124183
1 0.7153167602245389 0.2679738562091503 0.027265437048917485 0.06209150326797386
1 0.8131515637530071 0.17973856209150327 0.017642341619887758 0.04248366013071897
1 0.7818765036086608 0.2042483660130719 0.019246190858059342 0.03594771241830064
1 0.7453889334402566 0.22794117647058823 0.02646351242983158 0.04738562091503268
1 0.7369687249398555 0.19526143790849673 0.019246190858059342 0.0408496732026144
1 0.7654370489174018 0.2728758169934641 0.01844426623897355 0.04248366013071897
1 0.7890938251804331 0.25816993464052285 0.019246190858059342 0.04575163398692811
1 0.8291900561347234 0.20751633986928103 0.020850040096230926 0.04575163398692808
1 0.8147554129911789 0.2818627450980392 0.019246190858059342 0.04738562091503268
1 0.871692060946271 0.2222222222222222 0.012830793905372895 0.0392156862745098
1 0.9053728949478749 0.2181372549019608 0.012830793905372895 0.04411764705882354
1 0.8640737770649558 0.32598039215686275 0.020048115477145134 0.05718954248366015
1 0.9506816359262229 0.22630718954248366 0.012028869286287103 0.0408496732026144
1 0.9899759422614274 0.25163398692810457 0.013632718524458687 0.04248366013071894
1 0.9226142742582197 0.3055555555555556 0.016840417000801855 0.05882352941176466
1 0.9558941459502807 0.3537581699346405 0.020850040096231037 0.05065359477124182
1 0.9775461106655974 0.28431372549019607 0.016038492381716174 0.03594771241830064
1 0.9558941459502807 0.4207516339869281 0.017642341619887647 0.06045751633986929
1 0.8861267040898155 0.37745098039215685 0.024057738572574205 0.05555555555555558
1 0.8648757016840417 0.4991830065359477 0.02967121090617475 0.08660130718954245
1 0.7854851643945469 0.4240196078431373 0.028067361668003277 0.08006535947712418
1 0.9017642341619887 0.2647058823529412 0.01844426623897355 0.04575163398692808
1 0.9346431435445068 0.25816993464052285 0.01844426623897355 0.04575163398692811
