1 0.18325 0.5491372843210802 0.1205 0.1935483870967742
1 0.211 0.4711177794448612 0.07800000000000001 0.12153038259564891
1 0.256 0.5150037509377344 0.06499999999999997 0.1072768192048012
1 0.3095 0.4204801200300075 0.05300000000000005 0.11777944486121528
1 0.3425 0.40922730682670666 0.025999999999999968 0.04576144036009
1 0.3725 0.42760690172543137 0.04300000000000004 0.08402100525131284
1 0.39449999999999996 0.42498124531132786 0.02799999999999997 0.0712678169542385
1 0.43474999999999997 0.42948237059264815 0.03650000000000003 0.05026256564141035
1 0.45999999999999996 0.3994748687171793 0.025999999999999968 0.05176294073518384
1 0.69375 0.42498124531132786 0.03049999999999997 0.05626406601650408
1 0.72 0.4099774943735934 0.030000000000000027 0.07276819204801199
1 0.7355 0.4298574643660915 0.03599999999999992 0.07201800450112528
1 0.767 0.418979744936234 0.04200000000000004 0.07876969242310577
1 0.8505 0.46399099774943736 0.07699999999999996 0.1282820705176294
