1 0.29307692307692307 0.65625 0.14615384615384616 0.26750000000000007
1 0.22384615384615386 0.5225 0.10615384615384618 0.185
1 0.14 0.48250000000000004 0.052307692307692305 0.10500000000000004
1 0.10307692307692307 0.44875 0.04615384615384614 0.09249999999999997
1 0.08461538461538462 0.39249999999999996 0.027692307692307697 0.04999999999999999
1 0.06615384615384615 0.40249999999999997 0.02461538461538461 0.04999999999999999
1 0.19692307692307692 0.40125 0.027692307692307683 0.04749999999999999
1 0.2369230769230769 0.38125 0.030769230769230743 0.05249999999999999
1 0.2776923076923077 0.39375 0.032307692307692315 0.05249999999999999
1 0.31461538461538463 0.3775 0.029230769230769227 0.050000000000000044
1 0.3823076923076923 0.43000000000000005 0.0476923076923077 0.065
1 0.4346153846153846 0.43625 0.0353846153846154 0.08249999999999996
1 0.4115384615384615 0.4 0.029230769230769227 0.044999999999999984
1 0.42000000000000004 0.36624999999999996 0.018461538461538474 0.03750000000000003
1 0.4392307692307692 0.38375000000000004 0.02307692307692305 0.04250000000000004
1 0.4876923076923077 0.39 0.021538461538461506 0.04999999999999999
1 0.5176923076923077 0.44875 0.05076923076923079 0.10749999999999993
1 0.5353846153846153 0.40125 0.040000000000000036 0.057499999999999996
1 0.5261538461538462 0.38 0.018461538461538418 0.03500000000000003
1 0.5607692307692307 0.39125 0.01692307692307693 0.04249999999999998
1 0.5776923076923077 0.38125 0.020000000000000018 0.04250000000000004
1 0.5892307692307692 0.41625 0.03076923076923077 0.0625
1 0.6215384615384616 0.495 0.06461538461538463 0.13000000000000006
1 0.63 0.41125 0.02923076923076917 0.04749999999999999
1 0.6146153846153846 0.32999999999999996 0.01692307692307693 0.034999999999999976
1 0.6746153846153846 0.32999999999999996 0.020000000000000018 0.044999999999999984
1 0.7092307692307692 0.40625 0.036923076923076836 0.057499999999999996
1 0.69 0.39875 0.019999999999999907 0.04249999999999998
1 0.6815384615384615 0.4 0.01538461538461533 0.034999999999999976
1 0.7776923076923077 0.515 0.08461538461538454 0.15999999999999998
1 0.7615384615384615 0.41625 0.027692307692307683 0.0625
1 0.7946153846153846 0.44125000000000003 0.041538461538461524 0.08249999999999996
1 0.813076923076923 0.42000000000000004 0.026153846153846083 0.05499999999999999
1 0.8392307692307692 0.34375 0.020000000000000018 0.05249999999999999
1 0.8453846153846154 0.43125 0.026153846153846194 0.05249999999999999
1 0.8653846153846154 0.45999999999999996 0.03230769230769226 0.08000000000000002
1 0.9253846153846155 0.4825 0.056923076923076965 0.08999999999999997
1 0.9046153846153846 0.4275 0.027692307692307683 0.05499999999999999
1 0.9299999999999999 0.43125 0.03538461538461546 0.0625
1 0.9261538461538461 0.355 0.021538461538461617 0.044999999999999984
1 0.9730769230769231 0.42625 0.026153846153846194 0.057499999999999996
1 0.9876923076923076 0.4625 0.024615384615384595 0.07
1 0.9530769230769232 0.3125 0.03230769230769226 0.06499999999999995
