1 0.184 0.38256227758007116 0.064 0.10320284697508897
1 0.267 0.3665480427046264 0.05399999999999999 0.11387900355871888
1 0.32599999999999996 0.33807829181494664 0.05199999999999999 0.08540925266903915
1 0.382 0.33274021352313166 0.064 0.10320284697508897
1 0.46399999999999997 0.32028469750889677 0.08000000000000002 0.1281138790035587
1 0.542 0.28113879003558717 0.05599999999999994 0.12811387900355872
1 0.593 0.30071174377224197 0.04600000000000004 0.12455516014234874
1 0.631 0.298932384341637 0.038000000000000034 0.09964412811387899
1 0.762 0.3274021352313167 0.06800000000000006 0.1637010676156584
1 0.815 0.3469750889679715 0.04599999999999993 0.09608540925266906
1 0.726 0.2686832740213523 0.052000000000000046 0.11743772241992884
