1 0.06333333333333334 0.22333333333333333 0.04333333333333334 0.05111111111111111
1 0.3025 0.19555555555555554 0.05499999999999999 0.06222222222222221
1 0.405 0.19333333333333333 0.04666666666666669 0.06666666666666665
1 0.0625 0.7088888888888889 0.08499999999999999 0.0888888888888889
1 0.04 0.8266666666666667 0.07666666666666667 0.1333333333333333
1 0.08 0.9366666666666666 0.1 0.11777777777777776
1 0.25083333333333335 0.7844444444444445 0.095 0.11555555555555552
1 0.24666666666666667 0.6488888888888888 0.07 0.08444444444444443
1 0.23333333333333334 0.5800000000000001 0.06333333333333335 0.07555555555555549
1 0.22999999999999998 0.5066666666666667 0.05000000000000002 0.05777777777777776
1 0.11666666666666667 0.5388888888888889 0.053333333333333344 0.07777777777777772
1 0.1525 0.508888888888889 0.04833333333333334 0.06666666666666671
1 0.28583333333333333 0.4811111111111111 0.04500000000000004 0.06444444444444442
1 0.3325 0.5800000000000001 0.0683333333333333 0.08444444444444443
1 0.385 0.47444444444444445 0.046666666666666634 0.06888888888888883
1 0.4525 0.6211111111111112 0.05833333333333335 0.07333333333333336
1 0.45166666666666666 0.5566666666666666 0.046666666666666634 0.06888888888888889
1 0.4125 0.71 0.07166666666666666 0.09999999999999998
1 0.6191666666666666 0.7955555555555556 0.09166666666666667 0.14222222222222225
1 0.6116666666666666 0.6788888888888889 0.07333333333333336 0.08666666666666667
1 0.5974999999999999 0.5922222222222222 0.05500000000000005 0.0822222222222222
1 0.5133333333333333 0.5022222222222222 0.036666666666666625 0.07111111111111112
1 0.5691666666666667 0.3877777777777778 0.05833333333333335 0.05555555555555558
1 0.6416666666666666 0.4066666666666666 0.046666666666666745 0.062222222222222234
1 0.6508333333333334 0.5533333333333333 0.04166666666666663 0.06666666666666665
1 0.8025 0.5933333333333333 0.06833333333333336 0.07999999999999996
1 0.7233333333333334 0.41666666666666663 0.04999999999999993 0.06
1 0.8558333333333333 0.40888888888888886 0.05166666666666675 0.07555555555555554
1 0.6766666666666667 0.5288888888888889 0.043333333333333335 0.07111111111111107
1 0.9208333333333334 0.6599999999999999 0.06500000000000006 0.08444444444444443
1 0.8174999999999999 0.6788888888888889 0.08166666666666667 0.11333333333333329
1 0.9541666666666666 0.45 0.06500000000000006 0.0822222222222222
1 0.9683333333333333 0.18222222222222223 0.06333333333333335 0.09333333333333332
1 0.9608333333333333 0.9111111111111112 0.07833333333333337 0.16000000000000003
