1 0.24422442244224424 0.4682352941176471 0.06270627062706272 0.11764705882352944
1 0.2953795379537954 0.6670588235294117 0.09900990099009901 0.17647058823529405
1 0.24917491749174916 0.6376470588235295 0.06600660066006597 0.11294117647058821
1 0.4694719471947195 0.6552941176470588 0.0676567656765677 0.14823529411764702
1 0.504950495049505 0.6152941176470588 0.04290429042904287 0.08705882352941174
1 0.5585808580858086 0.6176470588235294 0.054455445544554504 0.0776470588235294
1 0.6303630363036303 0.6423529411764706 0.05610561056105612 0.11294117647058821
1 0.6724422442244224 0.6411764705882352 0.06105610561056096 0.13882352941176468
1 0.7384488448844884 0.6458823529411765 0.10396039603960394 0.19058823529411772
1 0.8498349834983498 0.6211764705882352 0.0726072607260726 0.09882352941176464
1 0.9207920792079207 0.6164705882352941 0.03960396039603953 0.0894117647058823
1 0.9620462046204621 0.6541176470588235 0.07590759075907594 0.12235294117647066
