1 0.03728070175438597 0.3369140625 0.04605263157894737 0.080078125
1 0.07949561403508772 0.388671875 0.0493421052631579 0.09765625
1 0.19846491228070176 0.3740234375 0.03508771929824561 0.068359375
1 0.22478070175438597 0.4609375 0.05263157894736839 0.10546875
1 0.24232456140350878 0.3095703125 0.030701754385964897 0.068359375
1 0.29605263157894735 0.29296875 0.024122807017543824 0.0546875
1 0.31853070175438597 0.3447265625 0.027412280701754388 0.052734375
1 0.3508771929824561 0.3759765625 0.04385964912280699 0.076171875
1 0.3760964912280702 0.458984375 0.06798245614035087 0.12109375
1 0.4029605263157895 0.3525390625 0.03399122807017546 0.068359375
1 0.4276315789473684 0.3125 0.02631578947368418 0.05859375
1 0.45614035087719296 0.3828125 0.0460526315789474 0.078125
1 0.5433114035087719 0.37109375 0.04495614035087714 0.078125
1 0.5723684210526316 0.322265625 0.030701754385965008 0.0625
1 0.6233552631578947 0.283203125 0.0296052631578948 0.0546875
1 0.6408991228070176 0.353515625 0.05372807017543857 0.1171875
1 0.6255482456140351 0.47265625 0.08223684210526316 0.16015625
1 0.7483552631578947 0.38671875 0.0603070175438597 0.1171875
1 0.9462719298245614 0.2451171875 0.037280701754385914 0.080078125
