1 0.11458333333333334 0.5893416927899686 0.06666666666666667 0.09404388714733536
1 0.06874999999999999 0.5454545454545454 0.04583333333333333 0.06896551724137934
1 0.06041666666666667 0.49843260188087773 0.03333333333333334 0.050156739811912154
1 0.03958333333333333 0.48589341692789967 0.029166666666666667 0.05015673981191221
1 0.014583333333333334 0.5172413793103449 0.025 0.06896551724137928
1 0.11354166666666668 0.4655172413793104 0.031250000000000014 0.05329153605015674
1 0.128125 0.5062695924764891 0.031249999999999986 0.05329153605015674
1 0.16041666666666665 0.5297805642633229 0.04583333333333331 0.06896551724137928
1 0.15520833333333334 0.47492163009404387 0.03125 0.040752351097178674
1 0.21354166666666669 0.49843260188087773 0.03958333333333333 0.06269592476489028
1 0.20520833333333333 0.45297805642633227 0.03125 0.04702194357366768
1 0.26145833333333335 0.5423197492163009 0.05625000000000002 0.08777429467084635
1 0.25104166666666666 0.6332288401253918 0.07291666666666666 0.12539184952978055
1 0.25104166666666666 0.4670846394984326 0.027083333333333348 0.043887147335423204
1 0.2625 0.44357366771159873 0.025000000000000022 0.040752351097178674
1 0.3020833333333333 0.45768025078369906 0.033333333333333326 0.043887147335423204
1 0.3197916666666667 0.45297805642633227 0.02291666666666664 0.04075235109717873
1 0.35 0.5062695924764891 0.041666666666666685 0.07210031347962387
1 0.37604166666666666 0.5830721003134796 0.05208333333333337 0.10031347962382442
1 0.359375 0.44670846394984326 0.027083333333333348 0.047021943573667735
1 0.37604166666666666 0.47648902821316613 0.027083333333333348 0.043887147335423204
1 0.4135416666666667 0.47335423197492166 0.027083333333333293 0.04388714733542315
1 0.440625 0.4780564263322884 0.027083333333333348 0.053291536050156685
1 0.45625 0.44984326018808773 0.029166666666666674 0.05329153605015674
1 0.48020833333333335 0.46238244514106586 0.027083333333333348 0.0595611285266458
1 0.47916666666666663 0.5344827586206897 0.04999999999999999 0.08463949843260188
1 0.5322916666666666 0.49686520376175547 0.039583333333333415 0.059561128526645746
1 0.5385416666666667 0.4592476489028213 0.022916666666666696 0.047021943573667735
1 0.5833333333333333 0.47178683385579934 0.03749999999999998 0.059561128526645746
1 0.6364583333333333 0.4905956112852664 0.043749999999999956 0.07210031347962381
1 0.6197916666666666 0.4702194357366771 0.03125 0.05015673981191221
1 0.678125 0.47962382445141066 0.03541666666666665 0.06896551724137934
1 0.8614583333333333 0.322884012539185 0.11458333333333326 0.18181818181818182
