1 0.09326923076923077 0.5371794871794872 0.09423076923076923 0.12051282051282047
1 0.049038461538461545 0.41538461538461535 0.04807692307692308 0.06666666666666671
1 0.12307692307692307 0.4230769230769231 0.042307692307692296 0.06153846153846154
1 0.16923076923076924 0.441025641025641 0.05769230769230768 0.07692307692307693
1 0.12884615384615383 0.3730769230769231 0.02692307692307691 0.033333333333333326
1 0.4740384615384615 0.3205128205128205 0.024999999999999967 0.035897435897435936
1 0.44326923076923075 0.3076923076923077 0.0173076923076923 0.03076923076923077
1 0.3778846153846154 0.4064102564102564 0.028846153846153855 0.033333333333333326
1 0.3625 0.36923076923076925 0.025000000000000022 0.035897435897435936
1 0.4355769230769231 0.4294871794871795 0.04038461538461535 0.05897435897435893
1 0.4865384615384615 0.4641025641025641 0.05384615384615382 0.07692307692307693
1 0.5615384615384615 0.4256410256410256 0.04230769230769238 0.06666666666666665
1 0.523076923076923 0.3589743589743589 0.0346153846153846 0.046153846153846156
1 0.5990384615384616 0.37564102564102564 0.028846153846153855 0.038461538461538436
1 0.5432692307692308 0.5512820512820513 0.07115384615384623 0.08205128205128209
1 0.6028846153846155 0.7769230769230768 0.14038461538461544 0.16410256410256407
1 0.7682692307692308 0.5474358974358975 0.06730769230769229 0.08974358974358976
1 0.6317307692307692 0.4602564102564103 0.05192307692307696 0.06923076923076926
1 0.6605769230769232 0.38974358974358975 0.028846153846153855 0.04102564102564099
1 0.6375 0.34487179487179487 0.028846153846153855 0.033333333333333326
1 0.6971153846153846 0.4025641025641026 0.03653846153846152 0.041025641025641046
1 0.6961538461538461 0.358974358974359 0.023076923076923106 0.03589743589743588
1 0.7317307692307693 0.358974358974359 0.025000000000000022 0.02564102564102566
1 0.7749999999999999 0.38461538461538464 0.03076923076923077 0.03076923076923077
1 0.8740384615384615 0.3717948717948718 0.03269230769230769 0.046153846153846156
1 0.8298076923076922 0.3974358974358974 0.028846153846153855 0.03076923076923077
1 0.925 0.38076923076923075 0.03076923076923077 0.03846153846153849
1 0.8240384615384615 0.482051282051282 0.04038461538461535 0.056410256410256376
1 0.9375 0.5243589743589744 0.09038461538461529 0.1307692307692308
