1 0.1756120527306968 0.47587354409317806 0.03860640301318269 0.08319467554076537
1 0.2523540489642184 0.2545757071547421 0.01694915254237289 0.03660565723793674
1 0.2688323917137476 0.26206322795341097 0.019774011299435068 0.041597337770382714
1 0.2937853107344633 0.2637271214642263 0.01883239171374762 0.0382695507487521
1 0.3060263653483992 0.28535773710482526 0.02071563088512246 0.03494176372712149
1 0.3206214689265537 0.22462562396006658 0.019774011299435013 0.029950083194675542
1 0.3479284369114878 0.2054908485856905 0.0160075329566855 0.03494176372712146
1 0.3540489642184558 0.2279534109816972 0.018832391713747676 0.033277870216306155
1 0.3568738229755179 0.26039933444259566 0.024482109227871973 0.03494176372712143
1 0.3851224105461394 0.259567387687188 0.020715630885122405 0.03660565723793674
1 0.38700564971751417 0.18635607321131448 0.015065913370998107 0.033277870216306155
1 0.3921845574387947 0.21630615640599002 0.019774011299435013 0.036605657237936795
1 0.4034839924670433 0.20049916805324458 0.019774011299435013 0.03161397670549085
1 0.4213747645951036 0.24625623960066556 0.021657250470809797 0.046589018302828605
1 0.4354990583804143 0.19883527454242927 0.019774011299435013 0.038269550748752074
1 0.4463276836158192 0.17637271214642264 0.016949152542372836 0.029950083194675542
1 0.45291902071563084 0.151414309484193 0.015065913370998107 0.02662229617304493
1 0.4580979284369115 0.21797004991680533 0.01789077212806023 0.03993344425956741
1 0.4783427495291902 0.2279534109816972 0.01883239171374762 0.03993344425956738
1 0.49340866290018837 0.20133111480865223 0.018832391713747676 0.03660565723793677
1 0.4811676082862524 0.1896838602329451 0.013182674199623323 0.029950083194675542
1 0.4887005649717514 0.16389351081530784 0.01694915254237289 0.028286189683860236
1 0.4985875706214689 0.129783693843594 0.01412429378531066 0.026622296173044943
1 0.5188323917137476 0.16722129783693845 0.01883239171374762 0.03161397670549085
1 0.5348399246704332 0.16722129783693845 0.015065913370998163 0.038269550748752074
1 0.5230696798493408 0.20465890183028285 0.019774011299435013 0.03993344425956738
1 0.506120527306968 0.15557404326123128 0.016007532956685555 0.024958402662229595
1 0.5560263653483992 0.14559068219633942 0.010357815442561202 0.024958402662229623
1 0.551789077212806 0.129783693843594 0.011299435028248594 0.023294509151414317
1 0.5753295668549906 0.17138103161397672 0.016949152542372836 0.033277870216306155
1 0.5833333333333334 0.1314475873544093 0.012241054613935987 0.02662229617304493
1 0.5955743879472692 0.14143094841930115 0.016007532956685444 0.033277870216306155
1 0.6101694915254237 0.12479201331114809 0.015065913370998163 0.03327787021630617
1 0.6181732580037664 0.14309484193011646 0.012241054613935987 0.029950083194675542
1 0.6318267419962336 0.12146422628951747 0.013182674199623379 0.026622296173044915
1 0.6445386064030132 0.12229617304492513 0.016007532956685555 0.031613976705490834
1 0.6657250470809792 0.12146422628951747 0.011299435028248594 0.029950083194675528
1 0.5560263653483992 0.25374376039933444 0.025423728813559365 0.04825291181364391
1 0.5193032015065913 0.2936772046589018 0.025423728813559365 0.054908485856905165
1 0.5409604519774012 0.31281198003327787 0.03295668549905839 0.06322795341098175
1 0.6059322033898304 0.33028286189683864 0.03295668549905828 0.05823627287853578
1 0.6191148775894539 0.24875207986688852 0.02730696798493415 0.051580698835274524
1 0.6106403013182675 0.2221297836938436 0.021657250470809797 0.04492512479201333
1 0.6704331450094162 0.2146422628951747 0.020715630885122405 0.04658901830282863
1 0.6563088512241054 0.26206322795341097 0.024482109227871973 0.06156405990016642
1 0.658662900188324 0.1896838602329451 0.01789077212806023 0.036605657237936795
1 0.6906779661016949 0.17470881863560733 0.016007532956685444 0.03993344425956738
1 0.6944444444444444 0.14725457570715472 0.016007532956685555 0.03161397670549085
1 0.7090395480225988 0.151414309484193 0.013182674199623379 0.033277870216306155
1 0.728813559322034 0.16222961730449253 0.015065913370998163 0.041597337770382686
1 0.737758945386064 0.14559068219633942 0.016007532956685555 0.03494176372712146
1 0.75 0.13394342762063227 0.016007532956685555 0.034941763727121475
1 0.765065913370998 0.13061564059900166 0.01412429378531066 0.034941763727121475
1 0.7674199623352166 0.16139767054908488 0.01883239171374762 0.033277870216306155
1 0.7156308851224106 0.2054908485856905 0.02259887005649719 0.051580698835274524
1 0.7565913370998116 0.23211314475873543 0.02730696798493415 0.06156405990016639
1 0.7170433145009416 0.28535773710482526 0.02730696798493404 0.05158069883527455
1 0.771186440677966 0.2920133111480865 0.02824858757062143 0.05823627287853578
1 0.774482109227872 0.2021630615640599 0.021657250470809797 0.04825291181364391
1 0.7937853107344632 0.1389351081530782 0.016949152542372947 0.038269550748752074
1 0.8069679849340866 0.17054908485856907 0.016949152542372836 0.04825291181364391
1 0.8479284369114877 0.13643926788685523 0.019774011299435013 0.03660565723793677
1 0.8206214689265536 0.2279534109816972 0.02354048964218458 0.046589018302828605
1 0.8573446327683616 0.2512479201331115 0.02730696798493404 0.04326123128119799
1 0.8375706214689266 0.32445923460898507 0.02730696798493404 0.0632279534109817
1 0.916195856873823 0.2420965058236273 0.024482109227871973 0.05490848585690514
1 0.9364406779661016 0.2628951747088186 0.025423728813559365 0.06322795341098172
1 0.8950094161958568 0.20465890183028285 0.019774011299435013 0.04326123128119799
1 0.8794726930320151 0.1913477537437604 0.016949152542372947 0.03660565723793677
1 0.8742937853107344 0.16222961730449253 0.01412429378531077 0.03494176372712146
1 0.8926553672316384 0.15806988352745424 0.013182674199623268 0.036605657237936795
1 0.8469868173258004 0.19384359400998336 0.01789077212806034 0.03494176372712146
