1 0.4355 0.22898032200357782 0.019000000000000017 0.03220035778175312
1 0.46599999999999997 0.24060822898032203 0.01799999999999996 0.030411449016100184
1 0.5945 0.11627906976744187 0.019000000000000017 0.050089445438282656
1 0.6859999999999999 0.1332737030411449 0.017999999999999905 0.04830053667262971
1 0.6214999999999999 0.1923076923076923 0.02300000000000002 0.04472271914132378
1 0.6265000000000001 0.22540250447227192 0.027000000000000024 0.035778175313059046
1 0.679 0.2039355992844365 0.019999999999999907 0.042933810375670844
1 0.7244999999999999 0.3014311270125224 0.02300000000000002 0.05545617173524148
1 0.8135 0.2558139534883721 0.02299999999999991 0.05008944543828264
1 0.843 0.22898032200357782 0.02200000000000002 0.05008944543828264
1 0.8445 0.2951699463327371 0.029000000000000026 0.07513416815742396
1 0.8614999999999999 0.2647584973166368 0.02100000000000002 0.03935599284436492
1 0.9175 0.3211091234347049 0.03300000000000003 0.07692307692307693
1 0.9490000000000001 0.30590339892665475 0.03399999999999992 0.10375670840787121
1 0.9815 0.3550983899821109 0.03700000000000003 0.09838998211091232
