1 0.763 0.4425981873111783 0.030000000000000027 0.05135951661631416
1 0.33899999999999997 0.5725075528700907 0.04199999999999998 0.06948640483383695
1 0.41500000000000004 0.5649546827794563 0.04199999999999998 0.06042296072507558
1 0.483 0.56797583081571 0.033999999999999975 0.05438066465256797
1 0.537 0.5483383685800605 0.03400000000000003 0.051359516616314216
1 0.582 0.5347432024169185 0.028000000000000025 0.04229607250755285
1 0.631 0.5166163141993958 0.026000000000000023 0.04229607250755285
1 0.547 0.5151057401812689 0.018000000000000016 0.03323262839879154
1 0.506 0.5332326283987916 0.020000000000000018 0.033232628398791486
1 0.49 0.5075528700906344 0.020000000000000018 0.030211480362537735
1 0.485 0.49395770392749244 0.018000000000000016 0.027190332326283984
1 0.439 0.4607250755287009 0.018000000000000016 0.021148036253776425
1 0.46599999999999997 0.5090634441087614 0.019999999999999962 0.027190332326283984
1 0.45999999999999996 0.5332326283987916 0.019999999999999962 0.027190332326283984
1 0.454 0.5030211480362539 0.016000000000000014 0.02114803625377648
1 0.432 0.5196374622356495 0.016000000000000014 0.030211480362537735
1 0.429 0.4954682779456193 0.014000000000000012 0.024169184290030177
1 0.417 0.5347432024169184 0.018000000000000016 0.030211480362537735
1 0.376 0.5287009063444109 0.016000000000000014 0.030211480362537735
1 0.397 0.5120845921450151 0.018000000000000016 0.027190332326283928
1 0.369 0.5015105740181269 0.014000000000000012 0.024169184290030288
1 0.359 0.5422960725075529 0.02200000000000002 0.0453172205438066
1 0.352 0.5120845921450151 0.016000000000000014 0.027190332326283928
1 0.33799999999999997 0.5045317220543807 0.01599999999999996 0.03021148036253779
1 0.322 0.5075528700906344 0.016000000000000014 0.024169184290030232
1 0.319 0.5362537764350452 0.02200000000000002 0.033232628398791486
1 0.306 0.5196374622356495 0.020000000000000018 0.03625377643504524
1 0.262 0.56797583081571 0.03600000000000003 0.05438066465256797
1 0.247 0.5377643504531722 0.02200000000000002 0.030211480362537735
1 0.276 0.5181268882175227 0.011999999999999955 0.027190332326283984
1 0.255 0.5166163141993958 0.02200000000000002 0.030211480362537735
1 0.22699999999999998 0.5196374622356495 0.017999999999999988 0.030211480362537735
1 0.20800000000000002 0.5135951661631419 0.015999999999999986 0.02416918429003012
1 0.15899999999999997 0.5468277945619335 0.03 0.04229607250755296
1 0.177 0.5317220543806647 0.021999999999999992 0.04229607250755285
1 0.15100000000000002 0.5151057401812689 0.021999999999999992 0.03323262839879154
1 0.086 0.5211480362537764 0.024000000000000007 0.033232628398791486
