1 0.05973101265822785 0.3256624825662483 0.018196202531645576 0.03486750348675033
1 0.08148734177215189 0.33333333333333337 0.017405063291139236 0.03068340306834033
1 0.1740506329113924 0.4888423988842399 0.04746835443037975 0.0767085076708508
1 0.3223892405063291 0.2684797768479777 0.019778481012658222 0.037656903765690336
1 0.36669303797468356 0.2663877266387727 0.019778481012658222 0.03905160390516041
1 0.4224683544303798 0.2196652719665272 0.01582278481012661 0.029288702928870286
1 0.4465981012658228 0.23709902370990238 0.019778481012658222 0.03347280334728034
1 0.4252373417721519 0.27475592747559274 0.02610759493670889 0.04463040446304045
1 0.4802215189873418 0.32078103207810316 0.03322784810126583 0.06136680613668061
1 0.5348101265822784 0.3647140864714087 0.026898734177215222 0.043235704323570434
1 0.7084651898734178 0.1513249651324965 0.018196202531645667 0.034867503486750356
1 0.7412974683544304 0.15829846582984658 0.017405063291139222 0.03207810320781032
1 0.8769778481012658 0.22315202231520223 0.016613924050633 0.04184100418410042
