1 0.3159851301115242 0.24252491694352157 0.014869888475836424 0.03654485049833886
1 0.32620817843866173 0.23421926910299 0.016728624535315983 0.033222591362126214
1 0.3466542750929368 0.23338870431893688 0.020446096654275103 0.03488372093023254
1 0.3564126394052045 0.26993355481727577 0.026951672862453535 0.04152823920265783
1 0.3912639405204461 0.28239202657807305 0.024163568773234223 0.0564784053156146
1 0.37825278810408924 0.24501661129568109 0.020446096654275048 0.03820598006644518
1 0.3828996282527881 0.2026578073089701 0.018587360594795543 0.03654485049833889
1 0.40427509293680297 0.2026578073089701 0.018587360594795543 0.03986710963455148
1 0.44191449814126393 0.18936877076411962 0.01579925650557623 0.03654485049833886
1 0.4591078066914498 0.24335548172757476 0.024163568773234168 0.05149501661129566
1 0.46003717472118955 0.20681063122923588 0.014869888475836424 0.03156146179401992
1 0.4800185873605948 0.20099667774086377 0.019516728624535296 0.039867109634551506
1 0.4893122676579926 0.15946843853820597 0.017657992565055736 0.03654485049833886
1 0.5195167286245352 0.1744186046511628 0.020446096654275103 0.03654485049833889
1 0.5450743494423791 0.1661129568106312 0.021375464684014855 0.03654485049833886
1 0.5836431226765799 0.16943521594684385 0.018587360594795488 0.03986710963455148
1 0.5757434944237918 0.13538205980066445 0.01579925650557623 0.02491694352159468
1 0.6445167286245354 0.06893687707641197 0.01579925650557623 0.03156146179401993
1 0.49674721189591076 0.2990033222591362 0.02695167286245348 0.0564784053156146
1 0.5645910780669146 0.292358803986711 0.0306691449814126 0.0564784053156146
1 0.5975836431226766 0.3230897009966778 0.027881040892193343 0.06478405315614616
1 0.6222118959107807 0.25664451827242524 0.02695167286245359 0.054817275747508276
1 0.6194237918215613 0.21096345514950166 0.021375464684014855 0.043189368770764125
1 0.6482342007434945 0.18272425249169436 0.021375464684014855 0.043189368770764125
1 0.6505576208178439 0.27325581395348836 0.026022304832713727 0.06478405315614619
1 0.6821561338289963 0.19019933554817275 0.0185873605947956 0.0415282392026578
1 0.6886617100371747 0.16362126245847175 0.016728624535315983 0.03488372093023254
1 0.6984200743494424 0.23172757475083056 0.021375464684014855 0.05149501661129571
1 0.7100371747211895 0.2807308970099668 0.02602230483271384 0.056478405315614655
1 0.724907063197026 0.20182724252491696 0.024163568773234223 0.04817275747508307
1 0.7490706319702602 0.2308970099667774 0.026022304832713727 0.0564784053156146
1 0.7648698884758365 0.16777408637873753 0.020446096654275103 0.046511627906976744
1 0.7774163568773234 0.2740863787375415 0.028810408921933095 0.059800664451827246
1 0.8345724907063197 0.3272425249169435 0.026022304832713727 0.06644518272425248
1 0.8550185873605949 0.2674418604651163 0.022304832713754608 0.0564784053156146
1 0.9019516728624535 0.24501661129568109 0.02323420074349436 0.05813953488372095
1 0.925185873605948 0.25166112956810627 0.01951672862453524 0.04817275747508304
