1 0.11806883365200765 0.2972972972972973 0.020076481835564056 0.03716216216216217
1 0.2294455066921606 0.1891891891891892 0.01912045889101338 0.0304054054054054
1 0.1630019120458891 0.23733108108108109 0.0124282982791587 0.028716216216216228
1 0.3618546845124283 0.17820945945945946 0.016252390057361343 0.03547297297297297
1 0.3924474187380497 0.2576013513513513 0.02198852772466542 0.03547297297297297
1 0.4144359464627151 0.1545608108108108 0.0124282982791587 0.0287162162162162
1 0.4550669216061185 0.21959459459459457 0.01720841300191206 0.04054054054054054
1 0.4823135755258126 0.31503378378378377 0.02581261950286806 0.05236486486486486
1 0.5334608030592735 0.3201013513513513 0.0248565965583174 0.05236486486486486
1 0.6032504780114722 0.2516891891891892 0.021032504780114758 0.04391891891891889
1 0.6175908221797324 0.0945945945945946 0.015296367112810683 0.03716216216216216
1 0.5807839388145315 0.11824324324324323 0.0124282982791587 0.027027027027027015
1 0.5296367112810707 0.13513513513513514 0.01147227533460804 0.0304054054054054
1 0.5607074569789675 0.125 0.016252390057361454 0.030405405405405414
1 0.6716061185468452 0.18327702702702703 0.02390057361376674 0.05236486486486486
1 0.6625239005736138 0.30405405405405406 0.026768642447418722 0.060810810810810856
1 0.7753346080305927 0.2609797297297297 0.02294455066921608 0.05574324324324326
1 0.7992351816443595 0.2981418918918919 0.02294455066921608 0.05236486486486486
1 0.8919694072657744 0.13935810810810811 0.019120458891013326 0.04222972972972973
1 0.9177820267686425 0.14780405405405406 0.009560229445506718 0.02533783783783783
1 0.8972275334608031 0.28716216216216217 0.02198852772466542 0.05067567567567566
