1 0.08499999999999999 0.47148288973384034 0.118 0.25855513307984795
1 0.2 0.3612167300380228 0.07999999999999999 0.19011406844106465
1 0.16799999999999998 0.2870722433460076 0.07599999999999998 0.13307984790874527
1 0.242 0.2965779467680608 0.060000000000000026 0.12927756653992392
1 0.376 0.30228136882129275 0.04800000000000004 0.0950570342205323
1 0.477 0.30038022813688214 0.03799999999999998 0.09125475285171103
1 0.613 0.32129277566539927 0.04200000000000004 0.0950570342205323
1 0.72 0.3479087452471483 0.04800000000000004 0.12547528517110268
1 0.763 0.2832699619771863 0.03400000000000003 0.07984790874524714
1 0.779 0.35361216730038025 0.062000000000000055 0.13688212927756654
1 0.878 0.33840304182509506 0.05600000000000005 0.11406844106463876
1 0.917 0.43916349809885935 0.08599999999999997 0.1711026615969582
1 0.967 0.3688212927756654 0.05400000000000005 0.11406844106463876
