1 0.4319852941176471 0.2056910569105691 0.022058823529411742 0.04715447154471544
1 0.46277573529411764 0.20650406504065041 0.02113970588235292 0.04552845528455285
1 0.6125919117647058 0.1146341463414634 0.01746323529411764 0.03739837398373984
1 0.6548713235294117 0.1252032520325203 0.01378676470588236 0.032520325203252015
1 0.6259191176470589 0.14715447154471545 0.016544117647058765 0.027642276422764234
1 0.6649816176470589 0.14715447154471545 0.015625 0.024390243902439046
1 0.7559742647058824 0.15040650406504064 0.015625 0.03089430894308945
1 0.7720588235294117 0.15284552845528454 0.016544117647058765 0.032520325203252015
1 0.8727022058823529 0.19105691056910568 0.015625 0.03414634146341464
1 0.9439338235294117 0.1943089430894309 0.016544117647058765 0.03739837398373985
1 0.8956801470588236 0.22357723577235772 0.01746323529411764 0.04065040650406504
1 0.8947610294117647 0.2528455284552846 0.01930147058823528 0.04065040650406507
1 0.9223345588235294 0.26097560975609757 0.02113970588235292 0.04715447154471544
1 0.8285845588235294 0.26260162601626014 0.02113970588235292 0.053658536585365846
