1 0.06845238095238096 0.5618386243386243 0.12251984126984128 0.1904761904761904
1 0.09474206349206349 0.43617724867724866 0.08035714285714285 0.12301587301587302
1 0.2507440476190476 0.5472883597883598 0.11706349206349206 0.15145502645502645
1 0.2508680555555556 0.4312169312169312 0.07812500000000003 0.0892857142857143
1 0.3244047619047619 0.42146164021164023 0.06597222222222221 0.09623015873015872
1 0.4165426587301587 0.49470899470899465 0.09250992063492064 0.13624338624338622
1 0.5111607142857143 0.4517195767195767 0.07738095238095238 0.12037037037037035
1 0.41381448412698413 0.4001322751322751 0.06175595238095233 0.08730158730158732
1 0.36656746031746035 0.3619378306878307 0.05704365079365076 0.08101851851851849
1 0.4600694444444444 0.3540013227513228 0.03224206349206349 0.05125661375661378
1 0.5111607142857143 0.33548280423280424 0.027777777777777735 0.04596560846560849
1 0.556671626984127 0.36044973544973546 0.03298611111111116 0.05026455026455029
1 0.6168154761904762 0.4652777777777778 0.05555555555555558 0.0932539682539682
1 0.6723710317460317 0.45353835978835977 0.05109126984126977 0.09226190476190477
1 0.6475694444444444 0.37648809523809523 0.04365079365079361 0.06845238095238093
1 0.6803075396825398 0.37351190476190477 0.024801587301587324 0.04993386243386244
1 0.6010664682539683 0.35896164021164023 0.02852182539682535 0.03935185185185186
1 0.6197916666666667 0.3609457671957672 0.017857142857142905 0.03736772486772488
1 0.17410714285714285 0.3698743386243386 0.04067460317460317 0.07506613756613756
1 0.21999007936507936 0.3759920634920635 0.057043650793650785 0.09325396825396826
1 0.28149801587301587 0.3708664021164021 0.05109126984126988 0.07308201058201058
1 0.3792162698412699 0.2681878306878307 0.04216269841269843 0.06216931216931215
1 0.31274801587301587 0.3182870370370371 0.02182539682539686 0.036044973544973546
1 0.29315476190476186 0.3073743386243386 0.018849206349206338 0.04199735449735448
1 0.2767857142857143 0.3073743386243386 0.018849206349206338 0.038029100529100524
1 0.25384424603174605 0.3118386243386243 0.027033730158730146 0.042989417989417966
1 0.23127480158730157 0.296957671957672 0.019593253968253982 0.031084656084656104
1 0.21242559523809523 0.28720238095238093 0.021081349206349215 0.030092592592592615
1 0.1943204365079365 0.2962962962962963 0.02554563492063494 0.04034391534391535
1 0.17447916666666669 0.3189484126984127 0.04290674603174602 0.053240740740740755
1 0.13913690476190477 0.25363756613756616 0.0322420634920635 0.04497354497354494
1 0.16468253968253968 0.27232142857142855 0.017361111111111105 0.02215608465608465
1 0.08320932539682539 0.36755952380952384 0.06175595238095238 0.08829365079365076
1 0.01736111111111111 0.296792328042328 0.03224206349206349 0.05720899470899471
1 0.01215277777777778 0.3338293650793651 0.021825396825396828 0.06117724867724866
1 0.051215277777777776 0.2447089947089947 0.031001984126984128 0.03902116402116404
1 0.010292658730158732 0.25363756613756616 0.018105158730158732 0.037037037037037035
1 0.09188988095238096 0.3214285714285714 0.044394841269841265 0.0582010582010582
1 0.09250992063492064 0.2923280423280423 0.0367063492063492 0.0443121693121693
1 0.7284226190476191 0.3935185185185185 0.03373015873015872 0.05224867724867727
1 0.7250744047619048 0.3548280423280423 0.025545634920634885 0.037037037037037035
1 0.7678571428571428 0.38756613756613756 0.04067460317460314 0.060185185185185175
1 0.7991071428571429 0.3959986772486772 0.03224206349206349 0.059193121693121686
1 0.8231646825396826 0.3890542328042328 0.02777777777777779 0.059193121693121686
1 0.8498263888888888 0.3804563492063492 0.021081349206349187 0.047949735449735464
1 0.8650793650793651 0.37648809523809523 0.02182539682539686 0.040013227513227556
1 0.8831845238095237 0.37202380952380953 0.024801587301587324 0.046957671957671976
1 0.9064980158730158 0.373015873015873 0.02182539682539686 0.03505291005291006
1 0.9264632936507936 0.3740079365079365 0.01661706349206349 0.03505291005291006
1 0.9455605158730158 0.35598544973544977 0.017113095238095233 0.02480158730158727
1 0.41679067460317465 0.33035714285714285 0.028521825396825407 0.04828042328042326
1 0.43377976190476186 0.32688492063492064 0.02033730158730157 0.043320105820105814
1 0.5348462301587301 0.26934523809523814 0.019593253968253954 0.030092592592592615
1 0.5130208333333334 0.2837301587301587 0.013640873015873023 0.021164021164021163
1 0.478546626984127 0.26173941798941797 0.015128968253968256 0.026785714285714274
