1 0.1253968253968254 0.2912698412698413 0.23809523809523808 0.45873015873015877
1 0.3201058201058201 0.4468253968253968 0.047619047619047616 0.08095238095238094
1 0.37195767195767193 0.33492063492063495 0.04973544973544969 0.07936507936507936
1 0.23597883597883595 0.3492063492063492 0.03597883597883597 0.08253968253968252
1 0.42275132275132277 0.5277777777777778 0.0751322751322751 0.12857142857142856
1 0.48571428571428565 0.46190476190476193 0.057142857142857106 0.107936507936508
1 0.4804232804232804 0.319047619047619 0.0402116402116402 0.06984126984126987
1 0.5423280423280423 0.276984126984127 0.03703703703703698 0.058730158730158744
1 0.6396825396825396 0.2761904761904762 0.030687830687830764 0.06984126984126984
1 0.6407407407407407 0.473015873015873 0.053968253968254 0.08253968253968247
1 0.7529100529100529 0.5563492063492064 0.08783068783068781 0.14126984126984127
1 0.7021164021164021 0.3634920634920635 0.04338624338624342 0.06666666666666665
1 0.744973544973545 0.28253968253968254 0.033862433862433816 0.05714285714285716
1 0.807936507936508 0.37142857142857144 0.041269841269841345 0.06984126984126982
1 0.8291005291005291 0.44126984126984126 0.06243386243386251 0.11428571428571427
1 0.9111111111111111 0.35793650793650794 0.04021164021164014 0.08412698412698416
1 0.8417989417989418 0.27936507936507937 0.032804232804232836 0.05714285714285716
1 0.8703703703703705 0.2246031746031746 0.02857142857142858 0.0492063492063492
1 0.9534391534391534 0.2373015873015873 0.035978835978836 0.05555555555555555
1 0.9735449735449735 0.292063492063492 0.03597883597883589 0.07936507936507936
1 0.980952380952381 0.4388888888888889 0.03809523809523807 0.09047619047619049
