1 0.16416666666666666 0.18124999999999997 0.12499999999999999 0.21749999999999997
1 0.1925 0.0775 0.06833333333333333 0.1
1 0.25166666666666665 0.07375000000000001 0.05000000000000002 0.0775
1 0.35083333333333333 0.045 0.03833333333333333 0.05499999999999999
1 0.38666666666666666 0.0975 0.05666666666666664 0.09999999999999999
1 0.4391666666666667 0.06375 0.051666666666666694 0.08249999999999999
1 0.4141666666666667 0.026250000000000002 0.031666666666666676 0.0425
1 0.4916666666666667 0.0425 0.030000000000000027 0.065
1 0.5375 0.205 0.135 0.27999999999999997
1 0.5916666666666666 0.03874999999999999 0.043333333333333335 0.06749999999999999
1 0.5375000000000001 0.08 0.06166666666666665 0.09
1 0.6425 0.05625 0.03833333333333333 0.0925
1 0.8825000000000001 0.37875 0.235 0.49749999999999994
