1 0.25163398692810457 0.3654485049833887 0.036414565826330514 0.07308970099667778
1 0.2572362278244631 0.28322259136212624 0.019607843137254888 0.034883720930232565
1 0.28431372549019607 0.2691029900332226 0.019607843137254888 0.03322259136212624
1 0.3025210084033614 0.25664451827242524 0.02054154995331464 0.038205980066445155
1 0.3104575163398693 0.29817275747508304 0.027077497665732975 0.0415282392026578
1 0.31092436974789917 0.23172757475083056 0.016806722689075626 0.0282392026578073
1 0.33333333333333337 0.22591362126245848 0.016806722689075626 0.03322259136212624
1 0.34547152194211017 0.2707641196013289 0.020541549953314697 0.046511627906976716
1 0.3613445378151261 0.22425249169435216 0.018674136321195134 0.03986710963455148
1 0.3776844070961718 0.21179401993355484 0.01774042950513538 0.03820598006644518
1 0.403828197945845 0.2292358803986711 0.019607843137254888 0.0431893687707641
1 0.4281045751633987 0.2749169435215947 0.021475256769374396 0.04485049833887045
1 0.4290382819794585 0.24252491694352157 0.01774042950513538 0.03654485049833886
1 0.4117647058823529 0.1719269102990033 0.01307189542483661 0.03488372093023254
1 0.46218487394957986 0.23588039867109634 0.02054154995331464 0.046511627906976716
1 0.4673202614379085 0.19601328903654486 0.015873015873015872 0.03322259136212624
1 0.4771241830065359 0.1644518272425249 0.011204481792717103 0.026578073089701004
1 0.469187675070028 0.1553156146179402 0.012138188608776801 0.02491694352159468
1 0.45284780578898226 0.13870431893687707 0.011204481792717047 0.021594684385382062
1 0.430905695611578 0.1926910299003322 0.01774042950513538 0.029900332225913623
1 0.5070028011204482 0.19019933554817275 0.01867413632119519 0.03156146179401992
1 0.48412698412698413 0.132890365448505 0.012138188608776801 0.026578073089701004
1 0.5200746965452847 0.1611295681063123 0.01680672268907568 0.029900332225913595
1 0.5238095238095238 0.1345514950166113 0.014939309056956063 0.029900332225913623
1 0.5373482726423904 0.16029900332225913 0.019607843137254943 0.034883720930232565
1 0.5597572362278245 0.16445182724252494 0.019607843137254832 0.03654485049833886
1 0.5378151260504203 0.20099667774086377 0.020541549953314697 0.029900332225913623
1 0.5480859010270775 0.132890365448505 0.011204481792717158 0.023255813953488372
1 0.5592903828197946 0.11295681063122923 0.01680672268907557 0.023255813953488372
1 0.5868347338935574 0.09800664451827243 0.014005602240896309 0.02657807308970099
1 0.5919701213818861 0.11960132890365449 0.014939309056956063 0.026578073089701004
1 0.592436974789916 0.1478405315614618 0.015873015873015817 0.03322259136212624
1 0.6087768440709618 0.13953488372093023 0.01867413632119519 0.03322259136212624
1 0.6251167133520075 0.11877076411960133 0.012138188608776801 0.028239202657807314
1 0.6255835667600373 0.10049833887043189 0.013071895424836555 0.028239202657807314
1 0.6493930905695612 0.09966777408637874 0.012138188608776801 0.029900332225913623
1 0.6517273576097106 0.11877076411960133 0.014939309056956063 0.03156146179401993
1 0.6853408029878618 0.1079734219269103 0.01680672268907557 0.03322259136212624
1 0.6797385620915033 0.15282392026578073 0.01867413632119519 0.046511627906976744
1 0.6391223155929038 0.19767441860465118 0.019607843137254943 0.03654485049833886
1 0.6013071895424837 0.22259136212624586 0.022408963585434205 0.04983388704318939
1 0.5634920634920635 0.2408637873754153 0.023342670401493848 0.046511627906976744
1 0.5378151260504203 0.3214285714285714 0.029878618113912236 0.06146179401993351
1 0.48412698412698413 0.30149501661129563 0.028944911297852483 0.051495016611295685
1 0.5826330532212884 0.3654485049833887 0.03361344537815125 0.06312292358803984
1 0.6783380018674137 0.3380398671096345 0.03081232492997199 0.06146179401993351
1 0.6601307189542484 0.260797342192691 0.022408963585434094 0.046511627906976716
1 0.6568627450980392 0.21096345514950166 0.023342670401493848 0.046511627906976744
1 0.696078431372549 0.22176079734219267 0.025210084033613467 0.04817275747508307
1 0.707282913165266 0.17940199335548174 0.02147525676937445 0.039867109634551506
1 0.7096171802054154 0.1461794019933555 0.01867413632119519 0.03322259136212627
1 0.7259570494864612 0.17109634551495018 0.015873015873015817 0.039867109634551506
1 0.7432306255835668 0.1935215946843854 0.022408963585434205 0.04817275747508307
1 0.7483660130718954 0.21926910299003322 0.02147525676937434 0.039867109634551506
1 0.7796451914098973 0.2915282392026578 0.028011204481792618 0.06146179401993357
1 0.7138188608776843 0.29401993355481726 0.025210084033613467 0.0564784053156146
1 0.7320261437908497 0.13289036544850497 0.01680672268907568 0.03654485049833886
1 0.7553688141923436 0.10880398671096345 0.013071895424836555 0.03156146179401993
1 0.7717086834733893 0.12624584717607973 0.01400560224089642 0.023255813953488358
1 0.7745098039215685 0.16196013289036545 0.02147525676937445 0.034883720930232565
1 0.8025210084033614 0.18355481727574752 0.017740429505135435 0.03820598006644518
1 0.819327731092437 0.2541528239202658 0.025210084033613467 0.04983388704318936
1 0.84593837535014 0.19850498338870431 0.014939309056956063 0.03820598006644518
1 0.8347338935574229 0.16777408637873753 0.014939309056956174 0.03654485049833886
1 0.8249299719887955 0.14285714285714285 0.015873015873015928 0.03322259136212624
1 0.7969187675070029 0.1461794019933555 0.012138188608776912 0.026578073089700976
1 0.8057889822595705 0.13289036544850497 0.011204481792717047 0.029900332225913623
1 0.8590102707749767 0.15863787375415284 0.014939309056956174 0.03488372093023254
1 0.8660130718954249 0.1270764119601329 0.015873015873015928 0.028239202657807314
1 0.8912231559290382 0.1303986710963455 0.01400560224089642 0.031561461794019946
1 0.8972922502334266 0.16362126245847175 0.01680672268907568 0.03488372093023254
1 0.8818860877684407 0.17109634551495018 0.019607843137254943 0.03322259136212624
1 0.8697478991596639 0.20348837209302326 0.017740429505135324 0.0415282392026578
1 0.8669467787114846 0.2292358803986711 0.017740429505135435 0.03322259136212624
1 0.9290382819794585 0.276578073089701 0.022408963585434205 0.04485049833887045
1 0.8949579831932772 0.21179401993355482 0.017740429505135435 0.0415282392026578
1 0.9248366013071896 0.20764119601328904 0.017740429505135435 0.03322259136212624
1 0.9220354808590103 0.1777408637873754 0.012138188608776912 0.026578073089701004
1 0.9239028944911298 0.15365448504983387 0.012138188608776912 0.021594684385382062
