1 0.1875 0.5384615384615384 0.08166666666666667 0.136094674556213
1 0.20916666666666667 0.4822485207100592 0.05833333333333335 0.1065088757396449
1 0.17833333333333334 0.4171597633136095 0.03666666666666665 0.0650887573964497
1 0.22083333333333333 0.4260355029585799 0.035 0.059171597633136064
1 0.1975 0.378698224852071 0.024999999999999994 0.041420118343195256
1 0.16083333333333333 0.3698224852071006 0.021666666666666667 0.041420118343195256
1 0.1433333333333333 0.39349112426035504 0.01999999999999999 0.03550295857988167
1 0.1325 0.371301775147929 0.021666666666666667 0.044378698224852076
1 0.08083333333333334 0.41124260355029585 0.03833333333333334 0.08284023668639051
1 0.26416666666666666 0.3772189349112426 0.021666666666666667 0.044378698224852076
1 0.28833333333333333 0.40384615384615385 0.023333333333333317 0.0562130177514793
1 0.31 0.40236686390532544 0.026666666666666616 0.053254437869822535
1 0.4191666666666667 0.32840236686390534 0.018333333333333368 0.05325443786982248
1 0.4691666666666666 0.3772189349112426 0.021666666666666667 0.03846153846153849
1 0.5208333333333333 0.3905325443786982 0.021666666666666612 0.041420118343195256
1 0.525 0.4408284023668639 0.026666666666666616 0.0650887573964497
1 0.55 0.42307692307692313 0.029999999999999916 0.05325443786982248
1 0.575 0.40088757396449703 0.020000000000000018 0.050295857988165715
1 0.6074999999999999 0.4452662721893491 0.03166666666666662 0.056213017751479244
1 0.6166666666666667 0.39644970414201186 0.020000000000000018 0.03550295857988167
1 0.5991666666666666 0.3890532544378698 0.015000000000000013 0.038461538461538436
1 0.6725 0.3328402366863905 0.03166666666666673 0.044378698224852076
1 0.6741666666666666 0.4630177514792899 0.03500000000000003 0.06213017751479294
1 0.7158333333333333 0.4556213017751479 0.04833333333333334 0.08284023668639051
1 0.6533333333333333 0.5192307692307693 0.053333333333333344 0.10946745562130183
1 0.8400000000000001 0.5532544378698225 0.09333333333333338 0.16568047337278108
1 0.9025000000000001 0.4881656804733728 0.06166666666666665 0.10059171597633132
