1 0.01916666666666667 0.615 0.03166666666666667 0.10333333333333328
1 0.07583333333333332 0.8466666666666667 0.14833333333333332 0.30666666666666664
1 0.16 0.62 0.07666666666666666 0.14666666666666672
1 0.1125 0.5183333333333333 0.035 0.09000000000000002
1 0.21333333333333332 0.5449999999999999 0.05000000000000002 0.10999999999999999
1 0.29083333333333333 0.49 0.02833333333333332 0.0733333333333333
1 0.33999999999999997 0.5383333333333333 0.06 0.1233333333333333
1 0.3933333333333333 0.4933333333333333 0.02999999999999997 0.06
1 0.41833333333333333 0.4816666666666667 0.033333333333333326 0.07666666666666666
1 0.5616666666666668 0.49666666666666665 0.033333333333333326 0.07999999999999996
1 0.6608333333333334 0.48 0.03500000000000003 0.08000000000000002
1 0.7391666666666666 0.47500000000000003 0.03833333333333333 0.08333333333333337
1 0.9141666666666667 0.5233333333333333 0.07499999999999996 0.15333333333333332
