1 0.18138801261829654 0.3595505617977528 0.05362776025236593 0.0898876404494382
1 0.3175604626708728 0.2303370786516854 0.010515247108307035 0.033707865168539325
1 0.6219768664563617 0.09925093632958801 0.011566771819137678 0.02621722846441947
1 0.6340694006309149 0.10205992509363296 0.012618296529968487 0.020599250936329583
1 0.6603575184016824 0.10674157303370788 0.012618296529968376 0.029962546816479405
1 0.5914826498422714 0.10580524344569289 0.013669821240799185 0.024344569288389503
1 0.5541535226077813 0.12078651685393259 0.014721345951629772 0.03183520599250936
1 0.5147213459516298 0.10767790262172285 0.013669821240799185 0.024344569288389517
1 0.7018927444794953 0.11797752808988764 0.01577287066246058 0.026217228464419456
1 0.47581493165089384 0.12640449438202248 0.011566771819137733 0.02808988764044945
1 0.41535226077812826 0.15823970037453183 0.014721345951629827 0.02808988764044945
1 0.3491062039957939 0.20131086142322097 0.01682439537329128 0.03558052434456929
1 0.3217665615141956 0.2050561797752809 0.01682439537329128 0.02808988764044945
1 0.41324921135646686 0.19850187265917602 0.01682439537329128 0.02996254681647939
1 0.4468980021030494 0.20411985018726592 0.018927444794952675 0.02996254681647942
1 0.49053627760252366 0.15355805243445692 0.017875920084121977 0.033707865168539325
1 0.5136698212407991 0.14887640449438203 0.017875920084121977 0.0393258426966292
1 0.5378548895899053 0.14513108614232212 0.019978969505783373 0.03183520599250936
1 0.5767613038906414 0.13389513108614232 0.019978969505783373 0.03558052434456929
1 0.5594111461619349 0.18258426966292135 0.023133543638275467 0.04307116104868913
1 0.6051524710830705 0.14232209737827717 0.017875920084121977 0.03745318352059926
1 0.6435331230283912 0.14513108614232212 0.01682439537329128 0.03558052434456929
1 0.6735015772870663 0.13951310861423222 0.017875920084121977 0.03183520599250936
1 0.48685594111461616 0.21348314606741572 0.025236593059936918 0.048689138576779034
1 0.7623554153522607 0.1460674157303371 0.01682439537329128 0.033707865168539325
1 0.786540483701367 0.13295880149812733 0.01682439537329128 0.029962546816479405
1 0.5273396424815984 0.27247191011235955 0.03259726603575175 0.050561797752809
1 0.5862250262881177 0.28183520599250933 0.02208201892744477 0.058052434456928814
1 0.6041009463722398 0.30149812734082393 0.04311251314405884 0.07490636704119852
1 0.6219768664563617 0.2546816479400749 0.02628811777076767 0.05243445692883897
1 0.6414300736067298 0.19756554307116106 0.02103049421661418 0.04307116104868913
1 0.6698212407991588 0.20786516853932585 0.02733964248159826 0.056179775280898875
1 0.713459516298633 0.18258426966292135 0.019978969505783484 0.0393258426966292
1 0.7229232386961093 0.22659176029962547 0.02208201892744477 0.048689138576779034
1 0.6855941114616193 0.26123595505617975 0.02733964248159826 0.050561797752808973
1 0.7008412197686645 0.32209737827715357 0.030494216614090464 0.07490636704119852
1 0.73869610935857 0.38764044943820225 0.030494216614090353 0.05243445692883897
1 0.8028391167192429 0.20973782771535582 0.024185068349106276 0.04119850187265919
1 0.8012618296529967 0.16760299625468167 0.01682439537329128 0.03183520599250936
1 0.7749737118822293 0.18913857677902624 0.02103049421661407 0.03745318352059926
1 0.8459516298633019 0.15074906367041196 0.01577287066246058 0.03558052434456929
1 0.8832807570977919 0.15262172284644193 0.014721345951629883 0.03558052434456929
1 0.9179810725552051 0.16853932584269665 0.014721345951629883 0.03745318352059926
1 0.9442691903259727 0.1704119850187266 0.012618296529968376 0.041198501872659166
1 0.8590956887486856 0.19850187265917604 0.01682439537329128 0.0449438202247191
1 0.805993690851735 0.28464419475655434 0.030494216614090464 0.06741573033707865
1 0.8338590956887486 0.22846441947565543 0.02733964248159826 0.05243445692883897
1 0.8848580441640379 0.19101123595505617 0.019978969505783373 0.041198501872659166
1 0.9405888538380651 0.2247191011235955 0.024185068349106165 0.0449438202247191
1 0.8769716088328077 0.26029962546816476 0.018927444794952675 0.05243445692883894
1 0.8275499474237644 0.35486891385767794 0.03154574132492116 0.06179775280898875
1 0.9332281808622502 0.28838951310861427 0.024185068349106165 0.06367041198501872
1 0.9221871713985279 0.36142322097378277 0.025236593059936863 0.048689138576779034
1 0.8969505783385909 0.41385767790262173 0.035751840168243953 0.07116104868913858
1 0.46319663512092535 0.14981273408239698 0.013669821240799185 0.02996254681647939
1 0.5315457413249212 0.12359550561797752 0.017875920084121977 0.02247191011235955
1 0.5562565720294428 0.1544943820224719 0.01682439537329128 0.03558052434456929
1 0.6177707676130388 0.11704119850187267 0.019978969505783373 0.04307116104868915
1 0.5935856992639328 0.1694756554307116 0.01577287066246058 0.0393258426966292
1 0.7623554153522607 0.12453183520599251 0.014721345951629883 0.028089887640449437
1 0.8207150368033649 0.18352059925093633 0.02208201892744488 0.05243445692883897
1 0.8485804416403786 0.3117977528089888 0.029442691903259655 0.058052434456928814
1 0.8801261829652998 0.2247191011235955 0.02103049421661407 0.05243445692883894
1 0.9384858044164037 0.19756554307116103 0.02208201892744477 0.050561797752808973
1 0.42481598317560465 0.17228464419475656 0.014721345951629827 0.026217228464419484
1 0.6587802313354363 0.13576779026217228 0.01577287066246058 0.03183520599250937
1 0.5941114616193481 0.23595505617977527 0.023133543638275467 0.05243445692883891
