1 0.728 0.3083623693379791 0.03200000000000003 0.0662020905923345
1 0.726 0.5156794425087108 0.03600000000000003 0.07665505226480834
1 0.798 0.8327526132404182 0.08799999999999997 0.16027874564459932
1 0.854 0.6986062717770034 0.06400000000000006 0.14982578397212543
1 0.9410000000000001 0.6184668989547039 0.05399999999999994 0.13588850174216027
1 0.965 0.5679442508710801 0.038000000000000034 0.09059233449477344
1 0.6459999999999999 0.945993031358885 0.09599999999999997 0.10801393728222997
1 0.521 0.6184668989547039 0.062000000000000055 0.10104529616724744
1 0.601 0.5505226480836237 0.04600000000000004 0.0766550522648084
1 0.626 0.5313588850174216 0.03200000000000003 0.0801393728222996
1 0.646 0.48606271777003485 0.03200000000000003 0.059233449477351874
1 0.5700000000000001 0.5017421602787456 0.03599999999999992 0.06271777003484313
1 0.593 0.48606271777003485 0.026000000000000023 0.059233449477351874
1 0.499 0.5331010452961672 0.04200000000000004 0.07665505226480834
1 0.53 0.5226480836236933 0.040000000000000036 0.06968641114982577
1 0.522 0.46689895470383275 0.03600000000000003 0.05574912891986061
1 0.446 0.4843205574912892 0.03600000000000003 0.05574912891986061
1 0.46499999999999997 0.4547038327526133 0.02999999999999997 0.05923344947735193
1 0.427 0.43902439024390244 0.030000000000000027 0.05574912891986061
1 0.396 0.4616724738675958 0.035999999999999976 0.05226480836236935
1 0.41000000000000003 0.519163763066202 0.03999999999999998 0.06968641114982577
1 0.392 0.5871080139372822 0.05199999999999999 0.09407665505226481
1 0.348 0.49825783972125437 0.043999999999999984 0.0766550522648084
1 0.397 0.3292682926829268 0.021999999999999964 0.045296167247386776
1 0.314 0.4738675958188153 0.040000000000000036 0.0766550522648084
1 0.272 0.5627177700348431 0.06 0.10104529616724733
1 0.31 0.6916376306620209 0.07599999999999996 0.15679442508710806
1 0.242 0.627177700348432 0.06800000000000003 0.11149825783972134
1 0.219 0.5749128919860627 0.04999999999999999 0.07665505226480829
1 0.22799999999999998 0.47038327526132406 0.04400000000000001 0.0766550522648084
1 0.279 0.4773519163763066 0.04199999999999998 0.08362369337979092
1 0.241 0.4285714285714286 0.03 0.05574912891986067
1 0.22399999999999998 0.41289198606271776 0.032 0.059233449477351874
1 0.186 0.4285714285714286 0.03999999999999998 0.06968641114982582
1 0.138 0.4268292682926829 0.036000000000000004 0.0662020905923345
1 0.156 0.5888501742160279 0.06 0.1324041811846689
1 0.134 0.7473867595818815 0.07599999999999998 0.16376306620209058
1 0.10400000000000001 0.5574912891986062 0.06000000000000001 0.1045296167247387
1 0.077 0.5104529616724739 0.046000000000000006 0.08013937282229966
1 0.08399999999999999 0.445993031358885 0.03599999999999999 0.05574912891986061
1 0.057999999999999996 0.426829268292683 0.031999999999999994 0.05923344947735193
1 0.025 0.5731707317073171 0.046 0.12195121951219512
