1 0.20918866080156404 0.4056603773584906 0.06842619745845552 0.11835334476843912
1 0.26050830889540566 0.25900514579759865 0.01857282502443791 0.030874785591766735
1 0.2785923753665689 0.2564322469982847 0.01955034213098733 0.03602058319039453
1 0.3567937438905181 0.23499142367066894 0.019550342130987275 0.034305317324185264
1 0.39638318670576733 0.26758147512864494 0.020527859237536694 0.044596912521440824
1 0.364613880742913 0.1946826758147513 0.01564027370478982 0.02915951972555747
1 0.38563049853372433 0.19897084048027444 0.016617790811339184 0.030874785591766707
1 0.39540566959921797 0.2169811320754717 0.016617790811339184 0.0360205831903945
1 0.4022482893450635 0.19811320754716982 0.01661779081133924 0.029159519725557442
1 0.40664711632453565 0.17409948542024015 0.017595307917888603 0.02915951972555747
1 0.43792766373411535 0.19554030874785594 0.017595307917888547 0.030874785591766735
1 0.43206256109481916 0.22984562607204118 0.021505376344086002 0.04116638078902227
1 0.45356793743890517 0.15180102915951973 0.011730205278592365 0.022298456260720412
1 0.4701857282502444 0.15094339622641512 0.013685239491691148 0.027444253859348205
1 0.4838709677419355 0.1783876500857633 0.01564027370478982 0.034305317324185236
1 0.49902248289345064 0.18010291595197256 0.01857282502443791 0.034305317324185236
1 0.5249266862170088 0.20154373927958835 0.01564027370478982 0.0360205831903945
1 0.5239491691104594 0.16295025728987994 0.013685239491691092 0.027444253859348205
1 0.5180840664711632 0.1260720411663808 0.011730205278592365 0.032590051457976
1 0.5351906158357771 0.13636363636363635 0.01857282502443791 0.03945111492281303
1 0.5469208211143695 0.16380789022298456 0.012707722385141729 0.02572898799313894
1 0.5571847507331378 0.1758147512864494 0.01564027370478993 0.03259005145797597
1 0.5591397849462365 0.11063464837049743 0.01564027370478993 0.022298456260720412
1 0.565982404692082 0.13636363636363635 0.013685239491691203 0.029159519725557456
1 0.583088954056696 0.14065180102915953 0.01857282502443791 0.03430531732418525
1 0.5874877810361682 0.12178387650085763 0.013685239491691092 0.027444253859348205
1 0.5987292277614858 0.09691252144082332 0.010752688172043001 0.02572898799313894
1 0.6207233626588465 0.10120068610634649 0.011730205278592365 0.024013722126929676
1 0.6133919843597263 0.137221269296741 0.014662756598240456 0.03430531732418525
1 0.6085043988269795 0.21440823327615782 0.016617790811339184 0.034305317324185264
1 0.6505376344086021 0.1320754716981132 0.014662756598240456 0.030874785591766707
1 0.6422287390029325 0.10291595197255575 0.01564027370478982 0.027444253859348205
1 0.6695992179863147 0.09777015437392796 0.011730205278592365 0.024013722126929676
1 0.7023460410557185 0.09862778730703259 0.012707722385141729 0.02915951972555747
1 0.5571847507331378 0.2598627787307033 0.021505376344086113 0.04288164665523159
1 0.4975562072336266 0.2967409948542024 0.027370478983382185 0.044596912521440824
1 0.5478983382209188 0.31732418524871353 0.02639296187683282 0.05145797598627788
1 0.6143695014662757 0.2572898799313894 0.024437927663734094 0.04802744425385935
1 0.6212121212121212 0.3104631217838765 0.02834799608993155 0.051457975986277826
1 0.6622678396871945 0.21012006861063465 0.02052785923753664 0.03945111492281306
1 0.6935483870967742 0.1843910806174957 0.022482893450635477 0.0360205831903945
1 0.7443792766373412 0.18696397941680962 0.022482893450635366 0.04802744425385935
1 0.7482893450635386 0.22984562607204118 0.02052785923753664 0.04116638078902227
1 0.6940371456500489 0.24614065180102918 0.029325513196481023 0.06346483704974273
1 0.6925708699902249 0.30874785591766724 0.032258064516129115 0.05831903945111494
1 0.7321603128054741 0.34562607204116635 0.03323558162267837 0.06689536878216124
1 0.770772238514174 0.2890222984562607 0.02834799608993155 0.05660377358490565
1 0.7844574780058651 0.15523156089193824 0.016617790811339184 0.0360205831903945
1 0.8015640273704789 0.12778730703259006 0.01564027370478982 0.032590051457976
1 0.7839687194525904 0.19382504288164665 0.019550342130987275 0.044596912521440824
1 0.8079178885630498 0.2624356775300172 0.02052785923753675 0.05145797598627791
1 0.8343108504398827 0.29245283018867924 0.022482893450635366 0.05660377358490565
1 0.7966764418377321 0.4039451114922813 0.03323558162267848 0.07718696397941682
1 0.8973607038123167 0.38250428816466553 0.03128054740957964 0.061749571183533414
1 0.9051808406647116 0.3181818181818182 0.029325513196480912 0.05660377358490565
1 0.9247311827956989 0.27358490566037735 0.02346041055718473 0.05660377358490565
1 0.8699902248289345 0.2667238421955403 0.019550342130987275 0.04631217838765009
1 0.83088954056696 0.19039451114922812 0.019550342130987275 0.04116638078902232
1 0.83088954056696 0.1457975986277873 0.017595307917888547 0.03773584905660379
1 0.844574780058651 0.1320754716981132 0.011730205278592365 0.02744425385934819
1 0.8611925708699902 0.15866209262435677 0.01564027370478982 0.029159519725557442
1 0.8685239491691105 0.13293310463121782 0.012707722385141729 0.03259005145797597
1 0.907624633431085 0.14493996569468268 0.014662756598240456 0.02915951972555747
1 0.9330400782013686 0.15866209262435677 0.01270772238514184 0.02572898799313894
1 0.9315738025415445 0.19982847341337906 0.01564027370478993 0.04288164665523156
1 0.9237536656891495 0.22126929674099485 0.019550342130987275 0.04802744425385935
1 0.8836754643206256 0.18524871355060035 0.017595307917888547 0.037735849056603765
1 0.8748778103616813 0.20411663807890223 0.017595307917888547 0.037735849056603765
