1 0.7739583333333333 0.65 0.1166666666666667 0.22037037037037033
1 0.8723958333333333 0.6231481481481481 0.10416666666666663 0.16296296296296298
1 0.9661458333333333 0.6277777777777778 0.06770833333333337 0.15370370370370368
1 0.6682291666666667 0.6050925925925926 0.030208333333333393 0.06944444444444442
1 0.640625 0.6060185185185185 0.02083333333333326 0.04907407407407405
1 0.6127604166666667 0.587037037037037 0.016145833333333304 0.03518518518518521
1 0.5815104166666667 0.5712962962962963 0.03281250000000002 0.06666666666666665
1 0.6817708333333333 0.5990740740740741 0.022916666666666696 0.05555555555555558
1 0.5565104166666667 0.6365740740740741 0.05885416666666665 0.1157407407407407
1 0.5091145833333334 0.5865740740740741 0.04322916666666671 0.0898148148148149
1 0.4828125 0.5745370370370371 0.030208333333333337 0.062037037037037
1 0.4502604166666667 0.5685185185185185 0.024479166666666663 0.051851851851851816
1 0.44453125 0.6462962962962964 0.0703125 0.13888888888888895
1 0.40208333333333335 0.5782407407407407 0.03749999999999998 0.07314814814814818
1 0.3471354166666667 0.6060185185185185 0.05677083333333338 0.10462962962962963
1 0.34140625 0.5495370370370369 0.041145833333333326 0.07685185185185184
1 0.27265625000000004 0.5791666666666666 0.03802083333333334 0.08796296296296291
1 0.21354166666666669 0.5569444444444445 0.028124999999999983 0.04907407407407405
1 0.17890625 0.5833333333333334 0.04322916666666668 0.08148148148148149
1 0.1046875 0.5583333333333333 0.03229166666666666 0.06851851851851853
