1 0.020000000000000004 0.401685393258427 0.025600000000000005 0.05337078651685395
1 0.2352 0.3279494382022472 0.019199999999999995 0.03792134831460675
1 0.262 0.33707865168539325 0.021600000000000008 0.0449438202247191
1 0.28559999999999997 0.35252808988764045 0.020799999999999985 0.047752808988763995
1 0.28200000000000003 0.29985955056179775 0.018400000000000027 0.037921348314606695
1 0.33599999999999997 0.3497191011235955 0.02240000000000003 0.04775280898876405
1 0.3744 0.339185393258427 0.019199999999999995 0.03792134831460675
1 0.36960000000000004 0.3117977528089888 0.017600000000000005 0.03370786516853935
1 0.3536 0.2837078651685393 0.017600000000000005 0.03651685393258425
1 0.402 0.3300561797752809 0.021600000000000008 0.0365168539325843
1 0.44320000000000004 0.33286516853932585 0.02240000000000003 0.0393258426966292
1 0.406 0.2907303370786517 0.01679999999999998 0.030898876404494402
1 0.3972 0.2731741573033708 0.015199999999999991 0.026685393258426948
1 0.394 0.2464887640449438 0.013600000000000001 0.026685393258426976
1 0.4252 0.2731741573033708 0.01679999999999998 0.03230337078651685
1 0.422 0.2542134831460674 0.01200000000000001 0.025280898876404473
1 0.4512 0.23806179775280897 0.012800000000000034 0.026685393258426948
1 0.46399999999999997 0.23384831460674158 0.012799999999999978 0.026685393258426948
1 0.4668 0.26474719101123595 0.018399999999999972 0.03230337078651688
1 0.4648 0.3012640449438202 0.017600000000000005 0.029494382022471954
1 0.44120000000000004 0.2991573033707865 0.019999999999999962 0.03370786516853935
1 0.4948 0.2577247191011236 0.01679999999999998 0.0294943820224719
1 0.5136000000000001 0.30547752808988765 0.019199999999999995 0.0351123595505618
1 0.5412 0.2780898876404494 0.020000000000000018 0.04213483146067415
1 0.5107999999999999 0.23946629213483145 0.015199999999999991 0.0294943820224719
1 0.5428 0.2183988764044944 0.013599999999999945 0.023876404494382025
1 0.5272 0.25912921348314605 0.016000000000000014 0.0294943820224719
1 0.562 0.23525280898876405 0.015199999999999991 0.026685393258426976
1 0.5504 0.25070224719101125 0.01760000000000006 0.029494382022471927
1 0.5624 0.21558988764044945 0.014399999999999968 0.023876404494382025
1 0.5844 0.22401685393258425 0.015199999999999991 0.026685393258426976
1 0.5884 0.2422752808988764 0.013599999999999945 0.026685393258426976
1 0.6000000000000001 0.199438202247191 0.012800000000000034 0.030898876404494374
1 0.616 0.20856741573033707 0.012799999999999923 0.026685393258426948
1 0.6284000000000001 0.2191011235955056 0.015199999999999991 0.028089887640449424
1 0.628 0.25 0.014399999999999968 0.030898876404494402
1 0.642 0.20786516853932585 0.01200000000000001 0.0196629213483146
1 0.6619999999999999 0.22401685393258428 0.016800000000000037 0.03230337078651685
1 0.6736 0.22120786516853932 0.011199999999999988 0.0294943820224719
1 0.6876 0.2478932584269663 0.015199999999999991 0.0351123595505618
1 0.6692 0.2577247191011236 0.016799999999999926 0.03230337078651682
1 0.626 0.28792134831460675 0.020000000000000018 0.0393258426966292
1 0.5828 0.3223314606741573 0.018399999999999972 0.0435393258426966
1 0.5344 0.3946629213483146 0.027200000000000002 0.053370786516853896
1 0.5316000000000001 0.35252808988764045 0.024800000000000044 0.050561797752809
1 0.49319999999999997 0.386938202247191 0.02639999999999998 0.06320224719101125
1 0.6032 0.4213483146067416 0.03199999999999992 0.07022471910112354
1 0.5992 0.3665730337078652 0.025599999999999956 0.05337078651685395
1 0.6376 0.3258426966292135 0.02080000000000004 0.04775280898876405
1 0.6812 0.34480337078651685 0.0232 0.051966292134831504
1 0.6532 0.375 0.02639999999999998 0.061797752808988804
1 0.6528 0.43679775280898875 0.03520000000000001 0.0702247191011236
1 0.7012 0.4978932584269663 0.04080000000000006 0.0856741573033708
1 0.7092 0.2837078651685393 0.015199999999999991 0.039325842696629254
1 0.7332000000000001 0.2612359550561798 0.015199999999999991 0.03370786516853935
1 0.7276 0.2148876404494382 0.015199999999999991 0.030898876404494402
1 0.744 0.24297752808988765 0.014399999999999968 0.0252808988764045
1 0.7676000000000001 0.22542134831460675 0.015199999999999991 0.03792134831460672
1 0.7476 0.27457865168539325 0.018400000000000083 0.0351123595505618
1 0.7948 0.2907303370786517 0.015199999999999991 0.0393258426966292
1 0.7932 0.23525280898876405 0.013600000000000056 0.026685393258426976
1 0.7587999999999999 0.2556179775280899 0.013599999999999945 0.033707865168539325
1 0.7223999999999999 0.386938202247191 0.025599999999999956 0.0547752808988764
1 0.7556 0.4002808988764045 0.02640000000000009 0.0561797752808989
1 0.7931999999999999 0.35814606741573035 0.0232 0.050561797752809
1 0.8264 0.4473314606741573 0.03520000000000001 0.0688202247191011
1 0.8164 0.5168539325842697 0.03920000000000001 0.07022471910112366
1 0.8916 0.4592696629213483 0.03280000000000005 0.0702247191011236
1 0.8992 0.3911516853932584 0.02719999999999989 0.05196629213483145
1 0.9084 0.3462078651685393 0.018399999999999972 0.03792134831460675
1 0.8544 0.3588483146067416 0.02399999999999991 0.04634831460674155
1 0.8368 0.4023876404494382 0.02400000000000002 0.0435393258426966
1 0.8304 0.2984550561797753 0.01759999999999995 0.03792134831460675
1 0.8392 0.27457865168539325 0.01440000000000008 0.0294943820224719
1 0.828 0.2478932584269663 0.016000000000000014 0.03230337078651682
1 0.8588 0.24929775280898875 0.013600000000000056 0.03230337078651688
1 0.8748 0.2773876404494382 0.016800000000000037 0.037921348314606695
1 0.8532 0.3125 0.016800000000000037 0.037921348314606695
1 0.9059999999999999 0.3103932584269663 0.013599999999999945 0.0337078651685393
1 0.9144000000000001 0.28651685393258425 0.011199999999999988 0.0252808988764045
1 0.9144 0.2689606741573034 0.016000000000000014 0.03230337078651685
