1 0.0775 0.38628762541806017 0.024999999999999994 0.043478260869565244
1 0.11875 0.4180602006688963 0.02750000000000001 0.04013377926421402
1 0.15250000000000002 0.42642140468227424 0.024999999999999994 0.03678929765886285
1 0.35375 0.43812709030100333 0.022499999999999964 0.04013377926421402
1 0.44125000000000003 0.4381270903010034 0.027500000000000024 0.04682274247491641
1 0.49249999999999994 0.45150501672240806 0.019999999999999962 0.03344481605351174
1 0.65875 0.6755852842809364 0.13249999999999995 0.18729096989966565
1 0.5775 0.5518394648829432 0.09000000000000008 0.1270903010033445
1 0.5387500000000001 0.4665551839464883 0.04749999999999999 0.08361204013377926
1 0.58 0.4581939799331104 0.030000000000000027 0.060200668896321086
1 0.62125 0.46321070234113715 0.022499999999999964 0.043478260869565244
1 0.6725 0.49665551839464883 0.04499999999999993 0.0635451505016722
1 0.71125 0.5367892976588629 0.0625 0.08361204013377921
1 0.8200000000000001 0.5919732441471572 0.08500000000000008 0.12040133779264217
1 0.88875 0.5585284280936456 0.07250000000000001 0.10033444816053516
1 0.97125 0.5518394648829432 0.057499999999999996 0.12040133779264217
1 0.93625 0.479933110367893 0.05249999999999999 0.07023411371237459
1 0.88375 0.4899665551839465 0.03749999999999998 0.05685618729096986
1 0.8362499999999999 0.4565217391304348 0.03749999999999998 0.05016722408026758
1 0.80375 0.5066889632107023 0.05249999999999999 0.0635451505016722
1 0.80625 0.4665551839464883 0.03249999999999997 0.03678929765886291
1 0.77875 0.4548494983277592 0.02749999999999997 0.040133779264214076
1 0.7562500000000001 0.4581939799331104 0.03749999999999998 0.04682274247491641
1 0.73375 0.4782608695652174 0.03249999999999997 0.04682274247491641
1 0.7175 0.4548494983277592 0.03500000000000003 0.04682274247491641
1 0.98375 0.4280936454849498 0.02750000000000008 0.05351170568561869
1 0.96875 0.46321070234113715 0.022499999999999964 0.05016722408026758
1 0.65125 0.4665551839464883 0.03750000000000009 0.05685618729096992
1 0.031249999999999997 0.5852842809364549 0.057499999999999996 0.13377926421404684
1 0.0625 0.5117056856187291 0.05499999999999999 0.0735785953177257
1 0.10874999999999999 0.4816053511705686 0.0725 0.10702341137123744
1 0.19 0.540133779264214 0.05499999999999999 0.07692307692307687
1 0.1725 0.4882943143812709 0.04500000000000001 0.060200668896321086
1 0.18875 0.4565217391304348 0.03749999999999998 0.07023411371237459
1 0.23375 0.45150501672240806 0.04250000000000001 0.07357859531772576
1 0.27875 0.4565217391304348 0.04249999999999998 0.05685618729096992
1 0.31625000000000003 0.4464882943143813 0.03250000000000003 0.043478260869565244
1 0.057499999999999996 0.4665551839464883 0.029999999999999992 0.05685618729096992
1 0.01875 0.49498327759197325 0.0325 0.06688963210702337
