1 0.25014116318464147 0.6224899598393574 0.03274985883681539 0.06827309236947787
1 0.31564088085827213 0.6049196787148594 0.03387916431394694 0.071285140562249
1 0.3901750423489554 0.6234939759036144 0.033879164313946886 0.07228915662650603
1 0.4531338226990401 0.6179718875502007 0.027667984189723327 0.0612449799196787
1 0.5141163184641445 0.6280120481927711 0.029926595143986434 0.06325301204819278
1 0.5742518351214003 0.6229919678714859 0.03839638622247321 0.06927710843373491
1 0.6414455110107284 0.6410642570281124 0.028232636928289145 0.06927710843373491
1 0.6914172783738001 0.6445783132530121 0.029926595143986434 0.07228915662650603
1 0.7515527950310559 0.6219879518072289 0.031620553359683834 0.06927710843373491
1 0.8060417843026539 0.6139558232931728 0.03783173348390745 0.06325301204819278
1 0.7453416149068324 0.5105421686746988 0.0417843026538679 0.07530120481927716
1 0.748729531338227 0.42570281124497994 0.028232636928289145 0.06224899598393574
1 0.668548842461886 0.5235943775100402 0.033879164313946886 0.0612449799196787
1 0.6245059288537549 0.5015060240963856 0.03274985883681536 0.0652610441767068
1 0.551948051948052 0.5090361445783133 0.035573122529644285 0.06626506024096385
1 0.49294184076792774 0.4884538152610442 0.033879164313947 0.06526104417670686
1 0.4336533032185206 0.5085341365461847 0.03162055335968378 0.059236947791164674
1 0.36053077357425184 0.5120481927710843 0.03331451157538112 0.06024096385542166
1 0.30124223602484473 0.5245983935742972 0.029926595143986434 0.05522088353413651
1 0.24957651044607568 0.535140562248996 0.04065499717673632 0.06626506024096379
1 0.2919254658385093 0.4317269076305221 0.028232636928289145 0.060240963855421714
1 0.35093167701863354 0.44176706827309237 0.029926595143986434 0.052208835341365445
1 0.4020327498588368 0.42369477911646586 0.025974025974025983 0.054216867469879526
1 0.4627329192546584 0.42971887550200805 0.022021456804065476 0.06425702811244982
1 0.520892151326934 0.3965863453815261 0.026538678712591746 0.054216867469879526
1 0.5731225296442688 0.4357429718875502 0.030491247882552197 0.05622489959839355
1 0.6259175607001695 0.4282128514056225 0.026538678712591746 0.0612449799196787
1 0.6871823828345567 0.41616465863453816 0.030491247882552197 0.06927710843373491
