1 0.08142605633802817 0.41314553990610325 0.05193661971830985 0.06572769953051644
1 0.1267605633802817 0.4853286384976526 0.09683098591549294 0.12793427230046955
1 0.18882042253521125 0.36326291079812206 0.04665492957746478 0.06455399061032863
1 0.24867957746478875 0.3814553990610329 0.04665492957746478 0.068075117370892
1 0.36795774647887325 0.4495305164319249 0.0651408450704225 0.09624413145539906
1 0.3714788732394366 0.36737089201877937 0.03521126760563381 0.058685446009389686
1 0.42209507042253525 0.392018779342723 0.037852112676056315 0.05633802816901412
1 0.457306338028169 0.3485915492957746 0.02728873239436619 0.049295774647887314
1 0.5092429577464789 0.4055164319248826 0.0484154929577465 0.06690140845070425
1 0.5013204225352113 0.3796948356807512 0.029049295774647932 0.04342723004694837
1 0.4749119718309859 0.5504694835680751 0.09947183098591544 0.17136150234741782
1 0.6835387323943662 0.4413145539906103 0.0625 0.10093896713615025
1 0.6214788732394366 0.3943661971830986 0.04225352112676051 0.06572769953051644
1 0.5629401408450705 0.3779342723004695 0.041373239436619635 0.04460093896713613
1 0.6205985915492958 0.3550469483568075 0.02464788732394363 0.034037558685446
1 0.667693661971831 0.3744131455399061 0.027288732394366244 0.04460093896713618
1 0.727112676056338 0.35387323943661975 0.03169014084507038 0.05281690140845069
1 0.7693661971830985 0.4113849765258216 0.04929577464788737 0.07629107981220656
1 0.804137323943662 0.3943661971830986 0.03785211267605637 0.056338028169014065
1 0.8419894366197183 0.3884976525821596 0.03785211267605637 0.04694835680751175
1 0.8556338028169015 0.369131455399061 0.033450704225352124 0.05516431924882631
1 0.868838028169014 0.619131455399061 0.12323943661971837 0.20774647887323938
1 0.960387323943662 0.4894366197183099 0.079225352112676 0.10563380281690149
1 0.9375 0.403169014084507 0.05633802816901401 0.05985915492957744
1 0.9515845070422535 0.38086854460093894 0.03169014084507049 0.057511737089201875
