1 0.34269662921348315 0.2649501661129568 0.014981273408239737 0.038205980066445155
1 0.047752808988764044 0.3463455149501661 0.01872659176029963 0.03820598006644521
1 0.38670411985018727 0.25664451827242524 0.01872659176029967 0.038205980066445155
1 0.4190074906367041 0.2441860465116279 0.0196629213483146 0.04983388704318936
1 0.44803370786516855 0.17857142857142858 0.014044943820224698 0.03156146179401992
1 0.4559925093632959 0.2292358803986711 0.014981273408239737 0.03654485049833889
1 0.46301498127340823 0.20099667774086377 0.017790262172284632 0.03654485049833886
1 0.4737827715355805 0.1818936877076412 0.01310861423220977 0.03156146179401992
1 0.4887640449438202 0.21262458471760798 0.01685393258426965 0.043189368770764125
1 0.48782771535580527 0.303156146179402 0.02247191011235955 0.051495016611295685
1 0.5126404494382022 0.09385382059800665 0.014044943820224698 0.028239202657807314
1 0.5739700374531835 0.1345514950166113 0.016853932584269593 0.023255813953488386
1 0.5955056179775281 0.058970099667774084 0.011235955056179803 0.021594684385382056
1 0.6020599250936329 0.260797342192691 0.022471910112359494 0.043189368770764125
1 0.7130149812734082 0.18272425249169436 0.0196629213483146 0.03986710963455148
1 0.75187265917603 0.22674418604651164 0.022471910112359605 0.04485049833887042
