1 0.843585237258348 0.37265625 0.03690685413005279 0.07968749999999997
1 0.6256590509666081 0.48125 0.02811950790861162 0.05312499999999998
1 0.6366432337434095 0.45703125 0.023725834797891032 0.04843750000000002
1 0.5729349736379613 0.4765625 0.02811950790861162 0.059374999999999956
1 0.5456942003514939 0.4921875 0.03163444639718804 0.0625
1 0.5052724077328647 0.5 0.033391915641476255 0.06875000000000003
1 0.5188927943760984 0.465625 0.02196836555360282 0.046875
1 0.4973637961335676 0.45390624999999996 0.015817223198593966 0.04218749999999999
1 0.46924428822495606 0.459375 0.02108963093145866 0.046875
1 0.4477152899824253 0.49921875000000004 0.03602811950790863 0.06718750000000001
1 0.4257469244288225 0.48203125 0.023725834797891032 0.05156250000000001
1 0.3998242530755712 0.52265625 0.040421792618629215 0.07656249999999998
1 0.3453427065026362 0.51953125 0.04393673110720564 0.09218750000000003
1 0.2785588752196837 0.51796875 0.05448154657293497 0.09843749999999996
1 0.30272407732864676 0.4640625 0.025483304042179244 0.05625000000000002
1 0.2517574692442882 0.48125 0.027240773286467457 0.05625000000000002
1 0.23022847100175747 0.459375 0.021089630931458714 0.05937500000000001
1 0.24253075571177504 0.43828125 0.021089630931458714 0.0390625
1 0.218804920913884 0.425 0.017574692442882234 0.04062500000000002
1 0.19639718804920914 0.4125 0.020210896309314608 0.04999999999999999
1 0.20210896309314585 0.49453125 0.03339191564147628 0.06093750000000003
1 0.15905096660808438 0.47187500000000004 0.02636203866432338 0.04999999999999999
1 0.13005272407732865 0.50703125 0.04745166959578208 0.09218749999999998
1 0.05272407732864674 0.53125 0.05272407732864674 0.10312499999999997
1 0.09358523725834797 0.48984375 0.02548330404217926 0.06406249999999997
1 0.11072056239015818 0.4515625 0.0210896309314587 0.04062499999999997
1 0.12478031634446397 0.41796875 0.01757469244288226 0.035937499999999956
1 0.15202108963093147 0.40625 0.01581722319859405 0.028124999999999956
1 0.1735500878734622 0.37578125 0.016695957820738128 0.03281250000000002
1 0.14235500878734622 0.38203125000000004 0.01405975395430581 0.02656249999999999
1 0.13620386643233745 0.36328125 0.014059753954305781 0.0234375
1 0.10896309314586995 0.38749999999999996 0.01581722319859402 0.02812500000000001
1 0.10984182776801406 0.3609375 0.01405975395430581 0.02812500000000001
1 0.0742530755711775 0.45234375 0.02899824253075571 0.04531249999999998
1 0.030755711775043937 0.4671875 0.03866432337434095 0.05312500000000003
1 0.01977152899824253 0.41015625 0.020210896309314587 0.0390625
1 0.010105448154657292 0.44453125 0.016695957820738135 0.06093749999999998
1 0.012302284710017574 0.37812500000000004 0.019332161687170474 0.04999999999999999
1 0.035588752196836555 0.37109375 0.018453427065026364 0.0390625
1 0.04789103690685413 0.39296875 0.01845342706502636 0.0390625
1 0.05975395430579965 0.41484374999999996 0.02636203866432338 0.04218749999999999
1 0.06985940246045694 0.365625 0.021968365553602813 0.05312500000000003
