1 0.055882352941176466 0.3610619469026549 0.048235294117647064 0.06371681415929203
1 0.10882352941176471 0.4008849557522124 0.027058823529411774 0.04424778761061943
1 0.16411764705882353 0.3761061946902655 0.02470588235294119 0.05486725663716813
1 0.1976470588235294 0.36991150442477877 0.04000000000000001 0.05663716814159292
1 0.27941176470588236 0.3548672566371681 0.05294117647058827 0.079646017699115
1 0.3211764705882353 0.36902654867256635 0.03764705882352942 0.05840707964601771
1 0.37882352941176467 0.38053097345132747 0.02823529411764708 0.05309734513274339
1 0.4023529411764706 0.3893805309734513 0.021176470588235297 0.04247787610619469
1 0.44 0.38053097345132747 0.03294117647058825 0.06017699115044245
1 0.48 0.3884955752212389 0.01882352941176474 0.04424778761061948
1 0.5370588235294118 0.36017699115044244 0.05294117647058816 0.09734513274336282
1 0.611764705882353 0.38141592920353984 0.039999999999999925 0.08318584070796459
1 0.6417647058823529 0.39557522123893807 0.03176470588235292 0.05840707964601771
1 0.701764705882353 0.40176991150442476 0.034117647058823586 0.06725663716814162
1 0.7523529411764707 0.42300884955752216 0.022352941176470575 0.03893805309734516
1 0.9452941176470588 0.32654867256637166 0.024705882352941133 0.0407079646017699
