1 0.1764705882352941 0.386986301369863 0.03250773993808051 0.047945205479452024
1 0.1706656346749226 0.34726027397260273 0.025541795665634692 0.031506849315068475
1 0.20859133126934987 0.2993150684931507 0.025541795665634665 0.03972602739726028
1 0.2236842105263158 0.3287671232876712 0.024767801857585148 0.0465753424657534
1 0.2801857585139319 0.27123287671232876 0.017027863777089813 0.0383561643835616
1 0.3018575851393189 0.2452054794520548 0.018575851393188847 0.0328767123287671
1 0.3285603715170279 0.2554794520547945 0.020897832817337425 0.04520547945205483
1 0.35526315789473684 0.2589041095890411 0.020123839009287936 0.04109589041095893
1 0.4024767801857585 0.23561643835616436 0.02321981424148606 0.052054794520547926
1 0.4315015479876161 0.24726027397260275 0.028637770897832815 0.0506849315068493
1 0.3243034055727554 0.35753424657534244 0.026315789473684237 0.0547945205479452
1 0.36726006191950467 0.4472602739726027 0.04102167182662536 0.07260273972602743
1 0.34674922600619196 0.552054794520548 0.05263157894736842 0.09315068493150691
