1 0.06821895424836602 0.5670194003527337 0.05637254901960785 0.13580246913580246
1 0.1854575163398693 0.2865961199294532 0.022875816993464054 0.0582010582010582
1 0.21568627450980393 0.2936507936507936 0.026143790849673193 0.0582010582010582
1 0.25449346405228757 0.23721340388007053 0.02205882352941177 0.047619047619047616
1 0.29289215686274506 0.24426807760141092 0.020424836601307172 0.054673721340388004
1 0.2957516339869281 0.20634920634920634 0.021241830065359513 0.04938271604938271
1 0.31290849673202614 0.2275132275132275 0.021241830065359513 0.059964726631393295
1 0.3366013071895425 0.2072310405643739 0.01633986928104575 0.04409171075837742
1 0.35049019607843135 0.1966490299823633 0.019607843137254888 0.04056437389770723
1 0.3602941176470588 0.25837742504409167 0.019607843137254943 0.047619047619047616
1 0.38684640522875813 0.2328042328042328 0.013888888888888895 0.04585537918871252
1 0.3786764705882353 0.18518518518518517 0.018790849673202603 0.042328042328042326
1 0.42401960784313725 0.32098765432098764 0.02614379084967322 0.04938271604938271
1 0.4595588235294118 0.24603174603174602 0.022058823529411742 0.054673721340388004
1 0.47957516339869277 0.2054673721340388 0.01797385620915032 0.047619047619047616
1 0.48120915032679734 0.15255731922398588 0.01797385620915032 0.04409171075837742
1 0.4395424836601307 0.15520282186948853 0.01797385620915032 0.04585537918871252
1 0.42361111111111116 0.19047619047619047 0.017156862745098034 0.03880070546737213
1 0.41789215686274506 0.16313932980599646 0.017156862745098034 0.037037037037037035
1 0.5196078431372548 0.22486772486772486 0.021241830065359513 0.05114638447971781
1 0.5089869281045751 0.164021164021164 0.017973856209150374 0.04938271604938271
1 0.5645424836601307 0.19576719576719576 0.017973856209150263 0.03880070546737213
1 0.5490196078431373 0.15784832451499117 0.016339869281045805 0.04056437389770723
1 0.5433006535947713 0.12874779541446207 0.016339869281045805 0.03527336860670194
1 0.5698529411764706 0.12698412698412698 0.01715686274509809 0.04585537918871252
1 0.5898692810457516 0.1128747795414462 0.016339869281045694 0.042328042328042326
1 0.5984477124183006 0.14991181657848324 0.018790849673202548 0.04585537918871252
1 0.5943627450980392 0.18871252204585537 0.017156862745097978 0.042328042328042326
1 0.6156045751633987 0.19135802469135801 0.01879084967320266 0.05114638447971781
1 0.6229575163398693 0.12257495590828923 0.01388888888888884 0.04056437389770723
1 0.6401143790849673 0.14462081128747795 0.01715686274509809 0.04585537918871252
1 0.6503267973856209 0.17372134038800705 0.014705882352941124 0.037037037037037035
1 0.6495098039215687 0.12081128747795414 0.014705882352941124 0.04056437389770723
1 0.6801470588235294 0.12874779541446207 0.01715686274509809 0.03880070546737213
1 0.6821895424836601 0.16137566137566137 0.017973856209150263 0.04056437389770723
1 0.7066993464052287 0.14991181657848324 0.016339869281045805 0.042328042328042326
1 0.5674019607843137 0.33597883597883593 0.025326797385620936 0.07231040564373897
1 0.599264705882353 0.38888888888888884 0.026960784313725505 0.06878306878306878
1 0.65359477124183 0.4056437389770723 0.02941176470588236 0.07054673721340388
1 0.6094771241830066 0.28835978835978837 0.02777777777777779 0.0582010582010582
1 0.6482843137254901 0.2698412698412698 0.025326797385620936 0.06701940035273368
1 0.7079248366013071 0.20899470899470898 0.01879084967320266 0.04409171075837742
1 0.7156862745098039 0.25837742504409167 0.02450980392156854 0.0582010582010582
1 0.7267156862745099 0.2037037037037037 0.01715686274509809 0.047619047619047616
1 0.7340686274509804 0.22839506172839505 0.01552287581699352 0.04409171075837742
1 0.7491830065359477 0.2001763668430335 0.016339869281045694 0.04056437389770723
1 0.7712418300653594 0.20458553791887124 0.014705882352941235 0.042328042328042326
1 0.770016339869281 0.1781305114638448 0.01715686274509809 0.03527336860670194
1 0.7426470588235294 0.2857142857142857 0.019607843137254943 0.0564373897707231
1 0.7193627450980392 0.4056437389770723 0.025326797385620825 0.06701940035273368
1 0.7928921568627452 0.44885361552028213 0.031862745098039214 0.08641975308641975
1 0.8100490196078431 0.30246913580246915 0.020424836601307117 0.06172839506172839
1 0.7867647058823529 0.2566137566137566 0.017973856209150263 0.0582010582010582
1 0.8108660130718954 0.21869488536155202 0.018790849673202548 0.04585537918871252
1 0.8047385620915033 0.18342151675485008 0.016339869281045805 0.03880070546737213
1 0.8251633986928104 0.21075837742504408 0.013071895424836666 0.04056437389770723
1 0.863562091503268 0.22310405643738976 0.013071895424836666 0.04056437389770723
1 0.8545751633986929 0.3403880070546737 0.017973856209150374 0.0564373897707231
1 0.8643790849673203 0.31481481481481477 0.016339869281045805 0.04056437389770723
1 0.8848039215686274 0.27954144620811283 0.017973856209150374 0.054673721340388004
1 0.8770424836601307 0.24779541446208111 0.015522875816993409 0.037037037037037035
1 0.895016339869281 0.2566137566137566 0.01552287581699352 0.037037037037037035
1 0.9027777777777778 0.23192239858906524 0.014705882352941124 0.04409171075837742
1 0.8758169934640523 0.43209876543209874 0.02450980392156854 0.07407407407407407
1 0.8794934640522876 0.501763668430335 0.03839869281045749 0.07231040564373903
1 0.9579248366013071 0.4603174603174603 0.028594771241830075 0.08112874779541446
1 0.946078431372549 0.3871252204585538 0.021241830065359513 0.07231040564373897
1 0.9293300653594772 0.3350970017636684 0.020424836601307228 0.06349206349206349
1 0.9305555555555556 0.27336860670194 0.013071895424836555 0.03880070546737213
1 0.9444444444444444 0.24074074074074073 0.013071895424836555 0.04409171075837742
1 0.9783496732026145 0.26807760141093473 0.01388888888888895 0.03527336860670194
1 0.9722222222222222 0.30511463844797176 0.016339869281045694 0.042328042328042326
1 0.9652777777777778 0.32275132275132273 0.017156862745097978 0.04585537918871252
1 0.9714052287581699 0.37213403880070545 0.02450980392156854 0.06349206349206349
