1 0.1487341772151899 0.3398876404494382 0.026898734177215194 0.0561797752808989
1 0.16811708860759494 0.3771067415730337 0.03401898734177214 0.0856741573033708
1 0.22349683544303797 0.3258426966292135 0.0276898734177215 0.0702247191011236
1 0.23022151898734178 0.2731741573033708 0.022151898734177222 0.05477528089887643
1 0.26819620253164556 0.2563202247191011 0.02373417721518989 0.040730337078651674
1 0.29430379746835444 0.2282303370786517 0.01898734177215189 0.043539325842696625
1 0.31843354430379744 0.23806179775280897 0.0229430379746835 0.05196629213483145
1 0.34295886075949367 0.23946629213483145 0.022943037974683556 0.0547752808988764
1 0.31447784810126583 0.3490168539325843 0.037183544303797444 0.07443820224719105
1 0.36194620253164556 0.44241573033707865 0.05142405063291139 0.1039325842696629
1 0.339003164556962 0.5400280898876404 0.057753164556962056 0.1081460674157303
1 0.3971518987341772 0.2148876404494382 0.022151898734177222 0.056179775280898875
1 0.41969936708860756 0.2226123595505618 0.0276898734177215 0.0660112359550562
