1 0.11970684039087948 0.5443037974683544 0.04071661237785017 0.07313642756680738
1 0.21579804560260585 0.34247538677918427 0.01954397394136806 0.03797468354430378
1 0.24389250814332247 0.3769338959212377 0.021986970684039098 0.04500703234880449
1 0.2756514657980456 0.37130801687763715 0.021986970684039098 0.04781997187060477
1 0.2723941368078176 0.31856540084388185 0.02035830618892509 0.035161744022503494
1 0.32410423452768733 0.36075949367088606 0.024429967426710053 0.04641350210970463
1 0.33998371335504884 0.33614627285513365 0.02035830618892509 0.036568213783403636
1 0.33672638436482083 0.30309423347398035 0.017100977198697076 0.03516174402250355
1 0.36807817589576547 0.3410689170182841 0.01791530944625408 0.03797468354430378
1 0.3945439739413681 0.33825597749648384 0.021986970684039098 0.04078762306610406
1 0.3933224755700326 0.30520393811533053 0.01791530944625408 0.02812939521800284
1 0.3754071661237785 0.2679324894514768 0.014657980456026065 0.026722925457102642
1 0.38762214983713356 0.2841068917018284 0.01791530944625408 0.02812939521800284
1 0.41042345276872966 0.26230661040787623 0.016286644951140072 0.026722925457102642
1 0.42996742671009774 0.26441631504922647 0.014657980456026065 0.030942334739803068
1 0.4450325732899023 0.2749648382559775 0.018729641693811028 0.035161744022503494
1 0.4499185667752443 0.24472573839662448 0.015472312703583069 0.030942334739803123
1 0.49144951140065146 0.2651195499296765 0.017100977198697076 0.035161744022503494
1 0.504071661237785 0.28270042194092826 0.01791530944625408 0.03375527426160341
1 0.50814332247557 0.2545710267229254 0.014657980456026065 0.028129395218002784
1 0.5317589576547231 0.2841068917018284 0.01791530944625408 0.03656821378340369
1 0.48697068403908794 0.3340365682137834 0.019543973941368087 0.03797468354430378
1 0.4466612377850163 0.3241912798874824 0.02361563517915305 0.03797468354430378
1 0.4189739413680782 0.31504922644163147 0.02035830618892509 0.036568213783403636
1 0.43444625407166126 0.35372714486638535 0.02361563517915305 0.03797468354430383
1 0.5166938110749186 0.36708860759493667 0.025244299674267112 0.04781997187060477
1 0.4511400651465798 0.430379746835443 0.029315960912052075 0.05907172995780591
1 0.5211726384364821 0.4345991561181435 0.03420195439739415 0.06188466947960619
1 0.5382736156351792 0.25035161744022505 0.016286644951140072 0.03375527426160335
1 0.5411237785016287 0.2222222222222222 0.015472312703583069 0.02812939521800281
1 0.5557817589576548 0.2580872011251758 0.015472312703583069 0.029535864978902926
1 0.5586319218241043 0.23417721518987344 0.013029315960912058 0.03234880450070324
1 0.5806188925081434 0.2545710267229254 0.016286644951140072 0.0253164556962025
1 0.5850977198697069 0.2327707454289733 0.015472312703583069 0.029535864978902954
1 0.5928338762214984 0.21378340365682136 0.013029315960912058 0.02812939521800281
1 0.613599348534202 0.21448663853727146 0.013843648208469062 0.029535864978902954
1 0.6221498371335505 0.22995780590717302 0.014657980456025954 0.02672292545710267
1 0.6478013029315961 0.21800281293952178 0.013843648208469062 0.02812939521800281
1 0.6592019543973942 0.2327707454289733 0.012214983713355054 0.029535864978902954
1 0.6673452768729642 0.22151898734177217 0.017100977198697076 0.03234880450070324
1 0.6144136807817591 0.2609001406469761 0.017100977198697076 0.029535864978902926
1 0.5850977198697069 0.3305203938115331 0.025244299674267112 0.04781997187060477
1 0.5659609120521173 0.4606188466947961 0.037459283387622166 0.07454289732770747
1 0.6172638436482085 0.47538677918424754 0.037459283387622055 0.08157524613220812
1 0.604641693811075 0.37130801687763715 0.025244299674267112 0.04500703234880449
1 0.637214983713355 0.3755274261603375 0.025244299674267 0.06188466947960619
1 0.6722312703583062 0.37763713080168776 0.023615635179153105 0.049226441631504914
1 0.7015472312703583 0.40787623066104084 0.03175895765472314 0.05625879043600562
1 0.618485342019544 0.3108298171589311 0.02035830618892498 0.042194092827004204
1 0.655130293159609 0.2841068917018284 0.02035830618892509 0.03375527426160341
1 0.6657166123778502 0.319971870604782 0.021986970684039098 0.049226441631504914
1 0.6860749185667752 0.30309423347398035 0.018729641693811083 0.03797468354430383
1 0.6881107491856677 0.2538677918424754 0.016286644951140072 0.03797468354430378
1 0.7214983713355049 0.2651195499296765 0.016286644951140072 0.03234880450070321
1 0.7182410423452769 0.2419127988748242 0.013029315960912058 0.030942334739803123
1 0.7292345276872965 0.2320675105485232 0.015472312703583069 0.030942334739803096
1 0.748371335504886 0.26230661040787623 0.014657980456026065 0.03234880450070321
1 0.757328990228013 0.2883263009845288 0.014657980456026065 0.03375527426160341
1 0.7658794788273615 0.24753867791842477 0.017100977198697076 0.03375527426160341
1 0.7935667752442996 0.24613220815752462 0.017100977198697076 0.030942334739803123
1 0.6848534201954397 0.5443037974683544 0.037459283387622166 0.07876230661040795
1 0.7593648208469055 0.43600562587904357 0.030130293159609134 0.06469760900140648
1 0.7931596091205212 0.3663853727144866 0.021172638436482094 0.0520393811533052
1 0.8070032573289903 0.5028129395218003 0.03420195439739415 0.08016877637130798
1 0.8224755700325733 0.4711673699015471 0.03420195439739415 0.07313642756680727
1 0.8367263843648209 0.3987341772151899 0.02687296416938112 0.0520393811533052
1 0.8945439739413681 0.4704641350210971 0.03338762214983715 0.07172995780590719
1 0.9197882736156351 0.3663853727144866 0.021986970684039098 0.0520393811533052
1 0.9039087947882736 0.33755274261603374 0.021172638436482094 0.042194092827004204
1 0.9169381107491856 0.3171589310829817 0.016286644951140072 0.035161744022503494
1 0.876628664495114 0.2805907172995781 0.017100977198696965 0.03797468354430378
1 0.873371335504886 0.32841068917018285 0.017100977198696965 0.035161744022503494
1 0.853013029315961 0.34247538677918427 0.02035830618892509 0.043600562587904346
1 0.8306188925081434 0.3319268635724332 0.0228013029315961 0.04500703234880449
1 0.7984527687296417 0.30520393811533053 0.018729641693811083 0.03938115330520392
1 0.7968241042345277 0.2742616033755274 0.015472312703583069 0.028129395218002784
1 0.8241042345276873 0.2616033755274262 0.016286644951140072 0.03938115330520392
1 0.8359120521172638 0.2819971870604782 0.018729641693811083 0.04078762306610406
1 0.8493485342019544 0.26582278481012656 0.019543973941368087 0.03938115330520392
