1 0.9006499535747448 0.22240802675585286 0.01299907149489321 0.03344481605351171
1 0.8918291550603529 0.24414715719063546 0.013927576601671321 0.03678929765886288
1 0.9243268337975858 0.2491638795986622 0.01578458681522743 0.04013377926421405
1 0.8217270194986073 0.2516722408026756 0.01857010213556176 0.04849498327759197
1 0.7618384401114207 0.13127090301003344 0.010213556174558991 0.03511705685618731
1 0.77669452181987 0.1379598662207358 0.0120705663881151 0.03177257525083613
1 0.5872794800371401 0.061036789297658864 0.010213556174558991 0.0217391304347826
1 0.6262766945218199 0.12876254180602006 0.0120705663881151 0.03010033444816053
1 0.649025069637883 0.11872909698996656 0.01114206128133699 0.02675585284280936
1 0.6453110492107708 0.1379598662207358 0.01299907149489321 0.02842809364548496
1 0.595636025998143 0.22240802675585286 0.01764159702878365 0.05016722408026755
1 0.41318477251624885 0.21571906354515052 0.016713091922005596 0.03678929765886288
