1 0.09375 0.727346278317152 0.158203125 0.27022653721682854
1 0.16064453125 0.48220064724919093 0.0986328125 0.20064724919093846
1 0.259765625 0.44902912621359226 0.076171875 0.1699029126213592
1 0.30712890625 0.46359223300970875 0.0498046875 0.10841423948220058
1 0.53076171875 0.6051779935275081 0.1396484375 0.2783171521035599
1 0.611328125 0.4886731391585761 0.09375 0.1747572815533981
1 0.7080078125 0.4983818770226537 0.080078125 0.1391585760517799
1 0.7890625 0.45307443365695793 0.068359375 0.14239482200647247
1 0.8935546875 0.1779935275080906 0.087890625 0.16828478964401294
1 0.9521484375 0.7249190938511327 0.095703125 0.2944983818770227
