1 0.07847165160230074 0.5648148148148149 0.05176663927691044 0.11279461279461278
1 0.2037797863599014 0.2702020202020202 0.021364009860312255 0.03872053872053871
1 0.21281840591618734 0.29545454545454547 0.021364009860312255 0.04208754208754206
1 0.26129827444535747 0.24242424242424243 0.01807723911257192 0.04040404040404044
1 0.2769104354971241 0.25 0.018077239112571863 0.04882154882154885
1 0.2921117502054232 0.22053872053872053 0.020542317173377178 0.047138047138047146
1 0.32128184059161874 0.23653198653198654 0.019720624486442073 0.05555555555555558
1 0.33278553820870993 0.22053872053872053 0.01807723911257192 0.0505050505050505
1 0.35004108463434674 0.2053872053872054 0.018077239112571863 0.040404040404040414
1 0.35291700903861956 0.2727272727272727 0.022185702547247277 0.053872053872053904
1 0.3829087921117502 0.25757575757575757 0.01807723911257192 0.043771043771043766
1 0.37469186524239934 0.19865319865319864 0.016433853738701765 0.040404040404040414
1 0.41659819227608874 0.1994949494949495 0.016433853738701765 0.03872053872053871
1 0.4272801972062449 0.30387205387205385 0.023007395234182437 0.05218855218855217
1 0.4593262119967132 0.2558922558922559 0.021364009860312227 0.043771043771043794
1 0.42933442892358253 0.1717171717171717 0.017255546425636814 0.04040404040404039
1 0.44207066557107644 0.16835016835016836 0.014790468364831555 0.023569023569023573
1 0.46754313886606413 0.17929292929292928 0.021364009860312227 0.04208754208754209
1 0.4794576828266228 0.1590909090909091 0.015612161051766604 0.03872053872053871
1 0.485620377978636 0.21043771043771042 0.019720624486442073 0.03703703703703706
1 0.5082169268693508 0.1776094276094276 0.01725554642563687 0.03872053872053871
1 0.5172555464256368 0.16666666666666666 0.01561216105176666 0.037037037037037035
1 0.5382087099424815 0.234006734006734 0.019720624486442073 0.04713804713804712
1 0.5571076417419885 0.21464646464646464 0.016433853738701765 0.04208754208754209
1 0.5550534100246508 0.16498316498316498 0.01889893179950697 0.043771043771043794
1 0.5443714050944947 0.1430976430976431 0.015612161051766549 0.033670033670033656
1 0.5718981101068201 0.14057239057239057 0.014790468364831555 0.03535353535353536
1 0.5883319638455218 0.13131313131313133 0.014790468364831555 0.03703703703703705
1 0.575595727198028 0.17929292929292928 0.01889893179950697 0.04208754208754209
1 0.5957271980279375 0.15993265993265993 0.014790468364831555 0.030303030303030304
1 0.6043549712407559 0.18265993265993266 0.01396877567789645 0.03535353535353536
1 0.6142152834839769 0.20370370370370372 0.01725554642563687 0.04713804713804712
1 0.6047658175842234 0.30134680134680136 0.02465078060805259 0.057239057239057256
1 0.5677896466721446 0.3434343434343434 0.02465078060805259 0.0505050505050505
1 0.5973705834018077 0.3846801346801347 0.0279375513557929 0.06565656565656564
1 0.6232539030402628 0.13720538720538722 0.01396877567789645 0.038720538720538725
1 0.6454396055875102 0.15067340067340068 0.01561216105176666 0.03535353535353536
1 0.6495480690221858 0.18771043771043772 0.01561216105176666 0.03872053872053871
1 0.6602300739523419 0.13636363636363635 0.01396877567789645 0.03367003367003367
1 0.6857025472473295 0.14562289562289563 0.01396877567789645 0.03198653198653201
1 0.6795398520953164 0.16414141414141414 0.014790468364831555 0.04208754208754209
1 0.7066557107641742 0.1590909090909091 0.014790468364831555 0.03535353535353536
1 0.6918652423993427 0.22053872053872053 0.018077239112571863 0.043771043771043766
1 0.6565324568611339 0.2601010101010101 0.02629416598192269 0.05555555555555558
1 0.7206244864420707 0.26683501683501687 0.023007395234182493 0.04208754208754212
1 0.7354149548069022 0.23569023569023567 0.019720624486442073 0.040404040404040414
1 0.7391125718981101 0.20117845117845118 0.01725554642563676 0.03872053872053871
1 0.7674609695973706 0.19107744107744107 0.018077239112571974 0.04208754208754209
1 0.7752670501232539 0.2095959595959596 0.01725554642563676 0.04545454545454544
1 0.6561216105176664 0.40488215488215484 0.032046014790468424 0.055555555555555525
1 0.7198027937551357 0.414983164983165 0.03451109285127363 0.06565656565656569
1 0.7477403451109286 0.2895622895622896 0.02465078060805259 0.047138047138047146
1 0.8056696795398521 0.19781144781144783 0.01889893179950697 0.03535353535353533
1 0.8167625308134758 0.23232323232323232 0.018077239112571974 0.040404040404040414
1 0.791290057518488 0.26430976430976433 0.021364009860312172 0.05387205387205388
1 0.8122432210353328 0.3047138047138047 0.01889893179950697 0.0572390572390572
1 0.7953985209531635 0.44107744107744107 0.02958093672966311 0.07744107744107742
1 0.8672966310599836 0.4890572390572391 0.030402629416598215 0.07912457912457915
1 0.8574363188167626 0.3787878787878788 0.023829087921117487 0.06060606060606061
1 0.8393590797041907 0.22390572390572389 0.01725554642563676 0.040404040404040414
1 0.8672966310599836 0.2398989898989899 0.01725554642563676 0.03535353535353536
1 0.8771569433032046 0.2297979797979798 0.015612161051766549 0.03872053872053871
1 0.8989317995069843 0.2617845117845118 0.014790468364831555 0.04208754208754209
1 0.9059161873459327 0.24074074074074076 0.01396877567789645 0.033670033670033656
1 0.866885784716516 0.3181818181818182 0.019720624486442073 0.0505050505050505
1 0.8866064092029581 0.3005050505050505 0.016433853738701654 0.04208754208754206
1 0.9260476581758422 0.3367003367003367 0.016433853738701654 0.0505050505050505
1 0.8894823336072308 0.3973063973063973 0.023829087921117487 0.053872053872053904
1 0.9461791290057519 0.39057239057239057 0.020542317173377178 0.0572390572390572
1 0.9601479046836483 0.4478114478114478 0.025472473294987696 0.07744107744107742
1 0.9741166803615448 0.37373737373737376 0.01889893179950697 0.047138047138047146
1 0.9741166803615449 0.3442760942760943 0.01561216105176666 0.04545454545454547
1 0.9745275267050124 0.3164983164983165 0.016433853738701765 0.04040404040404044
1 0.9285127362366474 0.2769360269360269 0.014790468364831555 0.04208754208754206
1 0.9539852095316352 0.25673400673400676 0.013147082990961345 0.04208754208754209
1 0.9868529170090385 0.26346801346801346 0.013147082990961345 0.03872053872053871
