1 0.1382890365448505 0.5319303338171263 0.04069767441860467 0.07982583454281561
1 0.23089700996677742 0.341799709724238 0.01661129568106315 0.03628447024673437
1 0.25373754152823924 0.3889695210449927 0.024086378737541547 0.040638606676342504
1 0.2898671096345515 0.36647314949201737 0.019933554817275767 0.04499274310595064
1 0.2857142857142857 0.3149492017416545 0.018272425249169444 0.03483309143686503
1 0.34011627906976744 0.35921625544267055 0.022425249169435224 0.05079825834542817
1 0.35714285714285715 0.33381712626995647 0.01661129568106312 0.037735849056603765
1 0.38205980066445183 0.34905660377358494 0.019933554817275767 0.04499274310595064
1 0.35506644518272423 0.30116110304789545 0.017441860465116255 0.03047895500725689
1 0.3928571428571429 0.26342525399129174 0.014950166112956798 0.03338171262699566
1 0.4111295681063123 0.2743105950653121 0.013289036544850474 0.02902757619738755
1 0.41320598006644516 0.33599419448476053 0.0207641196013289 0.04499274310595064
1 0.40988372093023256 0.3033381712626996 0.01578073089700993 0.026124818577648756
1 0.43687707641196016 0.31567489114658925 0.018272425249169444 0.03338171262699563
1 0.4451827242524917 0.3367198838896952 0.02159468438538209 0.04063860667634256
1 0.438953488372093 0.2844702467343977 0.014119601328903664 0.03193033381712629
1 0.4285714285714286 0.2597968069666183 0.01328903654485053 0.029027576197387495
1 0.46220930232558144 0.27213352685050796 0.015780730897009987 0.03628447024673437
1 0.4680232558139535 0.31204644412191584 0.01744186046511631 0.02902757619738755
1 0.4692691029900332 0.24165457184325106 0.01661129568106312 0.027576197387518125
1 0.4995847176079734 0.2656023222060958 0.01411960132890372 0.02902757619738755
1 0.5303156146179402 0.27866473149492016 0.019102990033222578 0.03193033381712629
1 0.5261627906976745 0.25036284470246734 0.0174418604651162 0.03047895500725692
1 0.550249169435216 0.24600870827285923 0.01578073089700993 0.03047895500725689
1 0.561046511627907 0.28301886792452835 0.01578073089700993 0.03483309143686503
1 0.5780730897009967 0.26705370101596515 0.0182724252491695 0.03193033381712629
1 0.571843853820598 0.22060957910014514 0.012458471760797396 0.026124818577648756
1 0.6104651162790697 0.25108853410740206 0.014950166112956853 0.029027576197387522
1 0.6004983388704319 0.23294629898403485 0.011627906976744207 0.024673439767779387
1 0.6154485049833887 0.2111756168359942 0.013289036544850474 0.027576197387518153
1 0.632890365448505 0.21335268505079827 0.011627906976744207 0.023222060957910018
1 0.6432724252491695 0.25108853410740206 0.014119601328903664 0.029027576197387522
1 0.6773255813953488 0.2104499274310595 0.012458471760797396 0.029027576197387522
1 0.6818936877076411 0.2358490566037736 0.014950166112956853 0.027576197387518153
1 0.6918604651162791 0.22423802612481858 0.01661129568106312 0.03047895500725689
1 0.5049833887043189 0.33236574746008707 0.018272425249169444 0.040638606676342504
1 0.48629568106312293 0.4078374455732946 0.03073089700996673 0.06386066763425252
1 0.5411129568106312 0.44049346879535556 0.03405315614617943 0.06240928882438318
1 0.6092192691029901 0.4550072568940493 0.03239202657807305 0.06821480406386066
1 0.5448504983388704 0.3606676342525399 0.02491694352159468 0.05079825834542817
1 0.6092192691029901 0.33381712626995647 0.02574750830564787 0.046444121915820036
1 0.6266611295681064 0.3722786647314949 0.030730897009966784 0.05079825834542817
1 0.6449335548172758 0.4709724238026125 0.03239202657807305 0.06821480406386066
1 0.7167774086378738 0.5174165457184325 0.04485049833887045 0.07982583454281567
1 0.6644518272425248 0.3795355587808418 0.02491694352159468 0.059506531204644386
1 0.651578073089701 0.3454281567489115 0.022425249169435224 0.04354136429608124
1 0.6407807308970099 0.306966618287373 0.01744186046511631 0.0420899854862119
1 0.6777408637873754 0.2772133526850508 0.01661129568106312 0.037735849056603765
1 0.7005813953488371 0.29390420899854863 0.019102990033222578 0.03918722786647316
1 0.712624584717608 0.24963715529753266 0.01827242524916939 0.037735849056603765
1 0.6964285714285714 0.36429608127721336 0.02408637873754149 0.05224963715529751
1 0.7296511627906976 0.4056603773584906 0.030730897009966784 0.050798258345428116
1 0.7861295681063123 0.4390420899854862 0.029069767441860517 0.06531204644412192
1 0.845514950166113 0.5101596516690856 0.03488372093023251 0.07111756168359945
1 0.8504983388704319 0.4695210449927431 0.03156146179401986 0.05950653120464444
1 0.8210132890365449 0.3657474600870827 0.02408637873754149 0.05515239477503625
1 0.7441860465116279 0.2409288824383164 0.014950166112956742 0.029027576197387495
1 0.7495847176079734 0.23512336719883892 0.010797342192691017 0.029027576197387522
1 0.7537375415282392 0.2692307692307692 0.019102990033222578 0.0420899854862119
1 0.7865448504983389 0.283744557329463 0.01661129568106312 0.03918722786647316
1 0.7944352159468439 0.2641509433962264 0.014119601328903553 0.03193033381712629
1 0.7774086378737541 0.2677793904208998 0.014950166112956742 0.033381712626995685
1 0.7936046511627907 0.2416545718432511 0.01744186046511631 0.03047895500725689
1 0.8185215946843853 0.24528301886792453 0.01578073089700993 0.037735849056603765
1 0.8297342192691031 0.2793904208998549 0.01827242524916939 0.033381712626995685
1 0.8193521594684385 0.3127721335268505 0.01744186046511631 0.03338171262699563
1 0.8359634551495017 0.34252539912917274 0.01910299003322269 0.046444121915820036
1 0.8542358803986712 0.33454281567489114 0.019102990033222578 0.036284470246734424
1 0.864202657807309 0.27866473149492016 0.01744186046511631 0.037735849056603765
1 0.8525747508305648 0.2597968069666183 0.014119601328903664 0.029027576197387495
1 0.8891196013289036 0.2576197387518142 0.014119601328903664 0.03047895500725692
1 0.9028239202657807 0.2815674891146589 0.014950166112956742 0.03193033381712623
1 0.8783222591362126 0.33889695210449927 0.01578073089700993 0.044992743105950694
1 0.901578073089701 0.32728592162554426 0.0174418604651162 0.03918722786647311
1 0.8662790697674418 0.4107402031930334 0.028239202657807327 0.06095791001451378
1 0.9210963455149501 0.45936139332365744 0.03322259136212624 0.07111756168359945
1 0.9327242524916943 0.37663280116110304 0.021594684385382035 0.05079825834542817
1 0.9219269102990033 0.3236574746008708 0.0182724252491695 0.03773584905660382
1 0.9422757475083057 0.3098693759071117 0.01578073089700993 0.03918722786647316
1 0.9485049833887043 0.2895500725689405 0.014950166112956853 0.02467343976777936
