1 0.41666666666666663 0.38503086419753085 0.057291666666666685 0.10648148148148151
1 0.39192708333333337 0.3263888888888889 0.033854166666666685 0.06635802469135799
1 0.37239583333333337 0.2692901234567901 0.026041666666666685 0.054012345679012336
1 0.45095486111111116 0.2770061728395062 0.025173611111111105 0.0478395061728395
1 0.5247395833333333 0.27391975308641975 0.02517361111111105 0.05092592592592593
1 0.55078125 0.3734567901234568 0.03732638888888884 0.07407407407407407
1 0.58203125 0.2939814814814815 0.03038194444444442 0.050925925925925875
1 0.62109375 0.26697530864197533 0.0234375 0.04938271604938274
1 0.8702256944444444 0.2916666666666667 0.1762152777777778 0.2777777777777778
1 0.29036458333333337 0.3179012345679012 0.030381944444444475 0.06172839506172839
1 0.2339409722222222 0.3672839506172839 0.0390625 0.08024691358024688
1 0.2052951388888889 0.3101851851851852 0.02690972222222221 0.05246913580246915
1 0.14583333333333334 0.3395061728395061 0.029513888888888895 0.06172839506172839
1 0.1506076388888889 0.3140432098765432 0.025173611111111105 0.0478395061728395
1 0.1349826388888889 0.28703703703703703 0.021701388888888895 0.043209876543209846
1 0.11328125 0.283179012345679 0.025173611111111105 0.060185185185185175
1 0.0681423611111111 0.29166666666666663 0.026909722222222224 0.0432098765432099
1 0.024305555555555556 0.31481481481481477 0.029513888888888888 0.05864197530864196
1 0.022135416666666664 0.26774691358024694 0.0234375 0.03858024691358025
