1 0.06545454545454546 0.45901639344262296 0.08363636363636363 0.1202185792349727
1 0.1 0.41530054644808745 0.06909090909090909 0.11475409836065575
1 0.2690909090909091 0.4262295081967213 0.05090909090909093 0.09836065573770492
1 0.3590909090909091 0.4426229508196722 0.027272727272727282 0.04918032786885246
1 0.39090909090909093 0.4603825136612022 0.032727272727272716 0.05737704918032788
1 0.42454545454545456 0.4603825136612022 0.04545454545454547 0.0901639344262295
1 0.4545454545454546 0.46584699453551914 0.02909090909090911 0.05737704918032788
1 0.4672727272727273 0.42622950819672134 0.021818181818181848 0.04371584699453551
1 0.5081818181818182 0.40710382513661203 0.04181818181818181 0.07650273224043713
1 0.540909090909091 0.43579234972677594 0.034545454545454546 0.06284153005464482
1 0.8181818181818181 0.44808743169398907 0.054545454545454564 0.08196721311475408
1 0.9309090909090909 0.4316939890710383 0.07636363636363641 0.12021857923497264
1 0.5963636363636364 0.4521857923497268 0.021818181818181848 0.040983606557377095
