1 0.1545643153526971 0.39385474860335196 0.03734439834024897 0.10242085661080069
1 0.3822614107883817 0.15456238361266295 0.013485477178423244 0.029795158286778395
1 0.3869294605809128 0.2085661080074488 0.01452282157676349 0.037243947858473014
1 0.41493775933609955 0.21042830540037244 0.01452282157676349 0.03351955307262572
1 0.44450207468879666 0.22067039106145253 0.015560165975103735 0.03538175046554934
1 0.47199170124481327 0.16480446927374304 0.01867219917012447 0.03538175046554934
1 0.5705394190871369 0.11824953445065177 0.010373443983402453 0.027932960893854747
1 0.5108921161825726 0.18435754189944134 0.01763485477178428 0.037243947858473014
1 0.5513485477178424 0.18808193668528864 0.01556016597510379 0.04096834264432031
1 0.6161825726141079 0.25232774674115455 0.026970954356846488 0.04283054003724393
1 0.7821576763485477 0.21135940409683426 0.016597510373443924 0.05027932960893855
1 0.8319502074688796 0.2569832402234637 0.020746887966805017 0.048417132216014874
1 0.9346473029045643 0.1945996275605214 0.020746887966804906 0.05027932960893855
1 0.9211618257261411 0.26629422718808193 0.022821576763485507 0.04096834264432028
