1 0.18793273986152326 0.4456140350877193 0.04154302670623147 0.08070175438596494
1 0.3407517309594461 0.25 0.020771513353115723 0.04385964912280704
1 0.38625123639960435 0.2482456140350877 0.024727992087042572 0.04035087719298247
1 0.44312561819980223 0.26228070175438595 0.017804154302670627 0.04035087719298244
1 0.4970326409495549 0.22631578947368422 0.02274975272007912 0.03508771929824561
1 0.4416419386745796 0.22017543859649122 0.016815034619188873 0.033333333333333326
1 0.39119683481701284 0.19649122807017544 0.01681503461918893 0.03157894736842104
1 0.3654797230464886 0.19473684210526315 0.014836795252225476 0.028070175438596495
1 0.42235410484668645 0.1850877192982456 0.015825914935707175 0.033333333333333326
1 0.47032640949554894 0.18771929824561404 0.018793273986152326 0.03157894736842104
1 0.4658753709198813 0.1456140350877193 0.013847675568743834 0.024561403508771923
1 0.49950544015825915 0.13157894736842105 0.011869436201780381 0.024561403508771937
1 0.5257171117705243 0.1324561403508772 0.010880316518298683 0.02280701754385965
1 0.5415430267062314 0.1324561403508772 0.01285855588526208 0.019298245614035092
1 0.5128585558852621 0.19035087719298244 0.016815034619188984 0.02982456140350878
1 0.5375865479723047 0.2 0.020771513353115667 0.03157894736842107
1 0.586053412462908 0.17719298245614035 0.014836795252225476 0.03157894736842104
1 0.5786350148367952 0.12543859649122807 0.009891196834816984 0.029824561403508767
1 0.6167161226508407 0.11403508771929824 0.010880316518298683 0.021052631578947364
1 0.6201780415430267 0.14298245614035088 0.013847675568743778 0.026315789473684237
1 0.6360039564787339 0.2587719298245614 0.01978239366963408 0.043859649122807015
1 0.5850642927794263 0.24473684210526314 0.022749752720079175 0.04035087719298244
1 0.6285855588526212 0.2131578947368421 0.01879327398615238 0.033333333333333326
1 0.655786350148368 0.18421052631578946 0.021760633036597365 0.03508771929824561
1 0.7467853610286845 0.17894736842105263 0.013847675568743889 0.028070175438596467
1 0.731948565776459 0.15263157894736842 0.011869436201780381 0.02456140350877195
1 0.6988130563798219 0.1719298245614035 0.01879327398615227 0.024561403508771923
1 0.6973293768545994 0.20526315789473684 0.015825914935707175 0.03508771929824561
1 0.7166172106824926 0.22807017543859648 0.01879327398615238 0.0456140350877193
1 0.7606330365974283 0.26403508771929823 0.017804154302670572 0.033333333333333326
1 0.6671612265084075 0.27807017543859647 0.02670623145400597 0.04736842105263156
1 0.7729970326409495 0.3043859649122807 0.022749752720079064 0.05087719298245619
1 0.8016815034619189 0.30701754385964913 0.01879327398615227 0.04561403508771933
1 0.8353115727002967 0.31491228070175437 0.024727992087042572 0.05087719298245613
1 0.8644906033630069 0.2833333333333333 0.01978239366963408 0.04035087719298247
1 0.9109792284866469 0.34912280701754383 0.023738872403560873 0.05964912280701756
1 0.9268051434223541 0.3140350877192982 0.017804154302670572 0.0421052631578947
1 0.9272997032640949 0.20350877192982458 0.016815034619188873 0.04210526315789473
1 0.947082096933729 0.17982456140350878 0.010880316518298794 0.033333333333333326
1 0.8625123639960435 0.19298245614035087 0.013847675568743889 0.03157894736842107
1 0.8887240356083086 0.2324561403508772 0.01879327398615227 0.04035087719298247
1 0.8353115727002967 0.23508771929824562 0.016815034619188984 0.03508771929824561
1 0.8481701285855588 0.20614035087719298 0.016815034619188873 0.029824561403508754
1 0.8382789317507419 0.18771929824561404 0.016815034619188873 0.03157894736842104
1 0.9317507418397626 0.28771929824561404 0.015825914935707175 0.038596491228070184
