1 0.3671875 0.37215909090909094 0.09517045454545459 0.14583333333333331
1 0.5008877840909091 0.43016098484848486 0.027343749999999944 0.04214015151515149
1 0.5310724431818182 0.5298295454545454 0.02734375 0.04640151515151514
1 0.6061789772727273 0.5123106060606061 0.02627840909090906 0.04356060606060602
1 0.18501420454545453 0.41548295454545453 0.02698863636363638 0.043087121212121215
1 0.12730823863636365 0.4327651515151515 0.06427556818181819 0.0776515151515152
1 0.018821022727272728 0.4950284090909091 0.03622159090909091 0.06770833333333337
1 0.6837713068181819 0.6124526515151515 0.05575284090909094 0.06865530303030298
1 0.6622869318181819 0.5871212121212122 0.035511363636363646 0.06060606060606066
1 0.6480823863636365 0.5570549242424243 0.034801136363636354 0.056344696969696906
1 0.7166193181818182 0.49266098484848486 0.03125 0.05066287878787873
1 0.7718394886363636 0.5381155303030303 0.02947443181818188 0.05445075757575757
1 0.8382457386363636 0.5177556818181819 0.03231534090909083 0.058238636363636354
1 0.8552911931818181 0.5887784090909092 0.05007102272727282 0.06581439393939392
1 0.8581321022727273 0.7286931818181818 0.10120738636363635 0.15625
1 0.9616477272727273 0.609375 0.048295454545454586 0.08049242424242431
