1 0.1932126696832579 0.4439102564102564 0.03529411764705884 0.07692307692307693
1 0.27963800904977376 0.23076923076923078 0.01809954751131221 0.03525641025641027
1 0.3067873303167421 0.23076923076923078 0.016289592760180993 0.028846153846153827
1 0.3312217194570136 0.23958333333333331 0.02171945701357464 0.030448717948717924
1 0.3199095022624434 0.19791666666666666 0.015384615384615385 0.033653846153846145
1 0.36832579185520364 0.1858974358974359 0.014479638009049778 0.03525641025641024
1 0.37873303167420813 0.16746794871794873 0.011764705882352955 0.024038461538461536
1 0.37058823529411766 0.23317307692307693 0.01357466063348417 0.03685897435897437
1 0.385972850678733 0.24759615384615385 0.022624434389140247 0.04006410256410256
1 0.41538461538461535 0.24759615384615385 0.019909502262443424 0.04006410256410256
1 0.41447963800904974 0.20272435897435898 0.016289592760180993 0.04006410256410259
1 0.4420814479638009 0.20432692307692307 0.015384615384615385 0.04006410256410256
1 0.4212669683257918 0.14983974358974358 0.015384615384615385 0.03044871794871795
1 0.4294117647058824 0.12259615384615384 0.01357466063348417 0.02724358974358973
1 0.41402714932126694 0.15144230769230768 0.01357466063348417 0.03044871794871795
1 0.4687782805429864 0.19631410256410256 0.018099547511312264 0.03685897435897434
1 0.5076923076923077 0.19150641025641024 0.014479638009049722 0.03685897435897437
1 0.48190045248868774 0.14743589743589744 0.01357466063348417 0.028846153846153855
1 0.4832579185520362 0.12900641025641024 0.010859728506787292 0.024038461538461536
1 0.5009049773755656 0.11858974358974358 0.013574660633484115 0.022435897435897453
1 0.5085972850678733 0.14983974358974358 0.014479638009049833 0.033653846153846145
1 0.5212669683257918 0.11939102564102565 0.012669683257918618 0.020833333333333343
1 0.5389140271493212 0.1658653846153846 0.0117647058823529 0.03044871794871795
1 0.5782805429864253 0.11538461538461538 0.01990950226244348 0.04166666666666666
1 0.5592760180995475 0.1482371794871795 0.014479638009049722 0.027243589743589758
1 0.5497737556561086 0.12259615384615385 0.01176470588235301 0.02083333333333333
1 0.5484162895927602 0.14423076923076922 0.010859728506787403 0.019230769230769246
1 0.6158371040723982 0.057692307692307696 0.009954751131221684 0.02243589743589744
1 0.5995475113122172 0.11698717948717949 0.009954751131221684 0.022435897435897426
1 0.6389140271493212 0.11137820512820512 0.010859728506787403 0.02403846153846155
1 0.6742081447963801 0.05929487179487179 0.010859728506787403 0.025641025641025633
1 0.6524886877828054 0.14423076923076922 0.009049773755656076 0.019230769230769246
1 0.6886877828054299 0.11858974358974358 0.010859728506787292 0.025641025641025647
1 0.7113122171945702 0.10977564102564102 0.010859728506787292 0.024038461538461536
1 0.48280542986425345 0.4158653846153846 0.06606334841628964 0.12019230769230765
1 0.567420814479638 0.22596153846153846 0.025339366515837125 0.051282051282051266
1 0.5538461538461539 0.18269230769230768 0.018099547511312264 0.03205128205128205
1 0.6135746606334842 0.2099358974358974 0.01628959276018105 0.038461538461538464
1 0.7081447963800904 0.3221153846153846 0.029864253393665163 0.06730769230769235
1 0.7502262443438914 0.33493589743589747 0.025339366515837014 0.05448717948717946
1 0.78868778280543 0.3004807692307693 0.020814479638009087 0.046474358974358976
1 0.6923076923076923 0.25881410256410253 0.021719457013574694 0.04967948717948717
1 0.6429864253393665 0.25080128205128205 0.022624434389140302 0.0496794871794872
1 0.6642533936651585 0.20993589743589744 0.01990950226244348 0.03525641025641024
1 0.6280542986425339 0.17467948717948717 0.012669683257918507 0.025641025641025633
1 0.7176470588235294 0.18349358974358976 0.014479638009049722 0.030448717948717924
1 0.7307692307692308 0.14743589743589744 0.01176470588235301 0.02564102564102566
1 0.7352941176470589 0.1810897435897436 0.013574660633484226 0.025641025641025633
1 0.7502262443438914 0.1923076923076923 0.016289592760180938 0.03525641025641027
1 0.7235294117647059 0.2123397435897436 0.017194570135746545 0.03685897435897437
1 0.7619909502262443 0.2403846153846154 0.01990950226244348 0.04487179487179488
1 0.788235294117647 0.23798076923076922 0.016289592760180938 0.033653846153846145
1 0.751131221719457 0.13221153846153846 0.016289592760180938 0.033653846153846145
1 0.7728506787330317 0.15544871794871795 0.012669683257918507 0.02564102564102566
1 0.795475113122172 0.1282051282051282 0.014479638009049833 0.02884615384615384
1 0.7909502262443439 0.17227564102564102 0.010859728506787292 0.027243589743589758
1 0.8076923076923077 0.1907051282051282 0.017194570135746545 0.028846153846153827
1 0.8221719457013574 0.24679487179487178 0.017194570135746656 0.051282051282051266
1 0.8384615384615385 0.24759615384615385 0.01538461538461533 0.033653846153846145
1 0.881447963800905 0.27003205128205127 0.018099547511312153 0.03044871794871795
1 0.8497737556561086 0.08733974358974358 0.014479638009049722 0.027243589743589744
1 0.8407239819004525 0.1594551282051282 0.014479638009049722 0.03685897435897437
1 0.8542986425339367 0.14663461538461536 0.010859728506787403 0.020833333333333343
1 0.8656108597285068 0.18509615384615385 0.013574660633484226 0.02724358974358973
1 0.8633484162895928 0.22596153846153846 0.014479638009049833 0.028846153846153855
1 0.8950226244343891 0.21474358974358976 0.012669683257918618 0.038461538461538464
1 0.9036199095022625 0.16907051282051283 0.013574660633484115 0.03044871794871795
1 0.8932126696832579 0.18028846153846154 0.014479638009049833 0.027243589743589758
1 0.9366515837104072 0.16987179487179488 0.012669683257918507 0.028846153846153855
1 0.9746606334841629 0.13381410256410256 0.010859728506787292 0.03044871794871795
1 0.9334841628959276 0.20192307692307693 0.0117647058823529 0.028846153846153855
1 0.9194570135746607 0.2251602564102564 0.014479638009049833 0.03685897435897437
1 0.9384615384615385 0.2668269230769231 0.019909502262443368 0.03685897435897434
1 0.8914027149321266 0.327724358974359 0.02352941176470591 0.05608974358974361
1 0.7009049773755656 0.17467948717948717 0.017194570135746656 0.03525641025641027
1 0.6266968325791855 0.1466346153846154 0.013574660633484115 0.027243589743589758
