1 0.10800000000000001 0.4242902208201893 0.048 0.07255520504731866
1 0.156 0.3974763406940063 0.03199999999999997 0.04416403785488959
1 0.23399999999999999 0.41324921135646686 0.036000000000000004 0.056782334384858024
1 0.275 0.4053627760252366 0.02999999999999997 0.04731861198738169
1 0.388 0.45899053627760256 0.04799999999999999 0.07886435331230285
1 0.40800000000000003 0.4085173501577287 0.02799999999999997 0.04731861198738169
1 0.5489999999999999 0.43533123028391163 0.03799999999999992 0.06309148264984227
1 0.529 0.42902208201892744 0.018000000000000016 0.03785488958990535
1 0.518 0.41009463722397477 0.020000000000000018 0.03785488958990535
1 0.595 0.41324921135646686 0.02200000000000002 0.03785488958990535
1 0.645 0.4305993690851735 0.018000000000000016 0.034700315457413256
1 0.677 0.4274447949526814 0.018000000000000016 0.028391167192429012
1 0.728 0.45899053627760256 0.03200000000000003 0.04731861198738169
1 0.728 0.5362776025236593 0.06000000000000005 0.11356466876971605
1 0.881 0.5173501577287066 0.05800000000000005 0.11356466876971605
1 0.87 0.4400630914826498 0.020000000000000018 0.034700315457413256
1 0.921 0.4637223974763407 0.02200000000000002 0.04416403785488959
