1 0.049218750000000006 0.4015625 0.0578125 0.078125
1 0.21328124999999998 0.3734375 0.045312500000000006 0.06979166666666664
1 0.255859375 0.3963541666666667 0.06796875000000002 0.078125
1 0.396484375 0.35572916666666665 0.05859375 0.06979166666666664
1 0.482421875 0.21666666666666667 0.039843749999999956 0.06666666666666668
1 0.53046875 0.3744791666666667 0.0390625 0.06354166666666666
1 0.56171875 0.35052083333333334 0.03749999999999998 0.06770833333333337
1 0.7359374999999999 0.390625 0.04843750000000002 0.0854166666666667
1 0.7816406250000001 0.41510416666666666 0.06015625000000002 0.0864583333333333
1 0.8734375 0.4078125 0.06718749999999996 0.10104166666666664
1 0.9136718749999999 0.39739583333333334 0.06015625000000002 0.09062499999999996
