1 0.1459694989106754 0.39160839160839156 0.06535947712418302 0.1258741258741259
1 0.29520697167755994 0.38286713286713286 0.0806100217864924 0.14335664335664333
1 0.44008714596949894 0.3723776223776224 0.0784313725490196 0.12937062937062938
1 0.542483660130719 0.36538461538461536 0.07407407407407407 0.12937062937062938
1 0.6503267973856209 0.34965034965034963 0.05882352941176472 0.1048951048951049
1 0.7875816993464053 0.3548951048951049 0.06753812636165579 0.11538461538461542
1 0.9019607843137255 0.33916083916083917 0.06971677559912859 0.13286713286713286
1 0.8616557734204793 0.14685314685314685 0.0631808278867102 0.1188811188811189
1 0.7788671023965141 0.15209790209790208 0.05882352941176472 0.11538461538461539
1 0.6830065359477124 0.1346153846153846 0.06318082788671031 0.10839160839160839
1 0.6045751633986929 0.12062937062937062 0.0631808278867102 0.12237762237762238
1 0.5021786492374728 0.12237762237762237 0.05882352941176472 0.10489510489510488
1 0.4019607843137255 0.10839160839160839 0.06753812636165579 0.11888111888111888
1 0.2984749455337691 0.11888111888111888 0.07407407407407407 0.13286713286713286
1 0.19172113289760348 0.09965034965034965 0.06971677559912853 0.13636363636363635
1 0.10893246187363834 0.1083916083916084 0.07843137254901959 0.1258741258741259
