1 0.4972924187725632 0.35542168674698793 0.027075812274368283 0.040963855421686735
1 0.12184115523465705 0.7397590361445783 0.12454873646209387 0.1879518072289157
1 0.07490974729241878 0.6156626506024097 0.0884476534296029 0.11807228915662649
1 0.05776173285198556 0.5337349397590362 0.05054151624548737 0.06987951807228915
1 0.03971119133574007 0.4855421686746988 0.05054151624548736 0.05542168674698794
1 0.018953068592057764 0.5192771084337349 0.03429602888086643 0.06024096385542166
1 0.1055956678700361 0.49879518072289153 0.0487364620938628 0.05783132530120477
1 0.1471119133574007 0.5469879518072289 0.059566787003610094 0.07228915662650603
1 0.16606498194945848 0.4771084337349397 0.043321299638989175 0.05783132530120477
1 0.22743682310469315 0.5831325301204819 0.07220216606498198 0.10602409638554211
1 0.2951263537906137 0.5795180722891566 0.052346570397111936 0.06506024096385543
1 0.3140794223826715 0.5289156626506024 0.04693140794223827 0.060240963855421714
1 0.2707581227436823 0.46867469879518076 0.03610108303249099 0.05542168674698794
1 0.23916967509025272 0.4554216867469879 0.037906137184115535 0.04819277108433734
1 0.3844765342960289 0.5783132530120482 0.07220216606498192 0.11566265060240966
1 0.3700361010830325 0.7795180722891566 0.1407942238267148 0.21445783132530116
1 0.516245487364621 0.5566265060240965 0.0541516245487364 0.08192771084337347
1 0.6046931407942238 0.691566265060241 0.08664259927797835 0.13012048192771086
1 0.6227436823104693 0.5493975903614459 0.04693140794223827 0.07710843373493981
1 0.09296028880866426 0.45542168674698796 0.027075812274368227 0.03855421686746985
1 0.3944043321299639 0.5048192771084338 0.041516245487364656 0.05060240963855428
1 0.36101083032490977 0.4771084337349397 0.0288808664259928 0.038554216867469904
1 0.32942238267148016 0.4927710843373494 0.027075812274368227 0.03614457831325302
1 0.30776173285198555 0.4698795180722891 0.023465703971119134 0.03373493975903613
1 0.3348375451263538 0.4566265060240964 0.023465703971119134 0.040963855421686735
1 0.37996389891696747 0.4578313253012048 0.027075812274368227 0.028915662650602414
1 0.4296028880866426 0.4698795180722891 0.028880866425992746 0.038554216867469904
1 0.4693140794223827 0.5457831325301206 0.03971119133574008 0.0698795180722892
1 0.5902527075812274 0.4927710843373494 0.04332129963898923 0.05542168674698794
1 0.6362815884476534 0.4879518072289156 0.03429602888086636 0.05060240963855417
1 0.6119133574007221 0.45542168674698796 0.02527075812274371 0.04337349397590362
1 0.6705776173285198 0.45783132530120485 0.03790613718411551 0.05301204819277111
1 0.6787003610108303 0.5325301204819277 0.04332129963898912 0.06746987951807232
1 0.7229241877256317 0.5831325301204819 0.07761732851985559 0.09638554216867468
1 0.7472924187725631 0.5228915662650603 0.050541516245487306 0.05783132530120488
1 0.7490974729241877 0.47590361445783136 0.036101083032491044 0.05060240963855428
1 0.7238267148014441 0.4686746987951807 0.028880866425992857 0.050602409638554224
1 0.7851985559566788 0.4819277108433735 0.028880866425992857 0.05301204819277111
1 0.8212996389891697 0.4698795180722891 0.036101083032491044 0.05301204819277111
1 0.8339350180505415 0.5795180722891566 0.05054151624548742 0.07469879518072298
1 0.8456678700361011 0.5313253012048192 0.04873646209386284 0.06506024096385538
1 0.8754512635379061 0.5 0.032490974729241895 0.05542168674698794
1 0.8763537906137184 0.47228915662650606 0.03068592057761732 0.04819277108433734
1 0.9160649819494585 0.5024096385542168 0.03068592057761732 0.04578313253012051
1 0.9593862815884477 0.5313253012048192 0.05234657039711188 0.08915662650602413
1 0.9097472924187726 0.8602409638554217 0.16967509025270766 0.2795180722891566
1 0.9088447653429603 0.6674698795180722 0.12093862815884482 0.16385542168674705
