1 0.21908244680851063 0.4375 0.10505319148936174 0.20199999999999996
1 0.3048537234042553 0.528 0.08311170212765961 0.15199999999999997
1 0.1283244680851064 0.49625 0.03723404255319149 0.0675
1 0.07779255319148937 0.8640000000000001 0.14428191489361702 0.259
1 0.1572473404255319 0.8175 0.13364361702127658 0.25
1 0.4188829787234043 0.4745 0.03523936170212766 0.07999999999999996
1 0.4502992021276596 0.49050000000000005 0.04155585106382981 0.07900000000000001
1 0.4895279255319149 0.52725 0.08676861702127658 0.13749999999999996
1 0.5453789893617021 0.4675 0.062167553191489366 0.123
1 0.609375 0.50775 0.06183510638297873 0.1175
1 0.6790226063829787 0.48175 0.10139627659574468 0.16749999999999998
1 0.8026928191489362 0.5685 0.021609042553191515 0.050000000000000044
1 0.8555518617021276 0.5785 0.026263297872340385 0.050999999999999934
1 0.9765625 0.5974999999999999 0.024268617021276695 0.049000000000000044
1 0.9115691489361702 0.49825 0.0332446808510638 0.0635
