1 0.0375 0.5256410256410255 0.07115384615384615 0.1648351648351648
1 0.10961538461538461 0.42857142857142855 0.06153846153846154 0.12454212454212454
1 0.17884615384615385 0.5347985347985348 0.08076923076923076 0.1758241758241758
1 0.23846153846153845 0.43772893772893773 0.05384615384615385 0.10622710622710618
1 0.20769230769230768 0.3772893772893773 0.03461538461538463 0.07326007326007322
1 0.31153846153846154 0.39194139194139194 0.038461538461538436 0.07326007326007322
1 0.28846153846153844 0.38095238095238093 0.026923076923076883 0.07326007326007328
1 0.4625 0.2619047619047619 0.03269230769230769 0.0695970695970696
1 0.5009615384615385 0.37545787545787546 0.03269230769230774 0.07692307692307687
1 0.585576923076923 0.3791208791208791 0.03269230769230769 0.07692307692307693
1 0.6211538461538462 0.3846153846153846 0.038461538461538436 0.08791208791208788
1 0.6653846153846154 0.44505494505494503 0.050000000000000044 0.12087912087912084
1 0.6673076923076924 0.37362637362637363 0.04230769230769227 0.07326007326007322
1 0.6894230769230769 0.6208791208791209 0.12115384615384617 0.23076923076923084
1 0.7403846153846154 0.48901098901098905 0.05384615384615388 0.13553113553113555
1 0.7240384615384615 0.39377289377289376 0.044230769230769296 0.09157509157509158
1 0.775 0.43223443223443225 0.04615384615384621 0.09523809523809523
1 0.8903846153846153 0.5073260073260073 0.0576923076923076 0.1355311355311355
1 0.9413461538461538 0.5659340659340659 0.10961538461538467 0.24542124542124544
1 0.9605769230769231 0.40476190476190477 0.05192307692307696 0.1135531135531136
