1 0.42257462686567165 0.2263242375601926 0.018656716417910446 0.035313001605136424
1 0.5111940298507462 0.17897271268057785 0.02425373134328357 0.0465489566613162
1 0.6352611940298507 0.1420545746388443 0.013059701492537323 0.027287319422150902
1 0.6557835820895522 0.1476725521669342 0.014925373134328401 0.025682182985553775
1 0.6637126865671642 0.12520064205457465 0.013992537313432862 0.022471910112359564
1 0.7709888059701493 0.14285714285714285 0.012126865671641784 0.025682182985553775
1 0.7807835820895522 0.15569823434991975 0.011194029850746245 0.025682182985553775
1 0.8442164179104477 0.25441412520064205 0.018656716417910446 0.040128410914927776
1 0.9034514925373134 0.2520064205457464 0.01585820895522383 0.035313001605136424
1 0.9356343283582089 0.2576243980738363 0.016791044776119368 0.03691813804173355
1 0.909981343283582 0.2263242375601926 0.012126865671641784 0.025682182985553775
