1 0.18 0.41683778234086244 0.07384615384615384 0.09856262833675566
1 0.23230769230769233 0.5184804928131417 0.11384615384615385 0.17864476386036965
1 0.3261538461538461 0.4127310061601643 0.061538461538461486 0.08213552361396304
1 0.41538461538461535 0.3839835728952772 0.03999999999999998 0.06981519507186856
1 0.5084615384615385 0.5472279260780287 0.09076923076923082 0.15811088295687886
1 0.5753846153846154 0.44250513347022585 0.08000000000000007 0.14168377823408618
1 0.5207692307692308 0.3880903490759754 0.05076923076923073 0.08624229979466119
1 0.5707692307692307 0.35215605749486656 0.03692307692307695 0.055441478439425096
1 0.7192307692307692 0.33572895277207393 0.03230769230769237 0.0595482546201232
1 0.74 0.41786447638603696 0.06769230769230772 0.11704312114989734
1 0.8269230769230769 0.4188911704312115 0.06307692307692314 0.10266940451745377
1 0.8161538461538462 0.37679671457905545 0.05076923076923079 0.08418891170431209
1 0.9223076923076923 0.38295687885010266 0.05384615384615388 0.0924024640657084
