1 0.012499999999999999 0.5209713024282561 0.022058823529411763 0.05298013245033112
1 0.0963235294117647 0.511037527593819 0.027941176470588233 0.05960264900662249
1 0.0661764705882353 0.46467991169977924 0.02941176470588236 0.04635761589403975
1 0.04191176470588236 0.4370860927152318 0.027941176470588237 0.04856512141280356
1 0.04852941176470588 0.4072847682119205 0.023529411764705882 0.033112582781456956
1 0.08235294117647059 0.3498896247240618 0.023529411764705882 0.03752759381898452
1 0.12426470588235294 0.3454746136865342 0.01911764705882353 0.033112582781456956
1 0.11102941176470588 0.3741721854304636 0.022058823529411756 0.033112582781456956
1 0.12941176470588234 0.4039735099337748 0.020588235294117657 0.035320088300220764
1 0.1610294117647059 0.45474613686534215 0.030882352941176472 0.057395143487858735
1 0.1602941176470588 0.4315673289183223 0.026470588235294107 0.04194260485651213
1 0.22352941176470587 0.39293598233995586 0.023529411764705882 0.039735099337748325
1 0.2580882352941176 0.336644591611479 0.019117647058823517 0.04194260485651213
1 0.2838235294117647 0.3565121412803532 0.017647058823529405 0.03752759381898452
1 0.31838235294117645 0.32560706401766004 0.019117647058823517 0.033112582781456956
1 0.33235294117647063 0.30242825607064017 0.01470588235294118 0.026490066225165587
1 0.3683823529411765 0.2792494481236203 0.016176470588235292 0.033112582781456956
1 0.4022058823529412 0.26379690949227375 0.016176470588235292 0.03311258278145693
1 0.34338235294117647 0.5386313465783665 0.05147058823529416 0.06622516556291391
1 0.32205882352941173 0.488962472406181 0.03823529411764709 0.05518763796909487
1 0.3514705882352941 0.4403973509933775 0.035294117647058865 0.05518763796909493
1 0.37941176470588234 0.41721854304635764 0.026470588235294135 0.05298013245033112
1 0.4051470588235294 0.3686534216335541 0.025000000000000022 0.04415011037527594
1 0.43823529411764706 0.33774834437086093 0.02352941176470591 0.04415011037527594
1 0.45441176470588235 0.32229580573951433 0.020588235294117685 0.030905077262693148
1 0.513235294117647 0.30022075055187636 0.01764705882352946 0.035320088300220764
1 0.4970588235294118 0.33222958057395147 0.023529411764705854 0.04194260485651219
1 0.5110294117647058 0.3576158940397351 0.027941176470588247 0.039735099337748325
1 0.46176470588235297 0.3763796909492274 0.02647058823529408 0.03752759381898457
1 0.41323529411764703 0.4933774834437086 0.03823529411764709 0.046357615894039694
1 0.4492647058823529 0.5209713024282561 0.04558823529411765 0.07505518763796903
1 0.5088235294117647 0.4977924944812362 0.032352941176470584 0.05077262693156731
1 0.5205882352941177 0.5584988962472406 0.05294117647058827 0.07064017660044153
1 0.5588235294117647 0.4337748344370861 0.032352941176470584 0.050772626931567366
1 0.5610294117647059 0.40176600441501104 0.027941176470588136 0.04415011037527594
1 0.5764705882352941 0.3620309050772627 0.02352941176470591 0.039735099337748325
1 0.65 0.5419426048565121 0.050000000000000044 0.09050772626931569
1 0.6897058823529412 0.48344370860927155 0.038235294117647145 0.07064017660044147
1 0.6477941176470587 0.39183222958057395 0.030882352941176472 0.050772626931567366
1 0.625 0.3101545253863135 0.0235294117647058 0.046357615894039694
1 0.7161764705882352 0.32560706401766004 0.026470588235294135 0.04194260485651213
1 0.7735294117647058 0.35320088300220753 0.026470588235294135 0.03973509933774838
1 0.7455882352941177 0.44260485651214126 0.03529411764705881 0.0640176600441501
1 0.7919117647058824 0.48675496688741726 0.04852941176470582 0.07284768211920528
1 0.7522058823529412 0.576158940397351 0.06323529411764706 0.10154525386313462
1 0.8794117647058823 0.5573951434878587 0.05294117647058827 0.09050772626931569
1 0.8764705882352941 0.4216335540838852 0.032352941176470584 0.04856512141280356
1 0.8735294117647059 0.3487858719646799 0.02941176470588236 0.04415011037527594
1 0.8566176470588236 0.32560706401766004 0.030882352941176472 0.05518763796909493
1 0.7816176470588235 0.304635761589404 0.022058823529411686 0.039735099337748325
1 0.7786764705882353 0.26158940397350994 0.01911764705882346 0.04194260485651213
1 0.7691176470588235 0.24172185430463577 0.01764705882352946 0.037527593818984545
