1 0.17767929089443996 0.48098591549295777 0.037872683319903316 0.06901408450704222
1 0.34004834810636586 0.22112676056338026 0.017727639000805817 0.036619718309859134
1 0.36261079774375504 0.21901408450704224 0.01772763900080576 0.029577464788732383
1 0.36825141015310237 0.2605633802816901 0.022562449637389237 0.04225352112676059
1 0.39081385979049155 0.2676056338028169 0.02256244963738918 0.04507042253521126
1 0.41136180499597097 0.2 0.01853344077356972 0.03380281690140843
1 0.47381144238517325 0.24577464788732395 0.024174053182916988 0.040845070422535185
1 0.4589041095890411 0.2119718309859155 0.018533440773569665 0.03521126760563381
1 0.4452054794520548 0.16549295774647887 0.015310233682514107 0.02957746478873241
1 0.4576954069298953 0.16338028169014085 0.014504431909750204 0.03098591549295776
1 0.4665592264302981 0.1380281690140845 0.012892828364222397 0.02253521126760563
1 0.4935535858178888 0.19577464788732393 0.020145044319097527 0.04225352112676056
1 0.5096696212731668 0.13943661971830984 0.013698630136986245 0.028169014084507032
1 0.5294117647058824 0.12253521126760564 0.01450443190975026 0.025352112676056318
1 0.5265914585012087 0.15845070422535212 0.013698630136986356 0.035211267605633784
1 0.5588235294117647 0.1591549295774648 0.015310233682514163 0.030985915492957733
1 0.5636583400483481 0.13450704225352111 0.015310233682514052 0.029577464788732397
1 0.5519742143432715 0.12816901408450704 0.01450443190975026 0.03380281690140845
1 0.5757453666398067 0.1204225352112676 0.015310233682514052 0.029577464788732383
1 0.5938759065269943 0.12394366197183099 0.012892828364222342 0.025352112676056346
1 0.6011281224818694 0.10774647887323943 0.009669621273166729 0.01830985915492958
1 0.6261079774375504 0.14295774647887324 0.014504431909750148 0.03521126760563381
1 0.6651893634165995 0.12183098591549296 0.013698630136986356 0.03239436619718311
1 0.5930701047542304 0.15774647887323945 0.020950846091861375 0.03380281690140843
1 0.5672844480257857 0.2408450704225352 0.024174053182916988 0.050704225352112664
1 0.6196615632554392 0.25422535211267605 0.02256244963738918 0.04929577464788734
1 0.6180499597099114 0.2084507042253521 0.020950846091861375 0.04507042253521126
1 0.6643835616438356 0.2267605633802817 0.020145044319097583 0.04507042253521126
1 0.6684125705076551 0.27676056338028165 0.02497985495568089 0.057746478873239415
1 0.7062852538275584 0.1704225352112676 0.02014504431909747 0.04225352112676056
1 0.7296535052377116 0.2295774647887324 0.023368251410153085 0.050704225352112664
1 0.742143432715552 0.1732394366197183 0.020950846091861375 0.05070422535211269
1 0.7308622078968574 0.1535211267605634 0.01772763900080576 0.030985915492957733
1 0.7727639000805802 0.16549295774647887 0.017727639000805873 0.04084507042253521
1 0.7896857373086221 0.21056338028169014 0.019339242546333568 0.049295774647887314
1 0.814262691377921 0.17183098591549295 0.021756647864625278 0.03943661971830986
1 0.8368251410153102 0.2119718309859155 0.023368251410153085 0.049295774647887314
1 0.8525382755842064 0.18380281690140846 0.019339242546333568 0.04084507042253521
1 0.8642224012892828 0.16267605633802817 0.018533440773569776 0.03239436619718311
1 0.9061240934730057 0.1823943661971831 0.015310233682514052 0.04366197183098591
1 0.8843674456083803 0.22464788732394367 0.02014504431909747 0.049295774647887314
1 0.9307010475423045 0.2436619718309859 0.020950846091861375 0.053521126760563364
1 0.9178082191780822 0.34225352112676055 0.0241740531829171 0.06478873239436622
1 0.9210314262691377 0.2915492957746479 0.019339242546333568 0.04507042253521132
1 0.8497179693795327 0.30845070422535215 0.026591458501208698 0.07042253521126757
1 0.8146655922643029 0.38380281690140844 0.03706688154713944 0.08309859154929577
1 0.8009669621273168 0.28732394366197184 0.025785656728444795 0.06197183098591552
1 0.8887993553585818 0.39929577464788735 0.04029008863819494 0.08309859154929577
