1 0.1875 0.4386792452830189 0.043918918918918914 0.0911949685534591
1 0.2947635135135135 0.4481132075471698 0.04898648648648646 0.0911949685534591
1 0.4535472972972973 0.4261006289308176 0.042229729729729715 0.08490566037735847
1 0.5650337837837838 0.4386792452830189 0.042229729729729715 0.07232704402515722
1 0.6452702702702703 0.4339622641509434 0.03378378378378377 0.06289308176100628
1 0.7001689189189189 0.4276729559748428 0.035472972972972916 0.05660377358490565
1 0.7516891891891893 0.4261006289308176 0.030405405405405372 0.05974842767295596
1 0.7280405405405406 0.5361635220125787 0.057432432432432456 0.12264150943396224
1 0.8099662162162162 0.5125786163522013 0.0557432432432432 0.13207547169811318
1 0.8817567567567568 0.4937106918238994 0.05405405405405406 0.10062893081761004
1 0.9442567567567568 0.4716981132075472 0.057432432432432456 0.1132075471698113
