1 0.9246845425867508 0.4220505617977528 0.026025236593059997 0.0547752808988764
1 0.9148264984227129 0.4157303370786517 0.029968454258675115 0.0646067415730337
1 0.8769716088328076 0.4023876404494382 0.025236593059936974 0.0407303370786517
1 0.8359621451104101 0.40519662921348315 0.025236593059936974 0.051966292134831504
1 0.820583596214511 0.3855337078651685 0.01971608832807581 0.03792134831460675
1 0.8142744479495267 0.3651685393258427 0.019716088328075698 0.0449438202247191
1 0.7641955835962145 0.5294943820224719 0.0757097791798107 0.14325842696629215
1 0.7058359621451105 0.5603932584269663 0.06309148264984221 0.1404494382022472
1 0.5733438485804416 0.610252808988764 0.10725552050473186 0.2064606741573033
1 0.5347003154574133 0.47191011235955055 0.045741324921135584 0.08146067415730329
1 0.625788643533123 0.4845505617977528 0.03864353312302837 0.0786516853932584
1 0.7413249211356467 0.46348314606741575 0.03785488958990546 0.0646067415730337
1 0.7109621451104101 0.4283707865168539 0.03391167192429023 0.06179775280898875
1 0.7164826498422713 0.3728932584269663 0.022870662460567903 0.0463483146067416
1 0.6963722397476341 0.4066011235955056 0.02208201892744488 0.040730337078651646
1 0.6790220820189274 0.39747191011235955 0.020504731861198833 0.0393258426966292
1 0.6691640378548895 0.37991573033707865 0.016561514195583604 0.037921348314606695
1 0.6490536277602523 0.401685393258427 0.023659305993690816 0.05617977528089885
1 0.6190851735015773 0.4220505617977528 0.03154574132492116 0.0603932584269663
1 0.599763406940063 0.41081460674157305 0.02444794952681384 0.0491573033707865
1 0.6246056782334385 0.3757022471910112 0.018927444794952786 0.03792134831460675
1 0.5863564668769716 0.3026685393258427 0.016561514195583604 0.03230337078651685
1 0.5721608832807571 0.4178370786516854 0.030757097791798138 0.05758426966292135
1 0.5891167192429022 0.3848314606741573 0.014195583596214423 0.0365168539325843
1 0.5757097791798107 0.38764044943820225 0.017350157728706628 0.0337078651685393
1 0.5410094637223974 0.3806179775280899 0.017350157728706628 0.03651685393258425
1 0.5516561514195584 0.3721910112359551 0.0134069400630914 0.02808988764044945
1 0.5051261829652997 0.4171348314606742 0.02760252365930599 0.06179775280898875
1 0.5208990536277602 0.3827247191011236 0.019716088328075698 0.0351123595505618
1 0.5047318611987381 0.3806179775280899 0.01577287066246058 0.0393258426966292
1 0.48580441640378547 0.3883426966292135 0.02365930599369087 0.04353932584269665
1 0.4771293375394322 0.4122191011235955 0.02365930599369087 0.05196629213483145
1 0.4582018927444795 0.3848314606741573 0.02050473186119872 0.0337078651685393
1 0.44045741324921134 0.3848314606741573 0.019716088328075698 0.050561797752809
1 0.41600946372239744 0.3728932584269663 0.019716088328075754 0.03230337078651685
1 0.4140378548895899 0.4143258426966292 0.022082018927444824 0.0449438202247191
1 0.38801261829653 0.425561797752809 0.025236593059936918 0.06741573033707865
1 0.3856466876971609 0.3764044943820225 0.018927444794952675 0.03651685393258425
1 0.3710567823343849 0.4058988764044944 0.02760252365930599 0.04775280898876405
1 0.3667192429022082 0.45435393258426965 0.034700315457413256 0.0547752808988764
1 0.33201892744479494 0.4262640449438202 0.03154574132492116 0.06601123595505615
1 0.35134069400630913 0.386938202247191 0.019716088328075698 0.0463483146067416
1 0.2933753943217665 0.3960674157303371 0.026813880126182965 0.04775280898876405
1 0.2819400630914827 0.46769662921348315 0.037066246056782326 0.0589887640449438
1 0.26419558359621453 0.40730337078651685 0.031545741324921106 0.053370786516853896
1 0.21963722397476343 0.41713483146067415 0.03075709779179811 0.050561797752809
1 0.19913249211356468 0.6004213483146068 0.09858044164037855 0.1502808988764045
1 0.044952681388012616 0.4276685393258427 0.03785488958990536 0.074438202247191
1 0.013801261829652998 0.43679775280898875 0.026025236593059938 0.0842696629213483
