1 0.251 0.44533333333333336 0.11399999999999999 0.14933333333333337
1 0.141 0.36533333333333334 0.061999999999999986 0.07466666666666666
1 0.132 0.32 0.039999999999999994 0.053333333333333344
1 0.31 0.312 0.040000000000000036 0.058666666666666645
1 0.419 0.4893333333333333 0.122 0.16266666666666668
1 0.469 0.31333333333333335 0.045999999999999985 0.061333333333333295
1 0.638 0.36533333333333334 0.08400000000000007 0.09066666666666667
1 0.712 0.336 0.05599999999999994 0.07466666666666666
1 0.817 0.5 0.15400000000000003 0.184
1 0.937 0.41333333333333333 0.08199999999999996 0.11733333333333329
1 0.911 0.36 0.050000000000000044 0.064
