1 0.05916666666666666 0.6012500000000001 0.10833333333333332 0.21250000000000002
1 0.22166666666666668 0.6799999999999999 0.13 0.21499999999999997
1 0.18 0.47624999999999995 0.053333333333333344 0.09249999999999997
1 0.41500000000000004 0.45125 0.06 0.11249999999999993
1 0.18166666666666667 0.54 0.07 0.08500000000000002
1 0.4458333333333333 0.62125 0.10166666666666663 0.1775
1 0.38416666666666666 0.84375 0.18166666666666664 0.2775000000000001
1 0.5016666666666667 0.25875 0.030000000000000027 0.06749999999999998
1 0.4916666666666667 0.455 0.06666666666666671 0.12
1 0.5766666666666667 0.44625000000000004 0.05666666666666664 0.1175
1 0.6316666666666666 0.42625 0.06999999999999995 0.1225
1 0.6516666666666666 0.6575 0.1266666666666666 0.18500000000000005
1 0.8016666666666667 0.7125 0.14 0.24
1 0.7741666666666667 0.485 0.06166666666666676 0.09000000000000002
1 0.8416666666666667 0.4725 0.07000000000000006 0.13
1 0.9108333333333334 0.45625 0.04166666666666663 0.07750000000000001
