1 0.129375 0.44652908067542213 0.04875 0.09380863039399623
1 0.18375 0.4596622889305816 0.065 0.09005628517823644
1 0.25687499999999996 0.5459662288930581 0.07624999999999998 0.1275797373358349
1 0.3175 0.5919324577861163 0.11499999999999999 0.1444652908067542
1 0.105625 0.44934333958724204 0.04375 0.08818011257035646
1 0.286875 0.3142589118198874 0.04375000000000001 0.07692307692307693
1 0.458125 0.424953095684803 0.04874999999999996 0.08067542213883677
1 0.555625 0.47842401500938087 0.04874999999999996 0.09005628517823638
1 0.588125 0.44183864915572235 0.03875000000000006 0.07692307692307693
1 0.6174999999999999 0.47560975609756095 0.04999999999999993 0.08067542213883677
1 0.666875 0.5215759849906192 0.06624999999999992 0.10131332082551597
1 0.68875 0.4784240150093808 0.05500000000000005 0.0787992495309568
1 0.82875 0.5065666041275798 0.06499999999999995 0.10881801125703572
1 0.87625 0.4606003752345216 0.04249999999999998 0.07317073170731703
1 0.9175 0.4606003752345216 0.04499999999999993 0.07692307692307687
1 0.9412499999999999 0.5056285178236397 0.04749999999999999 0.08067542213883672
1 0.9181250000000001 0.5656660412757973 0.09124999999999994 0.13320825515947465
