1 0.07062500000000001 0.5572232645403377 0.12125000000000001 0.2288930581613508
1 0.13999999999999999 0.5028142589118199 0.0725 0.15384615384615385
1 0.193125 0.3977485928705441 0.05374999999999999 0.08630393996247654
1 0.261875 0.4108818011257036 0.06375 0.1200750469043152
1 0.3375 0.40619136960600377 0.03750000000000003 0.07317073170731708
1 0.37375 0.4080675422138837 0.06 0.10694183864915574
1 0.45749999999999996 0.5487804878048781 0.08999999999999997 0.1482176360225141
1 0.5337500000000001 0.6904315196998124 0.15750000000000003 0.2589118198874296
1 0.735 0.5093808630393997 0.09749999999999992 0.17073170731707316
1 0.9212499999999999 0.5656660412757973 0.15000000000000002 0.3170731707317073
1 0.74 0.43902439024390244 0.08250000000000002 0.11257035647279545
1 0.67875 0.4399624765478424 0.05500000000000005 0.11819887429643522
1 0.645625 0.4183864915572233 0.05624999999999991 0.09380863039399628
1 0.775625 0.3902439024390244 0.053749999999999964 0.07879924953095685
1 0.71875 0.26266416510318946 0.02499999999999991 0.04502814258911819
1 0.644375 0.2654784240150094 0.02124999999999999 0.03564727954971858
1 0.56375 0.26360225140712945 0.020000000000000018 0.04315196998123827
1 0.4925 0.27204502814258913 0.025000000000000022 0.04127579737335835
1 0.403125 0.26360225140712945 0.026249999999999996 0.046904315196998114
1 0.32125000000000004 0.27861163227016883 0.02250000000000002 0.039399624765478425
1 0.51375 0.4896810506566604 0.07250000000000006 0.11257035647279545
1 0.558125 0.4090056285178236 0.04875000000000007 0.09756097560975607
1 0.500625 0.4333958724202627 0.05125000000000002 0.07879924953095685
1 0.505 0.38086303939962474 0.04249999999999998 0.06378986866791742
