1 0.050833333333333335 0.7544378698224852 0.058333333333333334 0.09467455621301779
1 0.046666666666666676 0.6849112426035503 0.046666666666666676 0.06804733727810652
1 0.05583333333333333 0.6346153846153846 0.03166666666666667 0.050295857988165715
1 0.11083333333333334 0.643491124260355 0.04833333333333334 0.07396449704142016
1 0.18666666666666665 0.75 0.06333333333333332 0.0976331360946745
1 0.165 0.7115384615384616 0.043333333333333335 0.06804733727810652
1 0.15833333333333333 0.6760355029585798 0.033333333333333326 0.056213017751479355
1 0.2533333333333333 0.6789940828402367 0.03666666666666668 0.07396449704142016
1 0.27666666666666667 0.7263313609467456 0.050000000000000044 0.09171597633136086
1 0.31833333333333336 0.7899408284023668 0.06 0.09467455621301768
1 0.29666666666666663 0.6538461538461539 0.02999999999999997 0.07100591715976323
1 0.3225 0.658284023668639 0.031666666666666676 0.062130177514792884
1 0.3566666666666667 0.6863905325443787 0.03999999999999998 0.08284023668639062
1 0.4 0.7085798816568047 0.04999999999999999 0.09171597633136086
1 0.45499999999999996 0.7218934911242604 0.03999999999999998 0.07692307692307687
1 0.4625 0.6568047337278107 0.034999999999999976 0.07100591715976334
1 0.5066666666666666 0.6967455621301775 0.033333333333333326 0.062130177514792995
1 0.5558333333333334 0.6937869822485208 0.03166666666666662 0.056213017751479355
1 0.265 0.5384615384615385 0.030000000000000027 0.059171597633136064
1 0.6716666666666666 0.8150887573964497 0.05999999999999994 0.10946745562130178
1 0.7133333333333334 0.7662721893491125 0.04999999999999993 0.09467455621301779
1 0.7333333333333334 0.6982248520710059 0.033333333333333326 0.059171597633136175
1 0.7525 0.7011834319526626 0.03166666666666662 0.07100591715976334
1 0.825 0.7928994082840237 0.053333333333333344 0.10059171597633132
1 0.8333333333333333 0.7470414201183432 0.043333333333333335 0.06804733727810652
1 0.8425 0.7130177514792899 0.03500000000000003 0.053254437869822535
1 0.8641666666666667 0.7085798816568047 0.03166666666666662 0.056213017751479244
