1 0.3351219512195122 0.19298245614035087 0.014634146341463428 0.028070175438596495
1 0.4790243902439024 0.15526315789473683 0.017560975609756113 0.02982456140350878
1 0.4892682926829268 0.20350877192982456 0.022439024390243922 0.049122807017543846
1 0.5390243902439025 0.19473684210526315 0.014634146341463428 0.038596491228070184
1 0.5429268292682927 0.15350877192982457 0.018536585365853675 0.04035087719298247
1 0.6404878048780488 0.16842105263157897 0.0204878048780488 0.0456140350877193
1 0.6165853658536585 0.19736842105263158 0.019512195121951237 0.043859649122807015
1 0.6834146341463414 0.2149122807017544 0.014634146341463317 0.04035087719298247
1 0.7429268292682927 0.2771929824561403 0.018536585365853675 0.049122807017543846
1 0.7765853658536586 0.28596491228070176 0.029268292682926855 0.07017543859649122
1 0.8317073170731707 0.256140350877193 0.01658536585365855 0.03859649122807021
1 0.8146341463414635 0.17543859649122806 0.019512195121951126 0.04210526315789473
1 0.8902439024390244 0.2596491228070176 0.024390243902439046 0.05964912280701756
1 0.9409756097560975 0.34035087719298246 0.03219512195121943 0.0736842105263158
