1 0.059352517985611516 0.2554054054054054 0.053956834532374105 0.08918918918918917
1 0.12050359712230216 0.2635135135135135 0.05755395683453236 0.09459459459459457
1 0.16097122302158273 0.30675675675675673 0.055755395683453224 0.10000000000000003
1 0.17356115107913667 0.21756756756756757 0.030575539568345328 0.05675675675675676
1 0.22482014388489208 0.28918918918918923 0.07553956834532372 0.12432432432432433
1 0.3093525179856115 0.3013513513513514 0.07913669064748202 0.127027027027027
1 0.28776978417266186 0.23783783783783785 0.03956834532374098 0.06486486486486487
1 0.34442446043165464 0.25675675675675674 0.048561151079136666 0.08648648648648646
1 0.3893884892086331 0.21891891891891893 0.02697841726618705 0.043243243243243246
1 0.40557553956834536 0.2648648648648649 0.05215827338129492 0.08648648648648649
1 0.427158273381295 0.3337837837837838 0.08453237410071945 0.14324324324324328
1 0.48381294964028776 0.2864864864864865 0.053956834532374154 0.09189189189189187
1 0.46402877697841727 0.22837837837837838 0.03597122302158273 0.062162162162162166
1 0.4829136690647482 0.20675675675675675 0.02697841726618705 0.04594594594594595
1 0.5044964028776978 0.23513513513513515 0.03776978417266186 0.07027027027027027
1 0.552158273381295 0.28243243243243243 0.06474820143884896 0.09999999999999998
1 0.5890287769784173 0.35405405405405405 0.10251798561151082 0.16216216216216217
1 0.5926258992805755 0.23108108108108108 0.04856115107913672 0.07297297297297295
1 0.6564748201438848 0.2810810810810811 0.05755395683453235 0.10270270270270268
1 0.6807553956834532 0.2391891891891892 0.04136690647482011 0.08378378378378379
1 0.7517985611510791 0.295945945945946 0.07194244604316546 0.12162162162162163
1 0.7715827338129497 0.19864864864864867 0.025179856115107868 0.04594594594594595
1 0.8174460431654677 0.19864864864864867 0.030575539568345356 0.05675675675675676
1 0.8633093525179856 0.3878378378378379 0.11870503597122306 0.2027027027027027
1 0.9100719424460432 0.32837837837837835 0.07913669064748197 0.14324324324324328
1 0.9163669064748201 0.26216216216216215 0.055755395683453224 0.09729729729729727
