1 0.06846509971509972 0.6575854700854701 0.1241096866096866 0.1923076923076923
1 0.03320868945868946 0.5711805555555556 0.06428062678062678 0.11404914529914534
1 0.037037037037037035 0.45926816239316237 0.07051282051282051 0.1306089743589744
1 0.01673789173789174 0.34775641025641024 0.028846153846153848 0.08012820512820512
1 0.18972578347578348 0.359107905982906 0.05146011396011396 0.06169871794871795
1 0.1794871794871795 0.5723824786324786 0.09793447293447294 0.1634615384615385
1 0.2705662393162393 0.6057692307692308 0.10345441595441593 0.20138888888888895
1 0.29282407407407407 0.9225427350427351 0.21670227920227922 0.15491452991452992
1 0.31365740740740744 0.5954861111111112 0.08707264957264954 0.16639957264957272
1 0.3872863247863248 0.37406517094017094 0.05056980056980054 0.09161324786324787
1 0.4667022792022792 0.48183760683760685 0.08760683760683763 0.1447649572649573
1 0.4256588319088319 0.547142094017094 0.08351139601139601 0.13969017094017094
1 0.5523504273504274 0.5142895299145299 0.06018518518518523 0.09855769230769229
1 0.629985754985755 0.5594284188034188 0.08974358974358976 0.13755341880341881
1 0.6098646723646723 0.8629807692307693 0.1766381766381766 0.2537393162393162
1 0.6979166666666667 0.6817574786324787 0.1020299145299145 0.1808226495726496
1 0.6680021367521367 0.4962606837606838 0.06712962962962965 0.10790598290598297
1 0.7732371794871795 0.5436698717948718 0.06499287749287752 0.11404914529914528
1 0.8352029914529915 0.5285790598290598 0.0657051282051282 0.10897435897435903
1 0.9333155270655271 0.7413194444444444 0.13336894586894588 0.2566773504273504
1 0.8844373219373219 0.6359508547008548 0.08760683760683752 0.15918803418803418
1 0.9576210826210827 0.5745192307692308 0.08475783475783472 0.1511752136752137
