1 0.0665 0.8443333333333334 0.128 0.19600000000000006
1 0.12062500000000001 0.5876666666666667 0.07425 0.11133333333333328
1 0.1775 0.5800000000000001 0.059 0.09599999999999997
1 0.322625 0.6513333333333333 0.08875 0.1273333333333333
1 0.301125 0.5896666666666667 0.07575000000000004 0.10933333333333328
1 0.340875 0.5431666666666667 0.05525000000000002 0.09700000000000003
1 0.444625 0.5376666666666667 0.06274999999999997 0.09999999999999998
1 0.516125 0.5228333333333334 0.06825000000000003 0.09700000000000003
1 0.512375 0.6011666666666666 0.09225 0.12033333333333329
1 0.5767500000000001 0.36483333333333334 0.0635 0.08566666666666667
1 0.63925 0.5486666666666666 0.07050000000000001 0.10400000000000004
1 0.5965 0.6866666666666666 0.11499999999999999 0.15333333333333332
1 0.514375 0.9215 0.19625000000000004 0.15633333333333332
1 0.7010000000000001 0.5700000000000001 0.05149999999999999 0.08199999999999996
1 0.784 0.5118333333333334 0.0615 0.09500000000000003
1 0.8051250000000001 0.6468333333333334 0.10675000000000001 0.1423333333333333
1 0.854875 0.5680000000000001 0.07124999999999992 0.10199999999999998
1 0.8863749999999999 0.5138333333333334 0.05074999999999996 0.08500000000000002
1 0.948375 0.5053333333333334 0.08274999999999999 0.122
