1 0.13050847457627118 0.49660633484162897 0.08135593220338982 0.11085972850678738
1 0.14661016949152542 0.4558823529411765 0.05932203389830508 0.07918552036199095
1 0.09661016949152543 0.4309954751131222 0.054237288135593226 0.07013574660633487
1 0.16864406779661018 0.3857466063348416 0.04915254237288136 0.07013574660633487
1 0.22033898305084748 0.3778280542986425 0.05084745762711865 0.07239819004524883
1 0.27796610169491526 0.3608597285067873 0.0474576271186441 0.07466063348416285
1 0.3466101694915254 0.3744343891402715 0.0423728813559322 0.06561085972850678
1 0.39322033898305087 0.3563348416289593 0.03389830508474573 0.0565610859728507
1 0.4245762711864407 0.34615384615384615 0.035593220338983045 0.05882352941176472
1 0.4584745762711865 0.3382352941176471 0.032203389830508466 0.056561085972850644
1 0.5101694915254238 0.3597285067873303 0.037288135593220306 0.05429864253393668
1 0.5542372881355933 0.3438914027149321 0.03050847457627115 0.04524886877828049
1 0.5983050847457627 0.3642533936651584 0.03389830508474567 0.04524886877828055
1 0.6542372881355932 0.3529411764705882 0.03050847457627115 0.04072398190045251
1 0.7016949152542373 0.3721719457013575 0.03050847457627126 0.04751131221719457
1 0.7440677966101695 0.39366515837104077 0.04067796610169494 0.04977375565610859
1 0.8059322033898304 0.3846153846153846 0.0423728813559322 0.04977375565610859
1 0.8576271186440678 0.3755656108597285 0.027118644067796627 0.05429864253393668
1 0.9042372881355932 0.36764705882352944 0.07627118644067798 0.10633484162895929
