1 0.18375 0.48689138576779023 0.057499999999999996 0.07490636704119846
1 0.2525 0.5243445692883895 0.05500000000000002 0.09737827715355801
1 0.31875 0.49063670411985016 0.04750000000000004 0.08239700374531833
1 0.37625 0.49250936329588013 0.05250000000000005 0.09363295880149813
1 0.44875 0.48314606741573035 0.04249999999999998 0.0674157303370787
1 0.55 0.5056179775280899 0.04500000000000004 0.0898876404494382
1 0.51625 0.49250936329588013 0.03750000000000003 0.0786516853932584
1 0.6425000000000001 0.5187265917602997 0.04500000000000004 0.07116104868913858
1 0.6187499999999999 0.4737827715355805 0.02749999999999997 0.041198501872659166
1 0.7224999999999999 0.47378277153558057 0.03500000000000003 0.06367041198501872
1 0.7625 0.47191011235955055 0.029999999999999916 0.05243445692883897
1 0.8 0.4812734082397004 0.03500000000000003 0.06367041198501877
1 0.835 0.28651685393258425 0.05500000000000005 0.0936329588014981
1 0.1225 0.47191011235955055 0.02500000000000001 0.0449438202247191
1 0.08499999999999999 0.4737827715355805 0.02500000000000001 0.041198501872659166
1 0.06 0.45318352059925093 0.024999999999999994 0.05243445692883897
