1 0.11833333333333333 0.1659038901601831 0.21 0.31807780320366136
1 0.38083333333333336 0.482837528604119 0.11833333333333335 0.2013729977116705
1 0.5125 0.41418764302059496 0.09166666666666667 0.1830663615560641
1 0.6125 0.4290617848970252 0.06500000000000006 0.1258581235697941
1 0.6158333333333333 0.35583524027459956 0.04833333333333334 0.08009153318077805
1 0.6575 0.41189931350114417 0.04500000000000004 0.09610983981693366
1 0.6575 0.37757437070938216 0.03833333333333333 0.06407322654462244
1 0.6758333333333333 0.34553775743707094 0.03166666666666662 0.05491990846681927
1 0.7 0.3832951945080092 0.033333333333333326 0.057208237986270005
1 0.7150000000000001 0.34324942791762014 0.026666666666666727 0.050343249427917625
1 0.6908333333333333 0.7242562929061784 0.16500000000000004 0.25400457665903897
1 0.7283333333333333 0.5617848970251716 0.10999999999999999 0.1762013729977117
1 0.7716666666666667 0.477116704805492 0.09333333333333338 0.13958810068649885
1 0.8891666666666667 0.34439359267734554 0.04499999999999993 0.07093821510297482
1 0.8600000000000001 0.3546910755148741 0.033333333333333326 0.0594965675057208
