1 0.8991635687732342 0.13366336633663367 0.008364312267657992 0.026402640264026403
1 0.9233271375464684 0.15924092409240925 0.008364312267657992 0.024752475247524747
1 0.9275092936802973 0.15924092409240925 0.01115241635687736 0.03135313531353137
1 0.9163568773234201 0.19306930693069307 0.013011152416356864 0.0363036303630363
1 0.912639405204461 0.28052805280528054 0.018587360594795488 0.05280528052805278
1 0.8866171003717471 0.17904290429042902 0.01115241635687736 0.034653465346534656
1 0.8782527881040892 0.20132013201320131 0.016728624535315983 0.03960396039603961
1 0.8671003717472119 0.21699669966996699 0.016728624535315983 0.03795379537953794
1 0.8587360594795539 0.1410891089108911 0.011152416356877248 0.02805280528052803
1 0.8447955390334572 0.15594059405940594 0.013011152416356864 0.03465346534653463
1 0.8392193308550187 0.183993399339934 0.014869888475836368 0.041254125412541254
1 0.8243494423791822 0.1443894389438944 0.013011152416356864 0.03465346534653463
1 0.8094795539033457 0.16914191419141913 0.014869888475836479 0.031353135313531344
1 0.804368029739777 0.1311881188118812 0.010223048327137496 0.024752475247524747
1 0.7843866171003717 0.12046204620462046 0.009293680297397744 0.026402640264026417
1 0.7904275092936803 0.1419141914191419 0.010223048327137607 0.0297029702970297
1 0.7913568773234201 0.18811881188118812 0.01579925650557623 0.039603960396039584
1 0.7769516728624535 0.13696369636963696 0.01115241635687736 0.033003300330033
1 0.7630111524163569 0.16336633663366334 0.014869888475836479 0.042904290429042896
1 0.6960966542750929 0.10066006600660066 0.011152416356877248 0.026402640264026403
1 0.7444237918215613 0.11386138613861387 0.013011152416356864 0.0297029702970297
1 0.736988847583643 0.12128712871287128 0.013011152416356864 0.031353135313531344
1 0.7393122676579926 0.1419141914191419 0.013940520446096616 0.0297029702970297
1 0.754182156133829 0.2268976897689769 0.01951672862453524 0.04455445544554454
1 0.7342007434944238 0.19471947194719472 0.013011152416356864 0.0363036303630363
1 0.6988847583643123 0.21782178217821782 0.018587360594795488 0.04950495049504949
1 0.6914498141263941 0.17656765676567657 0.014869888475836479 0.039603960396039584
1 0.6812267657992566 0.16254125412541254 0.014869888475836368 0.034653465346534656
1 0.6612453531598512 0.12706270627062705 0.012081784386617112 0.0297029702970297
1 0.703996282527881 0.14933993399339934 0.013940520446096727 0.03795379537953797
1 0.6403345724907064 0.1905940594059406 0.0185873605947956 0.03795379537953797
1 0.6579925650557621 0.21122112211221122 0.018587360594795488 0.039603960396039584
1 0.654275092936803 0.264026402640264 0.020446096654274992 0.052805280528052834
1 0.5980483271375465 0.22277227722772278 0.017657992565055847 0.039603960396039584
1 0.6008364312267658 0.26897689768976896 0.021375464684014855 0.04620462046204618
1 0.6705390334572491 0.33003300330033003 0.025092936802973975 0.06270627062706269
1 0.6022304832713754 0.32590759075907594 0.024163568773234112 0.05115511551155111
1 0.7132899628252789 0.2846534653465347 0.021375464684014855 0.05115511551155111
1 0.7778810408921933 0.2978547854785478 0.024163568773234223 0.05775577557755779
1 0.6366171003717472 0.10726072607260725 0.009293680297397744 0.026402640264026403
1 0.6366171003717471 0.12788778877887788 0.01115241635687736 0.02475247524752476
1 0.6180297397769516 0.11303630363036304 0.01115241635687736 0.021452145214521448
1 0.5961895910780669 0.11221122112211221 0.010223048327137496 0.02640264026402639
1 0.5650557620817844 0.11468646864686469 0.009293680297397855 0.021452145214521448
1 0.5808550185873607 0.1254125412541254 0.009293680297397855 0.02310231023102309
1 0.5808550185873607 0.16006600660066006 0.013011152416356864 0.033003300330033014
1 0.5315985130111525 0.13448844884488448 0.01115241635687736 0.024752475247524747
1 0.5241635687732342 0.1452145214521452 0.013011152416356864 0.033003300330032986
1 0.5381040892193308 0.16584158415841585 0.014869888475836479 0.031353135313531344
1 0.5511152416356877 0.1485148514851485 0.013011152416356864 0.033003300330033014
1 0.5218401486988847 0.21534653465346534 0.017657992565055736 0.03795379537953797
1 0.5650557620817844 0.2533003300330033 0.020446096654275103 0.051155115511551136
1 0.5539033457249071 0.29290429042904287 0.02230483271375472 0.05445544554455445
1 0.5037174721189591 0.17409240924092412 0.014869888475836479 0.034653465346534656
1 0.483271375464684 0.13613861386138615 0.009293680297397744 0.024752475247524747
1 0.46886617100371747 0.1641914191419142 0.012081784386617112 0.034653465346534656
1 0.48884758364312264 0.20297029702970298 0.014869888475836424 0.033003300330032986
1 0.4512081784386617 0.17326732673267325 0.012081784386617056 0.0297029702970297
1 0.4646840148698885 0.1971947194719472 0.014869888475836479 0.03465346534653463
1 0.4711895910780669 0.2260726072607261 0.018587360594795543 0.042904290429042896
1 0.47723048327137546 0.3094059405940594 0.01951672862453535 0.051155115511551164
1 0.4474907063197026 0.15924092409240925 0.012081784386617112 0.021452145214521462
1 0.4447026022304833 0.22277227722772278 0.015799256505576176 0.0363036303630363
1 0.4363382899628253 0.20627062706270627 0.013940520446096671 0.0297029702970297
1 0.4256505576208178 0.1773927392739274 0.011152416356877304 0.024752475247524747
1 0.4163568773234201 0.2202970297029703 0.014869888475836424 0.03465346534653463
1 0.38104089219330856 0.20297029702970298 0.01115241635687736 0.0297029702970297
1 0.3754646840148699 0.22524752475247525 0.014869888475836424 0.03795379537953797
1 0.40473977695167285 0.29372937293729373 0.01765799256505579 0.04950495049504955
1 0.34154275092936803 0.23019801980198018 0.013940520446096616 0.034653465346534656
1 0.3517657992565056 0.2367986798679868 0.013940520446096616 0.02805280528052803
1 0.33689591078066916 0.27722772277227725 0.01579925650557623 0.039603960396039584
1 0.3071561338289963 0.23349834983498352 0.012081784386617056 0.024752475247524747
1 0.2555762081784387 0.2764026402640264 0.013011152416356891 0.024752475247524774
1 0.29600371747211895 0.26485148514851486 0.01579925650557623 0.03465346534653463
1 0.3155204460966543 0.2698019801980198 0.015799256505576176 0.03795379537953797
1 0.047397769516728624 0.4018151815181518 0.027881040892193315 0.06765676567656764
