1 0.6382978723404256 0.48220973782771537 0.03191489361702127 0.0730337078651686
1 0.5425531914893618 0.38764044943820225 0.014893617021276673 0.029962546816479363
1 0.550531914893617 0.36985018726591756 0.013829787234042601 0.02808988764044945
1 0.4409574468085106 0.37827715355805247 0.02021276595744681 0.03370786516853935
1 0.4276595744680851 0.36329588014981273 0.019148936170212738 0.029962546816479363
1 0.42127659574468085 0.40636704119850187 0.019148936170212738 0.0449438202247191
1 0.399468085106383 0.4241573033707865 0.026595744680851074 0.050561797752809
1 0.3861702127659574 0.39700374531835203 0.01702127659574465 0.03370786516853935
1 0.41117021276595744 0.3764044943820225 0.018085106382978722 0.03745318352059929
1 0.3978723404255319 0.35580524344569286 0.012765957446808474 0.02996254681647942
1 0.40585106382978725 0.31647940074906367 0.011702127659574457 0.02247191011235955
1 0.3648936170212766 0.2958801498127341 0.008510638297872353 0.01872659176029967
1 0.36223404255319147 0.3735955056179775 0.015957446808510634 0.03558052434456932
1 0.33989361702127663 0.44756554307116103 0.03085106382978725 0.06367041198501872
1 0.325531914893617 0.37734082397003743 0.021276595744680826 0.03558052434456932
1 0.3372340425531915 0.398876404494382 0.023404255319148914 0.04119850187265922
1 0.2936170212765957 0.42602996254681647 0.019148936170212794 0.04681647940074907
1 0.2872340425531915 0.40262172284644193 0.01702127659574465 0.03745318352059923
1 0.2968085106382979 0.38014981273408244 0.017021276595744705 0.03370786516853935
1 0.23936170212765956 0.41292134831460675 0.02765957446808509 0.05805243445692887
1 0.26382978723404255 0.4541198501872659 0.03404255319148938 0.06928838951310856
1 0.19946808510638298 0.4541198501872659 0.0351063829787234 0.061797752808988804
1 0.1797872340425532 0.398876404494382 0.02765957446808512 0.04868913857677898
1 0.13297872340425532 0.46161048689138573 0.04255319148936171 0.06554307116104868
1 0.05372340425531914 0.45880149812734083 0.03936170212765957 0.06367041198501872
1 0.8202127659574469 0.43726591760299627 0.03191489361702127 0.06179775280898875
1 0.8388297872340426 0.49250936329588013 0.03510638297872348 0.0786516853932584
