1 0.05123674911660777 0.5949367088607596 0.0812720848056537 0.1392405063291139
1 0.31625441696113077 0.6012658227848101 0.06713780918727913 0.11392405063291133
1 0.4134275618374558 0.8987341772151899 0.12720848056537104 0.20253164556962022
1 0.842756183745583 0.8417721518987342 0.13780918727915203 0.2405063291139241
1 0.5547703180212014 0.5063291139240507 0.06360424028268541 0.11392405063291139
1 0.4575971731448763 0.3670886075949367 0.04593639575971731 0.08860759493670889
1 0.38162544169611307 0.31645569620253167 0.035335689045936425 0.06329113924050633
1 0.2508833922261484 0.30696202531645567 0.035335689045936425 0.05696202531645572
1 0.30565371024734983 0.4113924050632911 0.04593639575971731 0.07594936708860761
1 0.12014134275618374 0.4018987341772152 0.05653710247349823 0.0949367088607595
1 0.5830388692579506 0.21202531645569622 0.028268551236749095 0.04430379746835442
1 0.6607773851590106 0.22784810126582278 0.028268551236749095 0.05063291139240508
1 0.734982332155477 0.2879746835443038 0.035335689045936425 0.0822784810126582
1 0.8904593639575972 0.22468354430379747 0.05653710247349819 0.12025316455696206
1 0.9858657243816255 0.379746835443038 0.028268551236749095 0.08860759493670883
