1 0.17429406037000975 0.49485420240137223 0.0447906523855891 0.08061749571183535
1 0.25851996105160663 0.26586620926243565 0.02044790652385589 0.034305317324185236
1 0.2809152872444012 0.2624356775300172 0.01850048685491723 0.034305317324185236
1 0.375365141187926 0.2778730703259005 0.01850048685491723 0.041166380789022294
1 0.4902629016553067 0.30874785591766724 0.030185004868549192 0.05831903945111494
1 0.5438169425511197 0.32504288164665524 0.028237585199610504 0.03945111492281306
1 0.6879259980525803 0.3259005145797599 0.02434274586173324 0.05488850771869641
1 0.7190847127555988 0.34133790737564323 0.022395326192794496 0.06861063464837047
1 0.7896786757546251 0.37735849056603776 0.03505355404089583 0.06861063464837053
1 0.8924050632911392 0.37821612349914235 0.03407984420642651 0.07032590051457976
1 0.9045764362220059 0.30102915951972553 0.017526777020447804 0.049742710120068645
1 0.8281402142161636 0.31475128644939965 0.02434274586173313 0.04974271012006859
1 0.7706913339824732 0.2787307032590052 0.026290165530671872 0.049742710120068645
1 0.7069133398247323 0.2727272727272727 0.027263875365141188 0.041166380789022294
1 0.7439143135345667 0.23842195540308747 0.025316455696202556 0.034305317324185264
1 0.7370983446932814 0.18181818181818182 0.019474196689386547 0.041166380789022294
1 0.7804284323271665 0.19897084048027444 0.01850048685491723 0.044596912521440824
1 0.8296007789678675 0.2032590051457976 0.02142161635832518 0.04288164665523156
1 0.6932814021421616 0.18782161234991424 0.025316455696202556 0.032590051457976
1 0.6596884128529699 0.22041166380789023 0.030185004868549137 0.04288164665523156
1 0.6105160662122687 0.25900514579759865 0.0331061343719572 0.04459691252144085
1 0.559396299902629 0.26329331046312177 0.028237585199610504 0.04631217838765009
1 0.5404089581304772 0.19382504288164665 0.025316455696202556 0.037735849056603765
1 0.43135345666991237 0.23241852487135506 0.025316455696202556 0.032590051457976
1 0.4036027263875365 0.22298456260720412 0.026290165530671872 0.027444253859348178
1 0.3675754625121713 0.22041166380789023 0.02239532619279455 0.02572898799313894
1 0.7010710808179162 0.057461406518010294 0.011684518013632017 0.02572898799313894
1 0.8028237585199611 0.13979416809605488 0.022395326192794607 0.036020583190394515
1 0.8281402142161636 0.14065180102915953 0.0165530671859786 0.03773584905660378
1 0.8427458617332035 0.11921097770154374 0.014605647517039966 0.032590051457975985
1 0.8675754625121713 0.13036020583190394 0.017526777020447915 0.030874785591766707
1 0.8860759493670887 0.13379073756432247 0.011684518013631906 0.05488850771869641
1 0.9045764362220059 0.14236706689536877 0.009737098344693274 0.034305317324185264
1 0.9284323271665044 0.14665523156089194 0.022395326192794496 0.0497427101200686
1 0.8758519961051607 0.19725557461406518 0.028237585199610504 0.04802744425385935
1 0.9259980525803311 0.22469982847341338 0.025316455696202556 0.037735849056603765
1 0.865141187925998 0.2538593481989708 0.026290165530671872 0.04802744425385935
1 0.44109055501460565 0.19382504288164665 0.019474196689386547 0.024013722126929676
1 0.47370983446932813 0.18867924528301888 0.01071080817916259 0.034305317324185264
1 0.48880233690360275 0.19811320754716982 0.015579357351509227 0.03945111492281303
1 0.5116845180136319 0.1260720411663808 0.014605647517039966 0.02915951972555747
1 0.5326192794547224 0.1234991423670669 0.015579357351509171 0.027444253859348205
1 0.6168451801363194 0.14922813036020582 0.012658227848101333 0.030874785591766735
1 0.6504381694255112 0.14236706689536877 0.015579357351509171 0.030874785591766735
1 0.6499513145082765 0.11234991423670669 0.018500486854917342 0.022298456260720412
1 0.5847127555988315 0.14408233276157806 0.01850048685491723 0.030874785591766735
1 0.5657254138266796 0.13293310463121782 0.015579357351509282 0.025728987993138927
1 0.44888023369036023 0.153516295025729 0.015579357351509227 0.018867924528301883
1 0.46835443037974683 0.15265866209262435 0.019474196689386547 0.024013722126929676
1 0.5886075949367089 0.11320754716981132 0.0165530671859786 0.020583190394511147
1 0.5472249269717624 0.07032590051457976 0.017526777020447915 0.02744425385934819
1 0.6241480038948393 0.09777015437392797 0.025316455696202556 0.03773584905660378
1 0.36368062317429406 0.19125214408233276 0.0165530671859786 0.022298456260720412
