1 0.049 0.21988795518207283 0.074 0.11484593837535015
1 0.10900000000000001 0.23529411764705882 0.054000000000000006 0.10084033613445376
1 0.194 0.1988795518207283 0.04799999999999999 0.07282913165266106
1 0.31999999999999995 0.26890756302521013 0.07600000000000001 0.10644257703081234
1 0.389 0.22128851540616246 0.05399999999999999 0.07843137254901963
1 0.48 0.2226890756302521 0.03999999999999998 0.05882352941176469
1 0.55 0.2507002801120448 0.03599999999999992 0.07002801120448177
1 0.602 0.24509803921568626 0.04800000000000004 0.08123249299719887
1 0.663 0.3431372549019608 0.134 0.21568627450980393
1 0.837 0.242296918767507 0.061999999999999944 0.11484593837535012
