1 0.0854964308890331 0.4742773150416463 0.029526281635301743 0.047035766780989696
1 0.19695003244646334 0.46447819696227344 0.03309539260220634 0.06271435570798628
1 0.15768981181051267 0.5805977462028418 0.029201817001946767 0.03821656050955413
1 0.22680077871512005 0.6166095051445369 0.03179753406878649 0.04752572268495836
1 0.2654120700843608 0.6222439980401764 0.03439325113562619 0.05095541401273884
1 0.26151849448410125 0.5894169524742773 0.021414665801427646 0.03135717785399317
1 0.23848150551589875 0.5786379225869671 0.02206359506813757 0.03037726604605584
1 0.3015898767034393 0.6031357177853993 0.024334847501622348 0.037236648701616915
1 0.33419857235561323 0.6175894169524743 0.03244646333549639 0.03968642822146007
1 0.3747566515249838 0.6170994610485057 0.02985074626865669 0.04654581087702103
1 0.34441920830629463 0.5864772170504655 0.025632706035042196 0.03331700146986771
1 0.32430240103828684 0.5764331210191083 0.017196625567813095 0.02988731014208723
1 0.3958468526930565 0.5916217540421362 0.024659312134977296 0.04360607545320916
1 0.400064892926671 0.5786379225869671 0.022063595068137543 0.032337089661930496
1 0.3719987021414666 0.5828025477707006 0.018494484101233 0.02596766291033803
1 0.43105126541207006 0.6063204311611954 0.028877352368591847 0.03968642822146007
1 0.43170019467878 0.5832925036746692 0.026281635301752093 0.030867221950024448
1 0.45863075924724206 0.5744732974032336 0.030175210902011695 0.04262616364527194
1 0.4600908500973394 0.6099951004409603 0.03179753406878649 0.0489955903968643
1 0.4828033744321869 0.6401273885350318 0.042829331602855236 0.05928466438020574
1 0.4870214146658014 0.5901518863302303 0.02465931213497724 0.040666340029397396
1 0.5201168072680078 0.5796178343949046 0.027903958468527 0.036256736893679586
1 0.5457495133030499 0.6276335129838314 0.03179753406878649 0.06369426751592355
1 0.5897144711226476 0.6393924546790789 0.03731343283582089 0.06271435570798634
1 0.5905256327060351 0.5957863792258697 0.03179753406878649 0.049975502204801514
1 0.6336794289422453 0.6114649681528663 0.039584685269305586 0.06467417932386088
1 0.6636924075275795 0.6411073003429691 0.03731343283582089 0.059284664380205854
1 0.65914990266061 0.6063204311611954 0.02693056456846199 0.03968642822146007
1 0.6961388708630759 0.6207741303282706 0.028877352368591902 0.046055854973052424
1 0.7373458792991564 0.6452719255267025 0.047696301103179684 0.06369426751592366
1 0.7188513951979234 0.6070553650171484 0.02887735236859179 0.049975502204801514
1 0.7634652822842309 0.6095051445369917 0.033744321868916294 0.049975502204801625
1 0.7879623621025308 0.6406173444390004 0.04445165476963009 0.07104360607545324
1 0.7949383517196627 0.5982361587457129 0.03179753406878649 0.05095541401273884
1 0.8384166125892278 0.60828025477707 0.04023361453601548 0.06908378245957869
1 0.8569110966904607 0.5989710926016658 0.03179753406878649 0.054385105340519324
1 0.8711875405580791 0.6741793238608524 0.046073977936404886 0.08133268005879468
1 0.7147955872809864 0.4691327780499755 0.02336145360155739 0.040666340029397396
