1 0.129 0.4794952681388013 0.041999999999999996 0.08201892744479494
1 0.16899999999999998 0.5441640378548895 0.05400000000000002 0.09148264984227128
1 0.226 0.5694006309148265 0.06 0.09779179810725558
1 0.249 0.4968454258675079 0.04200000000000001 0.08517350157728704
1 0.345 0.4794952681388013 0.03799999999999998 0.06940063091482651
1 0.32899999999999996 0.6261829652996845 0.07400000000000001 0.13564668769716093
1 0.45199999999999996 0.6845425867507886 0.08400000000000002 0.1514195583596215
1 0.573 0.8753943217665615 0.10599999999999998 0.21766561514195581
1 0.765 0.7097791798107256 0.07000000000000006 0.11356466876971605
1 0.813 0.6356466876971609 0.061999999999999944 0.11041009463722395
1 0.861 0.5741324921135647 0.05400000000000005 0.09463722397476337
1 0.914 0.555205047318612 0.04400000000000004 0.0757097791798107
1 0.914 0.5157728706624606 0.03200000000000003 0.053627760252365875
1 0.94 0.49842271293375395 0.027999999999999914 0.05678233438485808
1 0.9279999999999999 0.4700315457413249 0.03199999999999992 0.05678233438485808
1 0.9450000000000001 0.4511041009463722 0.02199999999999991 0.05047318611987378
1 0.954 0.49369085173501576 0.039999999999999925 0.05993690851735012
1 0.892 0.43217665615141954 0.016000000000000014 0.037854889589905405
1 0.867 0.45425867507886436 0.026000000000000023 0.03785488958990535
1 0.84 0.4353312302839117 0.020000000000000018 0.03785488958990535
1 0.8069999999999999 0.44164037854889593 0.02199999999999991 0.04416403785488959
1 0.798 0.4242902208201893 0.020000000000000018 0.0410094637223975
1 0.759 0.4384858044164038 0.026000000000000023 0.056782334384858024
1 0.717 0.4274447949526814 0.02200000000000002 0.04100946372239744
1 0.716 0.4037854889589905 0.020000000000000018 0.03154574132492116
1 0.672 0.4195583596214511 0.02400000000000002 0.04416403785488954
1 0.64 0.417981072555205 0.02400000000000002 0.04731861198738169
1 0.627 0.42271293375394325 0.026000000000000023 0.04416403785488959
1 0.58 0.43533123028391163 0.020000000000000018 0.04416403785488959
1 0.534 0.4400630914826499 0.02400000000000002 0.04731861198738169
1 0.474 0.4400630914826498 0.02799999999999997 0.05362776025236593
1 0.404 0.4605678233438486 0.035999999999999976 0.06940063091482646
