1 0.028999999999999998 0.6741741741741742 0.054 0.10510510510510518
1 0.022 0.5930930930930931 0.04 0.06906906906906907
1 0.08 0.6246246246246245 0.047999999999999994 0.07207207207207211
1 0.059 0.5960960960960962 0.03 0.0570570570570571
1 0.14700000000000002 0.6066066066066066 0.038000000000000006 0.06006006006006004
1 0.16699999999999998 0.5915915915915916 0.021999999999999992 0.048048048048048075
1 0.399 0.5405405405405406 0.02999999999999997 0.05405405405405406
1 0.396 0.5855855855855856 0.03199999999999997 0.06006006006006004
1 0.438 0.6081081081081081 0.040000000000000036 0.08108108108108114
1 0.476 0.6486486486486487 0.055999999999999994 0.08408408408408408
1 0.496 0.5705705705705706 0.03200000000000003 0.048048048048048075
1 0.475 0.46846846846846846 0.021999999999999964 0.03603603603603606
1 0.5569999999999999 0.6051051051051051 0.04599999999999993 0.06906906906906907
1 0.575 0.7027027027027026 0.08599999999999997 0.14414414414414412
1 0.627 0.6546546546546547 0.05800000000000005 0.09009009009009006
1 0.661 0.56006006006006 0.026000000000000023 0.04504504504504503
1 0.688 0.5765765765765766 0.027999999999999914 0.04204204204204198
1 0.714 0.56006006006006 0.02400000000000002 0.03903903903903905
1 0.772 0.8183183183183184 0.14 0.23123123123123124
1 0.771 0.6921921921921922 0.07800000000000007 0.12312312312312312
1 0.774 0.6006006006006006 0.04800000000000004 0.0780780780780781
1 0.788 0.572072072072072 0.03200000000000003 0.0570570570570571
1 0.862 0.557057057057057 0.03600000000000003 0.05105105105105101
1 0.875 0.6276276276276276 0.050000000000000044 0.08408408408408408
1 0.897 0.5405405405405406 0.030000000000000027 0.048048048048048075
1 0.923 0.5675675675675675 0.03399999999999992 0.05405405405405406
1 0.95 0.6171171171171171 0.051999999999999935 0.08108108108108114
