1 0.19454545454545455 0.621875 0.05818181818181817 0.11875000000000002
1 0.25181818181818183 0.5453125000000001 0.052727272727272734 0.10312500000000002
1 0.3054545454545454 0.590625 0.0472727272727273 0.09375
1 0.37363636363636366 0.559375 0.049090909090909074 0.10625000000000007
1 0.4681818181818182 0.6 0.052727272727272734 0.11250000000000004
1 0.5727272727272728 0.6671875 0.05818181818181822 0.109375
1 0.6745454545454546 0.571875 0.050909090909090904 0.125
1 0.7990909090909091 0.3328125 0.049090909090909074 0.10312500000000002
1 0.8472727272727272 0.2890625 0.047272727272727244 0.109375
1 0.9045454545454545 0.2984375 0.06000000000000005 0.115625
1 0.75 0.303125 0.049090909090909074 0.10000000000000003
1 0.7363636363636363 0.2359375 0.047272727272727244 0.09062500000000001
1 0.6909090909090909 0.284375 0.05454545454545445 0.11875
1 0.6409090909090909 0.2453125 0.045454545454545525 0.08437499999999998
1 0.5918181818181818 0.2859375 0.049090909090909074 0.10312500000000002
1 0.5481818181818182 0.2453125 0.052727272727272734 0.103125
1 0.5072727272727273 0.3015625 0.05818181818181817 0.10312500000000002
1 0.4509090909090909 0.2484375 0.0472727272727273 0.09687499999999999
1 0.4009090909090909 0.2953125 0.04909090909090913 0.09687499999999999
1 0.3472727272727273 0.30625 0.04363636363636364 0.07500000000000001
1 0.2963636363636364 0.3421875 0.0472727272727273 0.08437500000000003
1 0.2590909090909091 0.3046875 0.034545454545454546 0.078125
1 0.22272727272727272 0.3296875 0.04545454545454544 0.09687499999999999
1 0.13 0.3359375 0.052727272727272734 0.10312500000000002
