1 0.054086538461538464 0.20982142857142855 0.013621794871794872 0.037500000000000006
1 0.04487179487179487 0.24285714285714288 0.014423076923076927 0.035714285714285726
1 0.057692307692307696 0.26071428571428573 0.01602564102564103 0.042857142857142844
1 0.09014423076923077 0.4348214285714286 0.023237179487179488 0.05535714285714288
1 0.07612179487179488 0.49910714285714286 0.02403846153846155 0.05535714285714288
1 0.1061698717948718 0.5660714285714286 0.026442307692307696 0.07499999999999996
1 0.19911858974358976 0.44642857142857145 0.02163461538461539 0.06071428571428572
1 0.2411858974358974 0.3776785714285714 0.02243589743589744 0.05535714285714288
1 0.25681089743589747 0.3008928571428572 0.020032051282051266 0.04464285714285715
1 0.17708333333333334 0.28125 0.01762820512820512 0.044642857142857095
1 0.17588141025641024 0.24464285714285716 0.015224358974358948 0.03214285714285717
1 0.1374198717948718 0.25535714285714284 0.018429487179487197 0.03928571428571431
1 0.12219551282051283 0.23125 0.016826923076923087 0.037500000000000006
1 0.16025641025641024 0.1642857142857143 0.0144230769230769 0.039285714285714285
1 0.171875 0.1875 0.013621794871794879 0.03214285714285714
1 0.19791666666666666 0.19285714285714284 0.01762820512820512 0.042857142857142844
1 0.2107371794871795 0.13482142857142856 0.011217948717948734 0.030357142857142846
1 0.22275641025641024 0.1375 0.011217948717948706 0.032142857142857154
1 0.2548076923076923 0.12767857142857142 0.01282051282051283 0.030357142857142846
1 0.3048878205128205 0.14910714285714285 0.015224358974358976 0.03392857142857142
1 0.3012820512820513 0.1705357142857143 0.016025641025641024 0.037500000000000006
1 0.2952724358974359 0.2089285714285714 0.01842948717948717 0.039285714285714285
1 0.3253205128205128 0.23839285714285716 0.014423076923076927 0.04107142857142859
1 0.34935897435897434 0.2142857142857143 0.01762820512820512 0.035714285714285726
1 0.38020833333333337 0.18571428571428572 0.015224358974358976 0.04285714285714287
1 0.36458333333333337 0.0875 0.01282051282051283 0.032142857142857154
1 0.41145833333333337 0.09375 0.013621794871794879 0.03035714285714286
1 0.4338942307692307 0.0875 0.013621794871794879 0.032142857142857154
1 0.484775641025641 0.09375 0.012820512820512775 0.03392857142857142
1 0.4719551282051282 0.14017857142857143 0.014423076923076927 0.03035714285714286
1 0.4763621794871795 0.1705357142857143 0.015224358974358976 0.03392857142857142
1 0.5012019230769231 0.17946428571428572 0.016826923076923017 0.03749999999999998
1 0.49318910256410253 0.22946428571428573 0.01842948717948717 0.04464285714285712
1 0.4659455128205128 0.28928571428571426 0.020032051282051266 0.04642857142857143
1 0.5677083333333333 0.17946428571428572 0.013621794871794823 0.03392857142857142
1 0.5769230769230769 0.20982142857142855 0.014423076923076983 0.037500000000000006
1 0.5817307692307692 0.15 0.014423076923076983 0.03214285714285714
1 0.6001602564102564 0.14285714285714285 0.01602564102564097 0.02857142857142858
1 0.5913461538461539 0.10714285714285715 0.011217948717948678 0.032142857142857154
1 0.624599358974359 0.12142857142857141 0.016826923076923017 0.028571428571428567
1 0.5248397435897436 0.08125 0.012820512820512775 0.023214285714285715
1 0.5192307692307692 0.11160714285714286 0.014423076923076983 0.023214285714285715
1 0.5693108974358975 0.3214285714285714 0.024839743589743613 0.05357142857142855
1 0.5741185897435898 0.4758928571428571 0.023237179487179516 0.07321428571428568
1 0.6350160256410257 0.2544642857142857 0.016826923076923128 0.03392857142857142
1 0.6466346153846154 0.15892857142857142 0.012820512820512886 0.03214285714285714
1 0.7059294871794872 0.22589285714285715 0.012820512820512886 0.03392857142857142
1 0.718349358974359 0.22232142857142856 0.01522435897435892 0.030357142857142833
1 0.7327724358974359 0.20803571428571427 0.015224358974359031 0.037500000000000006
1 0.7147435897435898 0.28035714285714286 0.019230769230769162 0.0357142857142857
1 0.6875 0.34017857142857144 0.024038461538461453 0.04821428571428571
1 0.7844551282051282 0.38125 0.022435897435897356 0.04821428571428571
1 0.780448717948718 0.21607142857142858 0.017628205128205066 0.035714285714285726
1 0.8181089743589743 0.24642857142857144 0.017628205128205066 0.02857142857142858
1 0.858974358974359 0.2839285714285714 0.014423076923076983 0.03928571428571426
1 0.9254807692307692 0.36160714285714285 0.017628205128205177 0.03749999999999998
