1 0.32575757575757575 0.2138888888888889 0.01674641148325362 0.027777777777777762
1 0.3504784688995215 0.2152777777777778 0.018341307814992047 0.030555555555555558
1 0.38397129186602874 0.30208333333333337 0.01993620414673042 0.0402777777777778
1 0.4820574162679426 0.20069444444444445 0.01674641148325362 0.03194444444444444
1 0.49681020733652315 0.14930555555555558 0.01275917065390747 0.02361111111111111
1 0.5649920255183414 0.17152777777777778 0.01674641148325351 0.03194444444444444
1 0.5645933014354068 0.11319444444444444 0.012759170653907526 0.02361111111111111
1 0.8086124401913876 0.3965277777777778 0.028708133971291794 0.06805555555555559
1 0.8759968102073366 0.13819444444444445 0.011961722488038284 0.029166666666666674
1 0.9066985645933014 0.1375 0.01594896331738438 0.03333333333333334
