1 0.10666666666666666 0.6174749163879598 0.022222222222222213 0.04096989966555176
1 0.10388888888888889 0.7311872909698997 0.053333333333333344 0.07441471571906355
1 0.15166666666666667 0.6120401337792643 0.014444444444444454 0.0317725752508361
1 0.19166666666666665 0.6015886287625418 0.018888888888888872 0.03428093645484953
1 0.21555555555555556 0.6705685618729097 0.023333333333333317 0.03177257525083621
1 0.18333333333333335 0.7073578595317725 0.027777777777777762 0.04347826086956519
1 0.19777777777777777 0.7642140468227425 0.03888888888888889 0.06354515050167231
1 0.2536111111111111 0.7412207357859532 0.029444444444444412 0.044314381270903036
1 0.2375 0.6835284280936456 0.01944444444444446 0.03260869565217395
1 0.24777777777777776 0.6229096989966556 0.017777777777777753 0.02842809364548493
1 0.28833333333333333 0.5990802675585285 0.014444444444444482 0.03093645484949825
1 0.3325 0.6187290969899666 0.022777777777777786 0.02341137123745818
1 0.30722222222222223 0.6659698996655519 0.022222222222222254 0.030936454849498363
1 0.28527777777777774 0.685200668896321 0.01944444444444443 0.03260869565217395
1 0.31777777777777777 0.7307692307692308 0.02777777777777779 0.04849498327759194
1 0.3352777777777778 0.7119565217391304 0.021666666666666667 0.03093645484949825
1 0.32305555555555554 0.6931438127090301 0.02055555555555555 0.03344481605351168
1 0.37 0.6739130434782609 0.018888888888888844 0.03678929765886285
1 0.23222222222222222 0.8762541806020067 0.05222222222222225 0.07692307692307687
1 0.34777777777777774 0.842809364548495 0.03222222222222221 0.06020066889632103
1 0.4 0.7918060200668897 0.03555555555555556 0.061872909698996614
1 0.4036111111111111 0.7090301003344481 0.02055555555555555 0.041806020066889604
1 0.4255555555555556 0.7182274247491638 0.02777777777777779 0.041806020066889604
1 0.4297222222222222 0.6839464882943144 0.02055555555555555 0.03678929765886285
1 0.4683333333333333 0.685200668896321 0.020000000000000018 0.02926421404682278
1 0.4602777777777778 0.6032608695652174 0.015000000000000013 0.030936454849498363
1 0.4938888888888889 0.7562709030100334 0.023333333333333317 0.04933110367892979
1 0.5255555555555556 0.7784280936454849 0.028888888888888964 0.05351170568561869
1 0.5491666666666666 0.7357859531772575 0.026111111111111085 0.041806020066889604
1 0.5344444444444445 0.7081939799331103 0.022222222222222254 0.038461538461538436
1 0.5158333333333334 0.6145484949832776 0.015000000000000013 0.025083612040133763
1 0.5419444444444445 0.5974080267558528 0.01722222222222225 0.02591973244147161
1 0.5788888888888889 0.596571906354515 0.02111111111111108 0.02926421404682278
1 0.6022222222222222 0.6153846153846154 0.014444444444444482 0.026755852842809347
1 0.6036111111111111 0.6542642140468228 0.02055555555555555 0.03428093645484953
1 0.6216666666666666 0.6588628762541806 0.013333333333333308 0.026755852842809347
1 0.6311111111111112 0.669732441471572 0.014444444444444371 0.02842809364548493
1 0.6341666666666667 0.7061036789297659 0.022777777777777786 0.03929765886287617
1 0.6363888888888889 0.7562709030100334 0.02499999999999991 0.04264214046822745
1 0.6297222222222223 0.8202341137123745 0.0461111111111111 0.07859531772575246
1 0.6825 0.8030936454849499 0.032777777777777795 0.06103678929765888
1 0.7222222222222222 0.7194816053511706 0.02111111111111108 0.03929765886287617
1 0.7275 0.6881270903010033 0.018333333333333313 0.0317725752508361
1 0.7669444444444444 0.7157190635451505 0.026111111111111085 0.038461538461538436
1 0.7583333333333333 0.6918896321070234 0.02111111111111108 0.03762541806020059
1 0.8400000000000001 0.7336956521739131 0.03888888888888886 0.06103678929765888
