1 0.05586283185840708 0.28094302554027506 0.016592920353982306 0.035363457760314354
1 0.2654867256637168 0.224950884086444 0.01769911504424776 0.041257367387033395
1 0.3733407079646017 0.24656188605108056 0.02323008849557523 0.04911591355599215
1 0.33628318584070793 0.24852652259332023 0.019911504424778792 0.041257367387033395
1 0.37057522123893805 0.18860510805500982 0.015486725663716783 0.035363457760314354
1 0.38716814159292035 0.1650294695481336 0.013274336283185861 0.031434184675834975
1 0.3954646017699115 0.19253438113948917 0.018805309734513276 0.039292730844793705
1 0.4043141592920354 0.1581532416502947 0.0165929203539823 0.029469548133595286
1 0.4170353982300885 0.20923379174852652 0.015486725663716783 0.03339882121807464
1 0.43307522123893805 0.23772102161100195 0.03207964601769908 0.06286836935166992
1 0.4684734513274336 0.2013752455795678 0.021017699115044253 0.04518664047151277
1 0.4939159292035398 0.20530451866404714 0.021017699115044253 0.04518664047151277
1 0.4336283185840708 0.1669941060903733 0.015486725663716783 0.035363457760314326
1 0.4402654867256637 0.13654223968565815 0.013274336283185806 0.02554027504911592
1 0.46073008849557523 0.137524557956778 0.012168141592920345 0.02750491159135561
1 0.47013274336283184 0.1532416502946955 0.013274336283185806 0.03143418467583495
1 0.47732300884955753 0.1699410609037328 0.0165929203539823 0.029469548133595286
1 0.5188053097345133 0.17878192534381138 0.015486725663716894 0.039292730844793705
1 0.4845132743362832 0.13359528487229863 0.015486725663716838 0.02750491159135561
1 0.4983407079646018 0.11886051080550099 0.012168141592920345 0.033398821218074665
1 0.5105088495575221 0.13163064833005894 0.014380530973451378 0.035363457760314354
1 0.5243362831858407 0.11984282907662083 0.013274336283185861 0.02357563850687623
1 0.5287610619469026 0.1306483300589391 0.01106194690265494 0.025540275049115907
1 0.5392699115044248 0.13654223968565815 0.012168141592920345 0.0294695481335953
1 0.5282079646017699 0.1581532416502947 0.014380530973451378 0.025540275049115907
1 0.5547566371681416 0.17681728880157171 0.01880530973451333 0.035363457760314354
1 0.5813053097345132 0.16306483300589392 0.0165929203539823 0.043222003929273084
1 0.5719026548672566 0.12671905697445973 0.013274336283185861 0.03339882121807465
1 0.5757743362831858 0.11198428290766207 0.012168141592920345 0.027504911591355596
1 0.6012168141592921 0.10117878192534381 0.009955752212389424 0.025540275049115907
1 0.6017699115044248 0.12475442043222004 0.011061946902654829 0.029469548133595272
1 0.6133849557522124 0.12573673870333987 0.014380530973451267 0.03536345776031434
1 0.627212389380531 0.10903732809430255 0.011061946902654829 0.029469548133595286
1 0.6382743362831858 0.11100196463654224 0.013274336283185861 0.02554027504911592
1 0.6349557522123894 0.14047151277013753 0.015486725663716894 0.03339882121807465
1 0.6526548672566372 0.10117878192534381 0.013274336283185861 0.033398821218074665
1 0.6653761061946903 0.11001964636542239 0.012168141592920345 0.03536345776031434
1 0.6797566371681416 0.10412573673870335 0.009955752212389424 0.03143418467583496
1 0.6935840707964602 0.11394891944990176 0.013274336283185861 0.03536345776031434
1 0.5785398230088495 0.24361493123772102 0.026548672566371723 0.05893909626719057
1 0.6172566371681416 0.24263261296660119 0.026548672566371723 0.05697445972495091
1 0.6344026548672567 0.19155206286836934 0.023230088495575174 0.04518664047151277
1 0.6598451327433628 0.18172888015717092 0.021017699115044253 0.04518664047151277
1 0.6620575221238938 0.22298624754420432 0.023230088495575174 0.04518664047151277
1 0.6731194690265487 0.2603143418467584 0.023230088495575285 0.05697445972495091
1 0.7212389380530974 0.23772102161100195 0.019911504424778848 0.05108055009823184
1 0.7394911504424779 0.2583497053045187 0.023230088495575285 0.06090373280943029
1 0.7610619469026549 0.24165029469548133 0.02212389380530977 0.047151277013752435
1 0.7920353982300885 0.2819253438113949 0.028761061946902644 0.06483300589390961
1 0.8373893805309734 0.3104125736738703 0.026548672566371723 0.06286836935166995
1 0.8960176991150443 0.32416502946954817 0.028761061946902755 0.07072691552062865
1 0.9308628318584071 0.27210216110019647 0.023230088495575285 0.05304518664047153
1 0.9209070796460177 0.23084479371316308 0.01880530973451333 0.049115913555992124
1 0.8871681415929203 0.22003929273084477 0.015486725663716783 0.039292730844793705
1 0.8617256637168141 0.2544204322200393 0.02433628318584069 0.05304518664047153
1 0.8396017699115044 0.21611001964636545 0.017699115044247704 0.043222003929273084
1 0.7837389380530974 0.206286836935167 0.0165929203539823 0.035363457760314354
1 0.7466814159292036 0.20137524557956776 0.015486725663716783 0.037328094302554043
1 0.7024336283185841 0.1719056974459725 0.015486725663716894 0.033398821218074665
1 0.7350663716814159 0.17878192534381138 0.014380530973451378 0.035363457760314326
1 0.7571902654867256 0.16011787819253437 0.0165929203539823 0.037328094302554043
1 0.7295353982300885 0.13457760314341846 0.012168141592920345 0.0294695481335953
1 0.7417035398230089 0.1306483300589391 0.012168141592920456 0.029469548133595286
1 0.7511061946902655 0.12966601178781925 0.011061946902654829 0.027504911591355596
1 0.7704646017699115 0.13948919449901767 0.012168141592920345 0.027504911591355596
1 0.790929203539823 0.12966601178781925 0.011061946902654829 0.027504911591355596
1 0.7970132743362832 0.1532416502946955 0.0165929203539823 0.03143418467583495
1 0.8108407079646018 0.13654223968565815 0.015486725663716894 0.03339882121807465
1 0.8230088495575221 0.12671905697445973 0.013274336283185861 0.03339882121807465
1 0.8451327433628318 0.15029469548133595 0.017699115044247815 0.041257367387033395
1 0.8611725663716814 0.17779960707269155 0.0165929203539823 0.033398821218074665
1 0.836283185840708 0.1719056974459725 0.013274336283185861 0.033398821218074665
1 0.8761061946902655 0.15422396856581533 0.015486725663716783 0.037328094302554016
1 0.9032079646017699 0.17681728880157171 0.014380530973451378 0.031434184675834975
1 0.9131637168141593 0.15127701375245578 0.012168141592920345 0.03143418467583495
1 0.9297566371681416 0.18467583497053044 0.014380530973451267 0.031434184675834975
1 0.9402654867256637 0.2043222003929273 0.017699115044247815 0.035363457760314354
1 0.9402654867256637 0.17092337917485265 0.013274336283185861 0.027504911591355596
