1 0.18815513626834382 0.44112149532710276 0.053459119496855334 0.10467289719626166
1 0.3390985324947589 0.21962616822429906 0.017819706498951815 0.03551401869158877
1 0.330188679245283 0.202803738317757 0.018867924528301883 0.03177570093457946
1 0.3490566037735849 0.19345794392523363 0.018867924528301883 0.035514018691588795
1 0.4082809224318658 0.20093457943925233 0.022012578616352196 0.04299065420560749
1 0.42138364779874216 0.1766355140186916 0.018867924528301883 0.035514018691588795
1 0.44654088050314467 0.19345794392523363 0.02306079664570232 0.03925233644859813
1 0.4439203354297694 0.2261682242990654 0.026205450733752578 0.03738317757009346
1 0.47641509433962265 0.2308411214953271 0.024109014675052443 0.04672897196261683
1 0.47274633123689724 0.19532710280373833 0.02306079664570232 0.042990654205607465
1 0.4392033542976939 0.14392523364485982 0.016771488469601636 0.029906542056074764
1 0.4638364779874214 0.13925233644859814 0.01572327044025157 0.028037383177570097
1 0.4638364779874214 0.1514018691588785 0.01572327044025157 0.029906542056074764
1 0.47903563941299787 0.16261682242990655 0.020964360587002073 0.029906542056074764
1 0.4921383647798742 0.13084112149532712 0.011530398322851187 0.029906542056074764
1 0.500524109014675 0.12149532710280375 0.013626834381551323 0.02242990654205608
1 0.5115303983228512 0.15420560747663553 0.02096436058700213 0.03177570093457946
1 0.5366876310272537 0.18130841121495328 0.018867924528301883 0.029906542056074764
1 0.5351153039832285 0.15607476635514017 0.017819706498951815 0.035514018691588795
1 0.5361635220125787 0.1383177570093458 0.013626834381551434 0.029906542056074778
1 0.5455974842767295 0.12803738317757007 0.013626834381551434 0.024299065420560734
1 0.5220125786163522 0.1383177570093458 0.012578616352201255 0.029906542056074778
1 0.5571278825995807 0.16261682242990655 0.013626834381551323 0.029906542056074764
1 0.5733752620545074 0.24299065420560748 0.023060796645702264 0.0411214953271028
1 0.519916142557652 0.2691588785046729 0.023060796645702264 0.05607476635514019
1 0.5524109014675053 0.28785046728971964 0.02515723270440251 0.05981308411214953
1 0.5759958071278826 0.1355140186915888 0.01572327044025157 0.035514018691588795
1 0.5864779874213837 0.11121495327102804 0.013626834381551434 0.028037383177570097
1 0.6121593291404612 0.09813084112149534 0.01048218029350112 0.024299065420560748
1 0.6163522012578616 0.11588785046728972 0.012578616352201255 0.026168224299065415
1 0.6336477987421383 0.10186915887850467 0.009433962264150941 0.024299065420560748
1 0.6582809224318658 0.10467289719626169 0.010482180293501009 0.026168224299065415
1 0.6546121593291405 0.11869158878504674 0.011530398322851076 0.028037383177570097
1 0.6561844863731656 0.13738317757009347 0.012578616352201255 0.02803738317757011
1 0.6221174004192872 0.1514018691588785 0.013626834381551323 0.0336448598130841
1 0.6268343815513627 0.1336448598130841 0.012578616352201255 0.028037383177570083
1 0.5953878406708595 0.14485981308411214 0.014675052410901501 0.028037383177570097
1 0.5864779874213837 0.16822429906542058 0.013626834381551434 0.0336448598130841
1 0.6755765199161425 0.12242990654205607 0.009433962264150941 0.020560747663551412
1 0.69916142557652 0.1233644859813084 0.012578616352201255 0.0336448598130841
1 0.720649895178197 0.14392523364485982 0.013626834381551434 0.03364485981308413
1 0.7106918238993711 0.16261682242990655 0.014675052410901501 0.03738317757009346
1 0.7028301886792453 0.19626168224299065 0.017819706498951815 0.0411214953271028
1 0.6713836477987422 0.17943925233644858 0.017819706498951815 0.04485981308411216
1 0.6687631027253669 0.21495327102803738 0.018867924528301883 0.04485981308411213
1 0.6252620545073375 0.22336448598130842 0.024109014675052443 0.0467289719626168
1 0.6242138364779874 0.28598130841121494 0.03039832285115307 0.06355140186915886
1 0.6614255765199162 0.2607476635514019 0.02096436058700213 0.046728971962616855
1 0.6865828092243187 0.32242990654205606 0.03144654088050314 0.07289719626168223
1 0.7384696016771488 0.36261682242990656 0.03039832285115307 0.07476635514018692
1 0.7258909853249476 0.2252336448598131 0.022012578616352196 0.05046728971962616
1 0.7557651991614256 0.12242990654205607 0.012578616352201255 0.03177570093457943
1 0.7531446540880503 0.14579439252336449 0.013626834381551323 0.029906542056074792
1 0.7484276729559749 0.16822429906542058 0.010482180293501009 0.029906542056074764
1 0.769916142557652 0.18317757009345795 0.01572327044025157 0.03738317757009346
1 0.7678197064989518 0.1336448598130841 0.011530398322851187 0.03177570093457943
1 0.7856394129979036 0.12897196261682242 0.013626834381551434 0.03364485981308411
1 0.7887840670859538 0.15794392523364487 0.017819706498951704 0.035514018691588795
1 0.7835429769392033 0.21214953271028036 0.022012578616352196 0.05046728971962616
1 0.8071278825995807 0.2588785046728972 0.018867924528301883 0.042990654205607465
1 0.80083857442348 0.288785046728972 0.023060796645702264 0.06542056074766356
1 0.8364779874213837 0.3532710280373832 0.02935010482180289 0.07102803738317759
1 0.8432914046121593 0.34018691588785044 0.024109014675052443 0.05233644859813086
1 0.8653039832285114 0.2850467289719626 0.022012578616352196 0.04672897196261683
1 0.8427672955974843 0.21401869158878506 0.016771488469601636 0.03925233644859813
1 0.8092243186582809 0.18317757009345795 0.01467505241090139 0.03364485981308413
1 0.8259958071278826 0.17289719626168223 0.014675052410901501 0.03177570093457943
1 0.8406708595387841 0.15233644859813084 0.01467505241090139 0.03177570093457943
1 0.8522012578616351 0.18878504672897195 0.014675052410901501 0.037383177570093434
1 0.8663522012578617 0.17570093457943925 0.01572327044025157 0.03364485981308413
1 0.8742138364779874 0.15327102803738318 0.014675052410901501 0.03738317757009346
1 0.8988469601677149 0.17943925233644858 0.011530398322851076 0.0336448598130841
1 0.9082809224318658 0.1691588785046729 0.011530398322851076 0.03177570093457943
1 0.9145702306079665 0.16822429906542058 0.011530398322851187 0.029906542056074764
1 0.8862683438155137 0.22429906542056074 0.01572327044025157 0.04485981308411213
1 0.9439203354297694 0.18317757009345792 0.011530398322851187 0.029906542056074764
1 0.9428721174004193 0.21682242990654205 0.013626834381551323 0.03738317757009346
1 0.929769392033543 0.22710280373831776 0.016771488469601636 0.04299065420560749
1 0.9261006289308176 0.24205607476635516 0.01572327044025157 0.042990654205607465
1 0.9234800838574424 0.28971962616822433 0.02096436058700213 0.04859813084112147
1 0.9156184486373166 0.3355140186915888 0.017819706498951815 0.05794392523364483
