1 0.088 0.5988023952095809 0.152 0.20958083832335334
1 0.068 0.29790419161676646 0.052 0.09281437125748504
1 0.08 0.2739520958083832 0.047999999999999994 0.08083832335329338
1 0.075 0.17964071856287425 0.03 0.047904191616766456
1 0.15999999999999998 0.20508982035928144 0.036000000000000004 0.056886227544910184
1 0.23399999999999999 0.2559880239520958 0.032 0.04491017964071853
1 0.267 0.21706586826347307 0.02999999999999997 0.038922155688622756
1 0.304 0.23502994011976047 0.03200000000000003 0.050898203592814384
1 0.362 0.29491017964071853 0.03999999999999998 0.056886227544910184
1 0.32399999999999995 0.3263473053892216 0.05199999999999999 0.07185628742514971
1 0.35 0.38622754491017963 0.05199999999999999 0.08982035928143711
1 0.42300000000000004 0.38323353293413176 0.062 0.09580838323353297
1 0.459 0.6751497005988024 0.17800000000000005 0.3083832335329342
1 0.56 0.4221556886227545 0.07199999999999995 0.10778443113772451
1 0.5780000000000001 0.3188622754491018 0.04799999999999993 0.07485029940119758
1 0.6639999999999999 0.34281437125748504 0.05999999999999994 0.09281437125748504
1 0.727 0.41467065868263475 0.07000000000000006 0.12275449101796404
1 0.732 0.33083832335329344 0.05600000000000005 0.08083832335329338
1 0.827 0.20359281437125748 0.041999999999999926 0.07185628742514971
1 0.966 0.4041916167664671 0.05999999999999994 0.10778443113772457
