1 0.030625 0.6648106904231625 0.05875 0.09131403118040093
1 0.018125000000000002 0.734966592427617 0.03375 0.10690423162583518
1 0.033125 0.5991091314031181 0.04625 0.07572383073496658
1 0.049375 0.5712694877505569 0.03375 0.06458797327394217
1 0.12125 0.5991091314031181 0.044999999999999984 0.08017817371937641
1 0.180625 0.5534521158129176 0.09875 0.15367483296213807
1 0.311875 0.5846325167037862 0.04625000000000001 0.08685968819599099
1 0.375 0.5991091314031181 0.04500000000000004 0.08463251670378624
1 0.42125 0.5077951002227172 0.08000000000000002 0.155902004454343
1 0.37625 0.7427616926503341 0.08749999999999997 0.16258351893095768
1 0.3025 0.6904231625835189 0.057499999999999996 0.1113585746102449
1 0.26625 0.9287305122494431 0.125 0.1425389755011136
1 0.805625 0.579064587973274 0.03874999999999995 0.062360801781737196
1 0.86375 0.611358574610245 0.04749999999999999 0.07795100222717144
1 0.889375 0.6692650334075724 0.06125000000000003 0.1046770601336302
1 0.916875 0.5779510022271714 0.04875000000000007 0.09576837416481065
