1 0.06843575418994413 0.4898989898989899 0.04562383612662942 0.09090909090909094
1 0.25791433891992555 0.2702020202020202 0.02234636871508383 0.03535353535353536
1 0.28212290502793297 0.26262626262626265 0.01862197392923648 0.03367003367003368
1 0.31890130353817503 0.24074074074074073 0.017690875232774683 0.04040404040404039
1 0.3254189944134078 0.21296296296296297 0.01582867783985098 0.03872053872053871
1 0.34124767225325886 0.21885521885521886 0.013966480446927387 0.04040404040404039
1 0.33798882681564246 0.2550505050505051 0.01862197392923648 0.03872053872053874
1 0.3505586592178771 0.2617845117845118 0.02141527001862198 0.03872053872053871
1 0.39245810055865926 0.28367003367003363 0.01955307262569833 0.04545454545454547
1 0.3808193668528864 0.2702020202020202 0.01862197392923648 0.04882154882154882
1 0.3570763500931099 0.2222222222222222 0.01955307262569833 0.040404040404040414
1 0.37756052141527 0.18602693602693604 0.013966480446927387 0.03535353535353533
1 0.3929236499068901 0.21464646464646464 0.01675977653631283 0.03535353535353536
1 0.4003724394785847 0.17929292929292928 0.014897579143389239 0.028619528619528628
1 0.4162011173184358 0.18518518518518517 0.014897579143389239 0.040404040404040414
1 0.43761638733705777 0.19191919191919193 0.01675977653631283 0.03703703703703706
1 0.4455307262569832 0.218013468013468 0.01955307262569833 0.04545454545454544
1 0.4748603351955307 0.2281144781144781 0.022346368715083775 0.04208754208754209
1 0.4743947858472998 0.19276094276094277 0.017690875232774683 0.03535353535353536
1 0.46042830540037244 0.14057239057239057 0.01582867783985098 0.031986531986531994
1 0.47439478584729977 0.1557239057239057 0.015828677839851035 0.03198653198653198
1 0.49115456238361266 0.16245791245791247 0.01582867783985098 0.028619528619528628
1 0.48277467411545627 0.12878787878787878 0.01210428305400374 0.02525252525252525
1 0.5079143389199255 0.18686868686868688 0.01769087523277474 0.037037037037037035
1 0.5186219739292366 0.16919191919191917 0.016759776536312887 0.028619528619528628
1 0.5363128491620113 0.1893939393939394 0.01862197392923648 0.04208754208754209
1 0.5563314711359404 0.24074074074074076 0.023277467411545683 0.050505050505050525
1 0.5642458100558659 0.16498316498316498 0.016759776536312776 0.03367003367003368
1 0.5516759776536313 0.1590909090909091 0.01582867783985109 0.03198653198653201
1 0.5609869646182495 0.12205387205387205 0.013966480446927387 0.031986531986531994
1 0.5879888268156425 0.14141414141414144 0.013966480446927276 0.030303030303030304
1 0.585195530726257 0.117003367003367 0.012104283054003684 0.02525252525252525
1 0.6089385474860335 0.14814814814814814 0.014897579143389184 0.030303030303030304
1 0.6140595903165735 0.11784511784511785 0.01582867783985098 0.026936026936026952
1 0.6345437616387337 0.14646464646464646 0.019553072625698276 0.030303030303030304
1 0.6391992551210428 0.11784511784511785 0.012104283054003684 0.026936026936026952
1 0.6815642458100559 0.12373737373737374 0.014897579143389295 0.028619528619528628
1 0.6871508379888268 0.14814814814814814 0.020484171322160183 0.037037037037037035
1 0.6461824953445066 0.18771043771043772 0.020484171322160072 0.03872053872053871
1 0.6578212290502794 0.2079124579124579 0.02141527001862198 0.04545454545454547
1 0.5013966480446927 0.2828282828282828 0.027001862197392923 0.0505050505050505
1 0.5819366852886405 0.29292929292929293 0.02607076350093107 0.0505050505050505
1 0.6131284916201116 0.31481481481481477 0.02886405959031657 0.057239057239057256
1 0.6238361266294228 0.25 0.02420856610800748 0.04882154882154885
1 0.62756052141527 0.20286195286195285 0.020484171322160072 0.03535353535353536
1 0.6717877094972067 0.2474747474747475 0.02327746741154557 0.053872053872053904
1 0.7067039106145252 0.218013468013468 0.022346368715083886 0.04208754208754209
1 0.6936685288640596 0.19023569023569026 0.016759776536312776 0.040404040404040414
1 0.7225325884543762 0.1691919191919192 0.014897579143389184 0.03872053872053871
1 0.7141527001862198 0.13552188552188552 0.01303538175046548 0.031986531986531994
1 0.7304469273743017 0.13804713804713803 0.01582867783985098 0.030303030303030304
1 0.7527932960893855 0.16498316498316498 0.01582867783985098 0.03367003367003368
1 0.7667597765363128 0.1893939393939394 0.019553072625698387 0.04545454545454547
1 0.7299813780260708 0.20117845117845118 0.020484171322160183 0.04545454545454547
1 0.7737430167597765 0.23653198653198654 0.022346368715083775 0.0521885521885522
1 0.7495344506517692 0.29461279461279466 0.02607076350093107 0.06060606060606061
1 0.7239292364990688 0.27946127946127947 0.02141527001862198 0.0505050505050505
1 0.8393854748603352 0.2954545454545454 0.023277467411545683 0.05218855218855217
1 0.8538175046554934 0.2441077441077441 0.022346368715083775 0.0505050505050505
1 0.8156424581005586 0.20454545454545453 0.01862197392923648 0.04208754208754209
1 0.7942271880819367 0.16329966329966328 0.016759776536312887 0.040404040404040414
1 0.776536312849162 0.14814814814814814 0.016759776536312776 0.030303030303030304
1 0.7639664804469273 0.12457912457912458 0.013966480446927387 0.030303030303030304
1 0.7537243947858473 0.13383838383838384 0.01582867783985109 0.028619528619528614
1 0.8054003724394786 0.12457912457912457 0.014897579143389184 0.02356902356902356
1 0.8226256983240223 0.148989898989899 0.013966480446927387 0.028619528619528628
1 0.8351955307262571 0.17592592592592593 0.01862197392923648 0.04208754208754209
1 0.8491620111731844 0.1515151515151515 0.013035381750465591 0.030303030303030304
1 0.8826815642458101 0.20370370370370372 0.016759776536312887 0.040404040404040414
1 0.9017690875232774 0.21296296296296297 0.01582867783985109 0.04545454545454547
1 0.9236499068901303 0.2643097643097643 0.02420856610800748 0.06060606060606061
1 0.8868715083798883 0.1691919191919192 0.017690875232774683 0.03872053872053871
