1 0.036000000000000004 0.6223021582733813 0.064 0.13669064748201443
1 0.031 0.48381294964028776 0.041999999999999996 0.08273381294964022
1 0.128 0.4802158273381295 0.039999999999999994 0.07553956834532372
1 0.156 0.4460431654676259 0.03199999999999997 0.07913669064748197
1 0.218 0.5287769784172662 0.05199999999999999 0.08633093525179858
1 0.173 0.7086330935251799 0.094 0.15827338129496404
1 0.243 0.46223021582733814 0.04200000000000001 0.08273381294964027
1 0.251 0.40827338129496404 0.034 0.06834532374100721
1 0.313 0.44244604316546765 0.03400000000000003 0.057553956834532405
1 0.33099999999999996 0.4172661870503597 0.025999999999999968 0.05755395683453235
1 0.30400000000000005 0.5665467625899281 0.05199999999999999 0.11151079136690645
1 0.32899999999999996 0.5179856115107914 0.045999999999999985 0.08633093525179852
1 0.436 0.5485611510791366 0.05600000000000005 0.08992805755395683
1 0.396 0.46942446043165464 0.035999999999999976 0.06834532374100716
1 0.398 0.4172661870503597 0.03199999999999997 0.05035971223021585
1 0.436 0.41007194244604317 0.02400000000000002 0.05035971223021585
1 0.453 0.4388489208633094 0.030000000000000027 0.0647482014388489
1 0.499 0.46402877697841727 0.038000000000000034 0.07194244604316546
1 0.477 0.4064748201438849 0.021999999999999964 0.05035971223021579
1 0.489 0.3974820143884892 0.030000000000000027 0.053956834532374154
1 0.546 0.4136690647482014 0.02400000000000002 0.057553956834532405
1 0.5640000000000001 0.42266187050359716 0.02399999999999991 0.04676258992805754
1 0.5700000000000001 0.460431654676259 0.03599999999999992 0.0647482014388489
1 0.593 0.5539568345323741 0.050000000000000044 0.1007194244604317
1 0.484 0.6492805755395683 0.07200000000000001 0.13309352517985606
1 0.611 0.4910071942446043 0.03400000000000003 0.0611510791366906
1 0.615 0.4262589928057554 0.030000000000000027 0.061151079136690656
1 0.663 0.44244604316546765 0.026000000000000023 0.057553956834532405
1 0.6799999999999999 0.4658273381294964 0.027999999999999914 0.06834532374100721
1 0.694 0.4388489208633094 0.027999999999999914 0.0647482014388489
1 0.729 0.539568345323741 0.04200000000000004 0.09352517985611514
1 0.767 0.4946043165467626 0.04200000000000004 0.08273381294964027
1 0.749 0.447841726618705 0.038000000000000034 0.07553956834532372
1 0.796 0.44244604316546765 0.03200000000000003 0.057553956834532405
1 0.853 0.4658273381294964 0.030000000000000027 0.06834532374100721
1 0.892 0.46223021582733814 0.028000000000000025 0.06834532374100721
1 0.9159999999999999 0.22122302158273383 0.051999999999999935 0.11151079136690648
