1 0.045 0.29066666666666663 0.034 0.04799999999999999
1 0.044000000000000004 0.3453333333333333 0.068 0.08266666666666667
1 0.094 0.436 0.08800000000000001 0.1253333333333333
1 0.126 0.3413333333333333 0.055999999999999994 0.10666666666666669
1 0.242 0.54 0.17200000000000001 0.23200000000000004
1 0.398 0.376 0.08000000000000002 0.128
1 0.449 0.36933333333333335 0.09399999999999997 0.12
1 0.435 0.4706666666666667 0.09399999999999997 0.09866666666666668
1 0.6950000000000001 0.464 0.15800000000000003 0.14400000000000002
1 0.661 0.40800000000000003 0.08599999999999997 0.10666666666666663
