1 0.32765957446808514 0.10610687022900764 0.09148936170212768 0.18778625954198475
1 0.45585106382978724 0.3480916030534351 0.026595744680851074 0.05496183206106875
1 0.49893617021276593 0.3854961832061069 0.027659574468085146 0.04732824427480914
1 0.5297872340425531 0.4206106870229008 0.021276595744680882 0.02900763358778624
1 0.5712765957446808 0.3946564885496183 0.02765957446808509 0.05343511450381677
1 0.6973404255319149 0.4770992366412214 0.02021276595744681 0.04122137404580151
1 0.7111702127659575 0.483206106870229 0.015957446808510634 0.032061068702290085
1 0.7489361702127659 0.4854961832061069 0.019148936170212738 0.027480916030534375
1 0.7867021276595745 0.47633587786259546 0.01382978723404249 0.02748091603053432
1 0.8047872340425533 0.467175572519084 0.03510638297872337 0.051908396946564905
1 0.8430851063829787 0.47404580152671755 0.04148936170212769 0.056488549618320616
1 0.8851063829787233 0.449618320610687 0.057446808510638214 0.0778625954198473
1 0.9680851063829787 0.4419847328244275 0.06382978723404253 0.11450381679389315
