1 0.089 0.3733333333333333 0.034 0.042666666666666686
1 0.158 0.376 0.04799999999999999 0.053333333333333344
1 0.057999999999999996 0.6333333333333333 0.076 0.08266666666666667
1 0.278 0.5800000000000001 0.08000000000000002 0.08799999999999997
1 0.53 0.5213333333333334 0.06799999999999995 0.07733333333333337
1 0.616 0.484 0.06400000000000006 0.07200000000000001
1 0.722 0.532 0.07199999999999995 0.07733333333333331
1 0.739 0.4093333333333333 0.05400000000000005 0.07733333333333337
1 0.863 0.5 0.07000000000000006 0.08800000000000002
1 0.44999999999999996 0.45599999999999996 0.055999999999999994 0.0693333333333333
1 0.344 0.5 0.055999999999999994 0.061333333333333295
1 0.301 0.352 0.038000000000000034 0.0586666666666667
1 0.35 0.352 0.035999999999999976 0.0586666666666667
1 0.399 0.344 0.04199999999999998 0.04799999999999999
1 0.445 0.368 0.03400000000000003 0.04800000000000004
1 0.40700000000000003 0.4093333333333333 0.045999999999999985 0.055999999999999994
