1 0.12179487179487178 0.5355029585798816 0.04529914529914529 0.08579881656804733
1 0.21923076923076923 0.33949704142011833 0.016239316239316237 0.03402366863905326
1 0.24914529914529915 0.360207100591716 0.021367521367521375 0.045857988165680486
1 0.2747863247863248 0.3794378698224852 0.02307692307692305 0.048816568047337305
1 0.2747863247863248 0.31656804733727806 0.01794871794871794 0.03254437869822485
1 0.3316239316239316 0.35650887573964496 0.023931623931623958 0.044378698224852076
1 0.35 0.334319526627219 0.016239316239316237 0.03550295857988167
1 0.34786324786324785 0.2980769230769231 0.01709401709401709 0.03402366863905326
1 0.40555555555555556 0.3343195266272189 0.021367521367521403 0.044378698224852076
1 0.3867521367521367 0.2603550295857988 0.01794871794871794 0.035502958579881644
1 0.40854700854700854 0.27071005917159763 0.015384615384615385 0.029585798816568087
1 0.4256410256410257 0.25961538461538464 0.013675213675213682 0.02514792899408283
1 0.44188034188034186 0.26701183431952663 0.015384615384615385 0.03698224852071008
1 0.44529914529914527 0.34097633136094674 0.0222222222222222 0.05177514792899407
1 0.40341880341880343 0.30177514792899407 0.020512820512820495 0.029585798816568032
1 0.4670940170940171 0.3173076923076923 0.0196581196581197 0.036982248520710026
1 0.4653846153846154 0.26701183431952663 0.016239316239316237 0.028106508875739622
1 0.4683760683760684 0.23890532544378695 0.017094017094017144 0.034023668639053234
1 0.5089743589743589 0.2625739644970414 0.01452991452991459 0.025147928994082858
1 0.502991452991453 0.3343195266272189 0.02307692307692305 0.044378698224852076
1 0.5269230769230769 0.27588757396449703 0.01623931623931618 0.03698224852071008
1 0.5491452991452992 0.2551775147928994 0.01452991452991459 0.03698224852071008
1 0.5341880341880342 0.253698224852071 0.01538461538461533 0.036982248520710054
1 0.5555555555555556 0.28032544378698226 0.02051282051282055 0.03698224852071008
1 0.5217948717948717 0.2477810650887574 0.01452991452991459 0.03106508875739647
1 0.5615384615384615 0.22041420118343197 0.013675213675213627 0.02958579881656806
1 0.5739316239316239 0.21819526627218935 0.016239316239316293 0.031065088757396442
1 0.6076923076923078 0.20857988165680474 0.013675213675213738 0.02958579881656806
1 0.6106837606837607 0.22337278106508876 0.011111111111111183 0.029585798816568032
1 0.6324786324786325 0.21745562130177515 0.013675213675213627 0.026627218934911268
1 0.6452991452991452 0.22337278106508876 0.013675213675213738 0.029585798816568032
1 0.6401709401709401 0.25 0.015384615384615441 0.026627218934911268
1 0.6068376068376069 0.2514792899408284 0.015384615384615441 0.026627218934911268
1 0.5829059829059828 0.2603550295857988 0.015384615384615441 0.03254437869822488
1 0.5756410256410256 0.24334319526627218 0.012820512820512886 0.031065088757396442
1 0.6085470085470086 0.3276627218934911 0.022222222222222254 0.05473372781065089
1 0.6816239316239316 0.20857988165680474 0.014529914529914478 0.02958579881656806
1 0.6935897435897436 0.21967455621301774 0.014529914529914478 0.034023668639053234
1 0.6841880341880342 0.23446745562130178 0.014529914529914478 0.031065088757396442
1 0.6786324786324787 0.2744082840236686 0.017094017094017144 0.03698224852071008
1 0.6401709401709401 0.30103550295857984 0.02051282051282055 0.039940828402366846
1 0.6867521367521368 0.3128698224852071 0.01965811965811959 0.045857988165680486
1 0.7123931623931623 0.3025147928994083 0.0196581196581197 0.042899408284023666
1 0.7162393162393162 0.24926035502958582 0.01538461538461533 0.03402366863905329
1 0.7482905982905983 0.2522189349112426 0.014529914529914478 0.039940828402366874
1 0.7547008547008547 0.2374260355029586 0.017094017094017033 0.03402366863905329
1 0.7940170940170941 0.23446745562130178 0.015384615384615441 0.031065088757396442
1 0.7876068376068376 0.2603550295857988 0.014529914529914478 0.02662721893491124
1 0.7965811965811966 0.26331360946745563 0.015384615384615441 0.041420118343195284
1 0.7854700854700855 0.28624260355029585 0.018803418803418737 0.03698224852071008
1 0.826068376068376 0.2980769230769231 0.017948717948717996 0.0399408284023669
1 0.8235042735042735 0.2470414201183432 0.016239316239316293 0.03254437869822485
1 0.8346153846153845 0.2751479289940828 0.016239316239316293 0.03846153846153849
1 0.8602564102564103 0.2581360946745562 0.011111111111111183 0.03106508875739647
1 0.8700854700854701 0.264792899408284 0.011965811965811923 0.03254437869822485
1 0.8756410256410256 0.27588757396449703 0.01623931623931618 0.03698224852071008
1 0.8961538461538461 0.2566568047337278 0.012820512820512886 0.0399408284023669
1 0.9141025641025641 0.3002958579881657 0.012820512820512775 0.029585798816568032
1 0.9576923076923076 0.28402366863905326 0.016239316239316293 0.029585798816568087
1 0.9512820512820512 0.3084319526627219 0.011965811965812034 0.031065088757396442
1 0.9478632478632478 0.34393491124260356 0.02051282051282055 0.0399408284023669
1 0.9055555555555556 0.32322485207100593 0.01623931623931618 0.03402366863905326
1 0.8585470085470086 0.32914201183431957 0.01452991452991459 0.039940828402366846
1 0.8858974358974359 0.33875739644970415 0.017948717948717996 0.044378698224852076
1 0.9504273504273504 0.40828402366863903 0.02051282051282055 0.04733727810650884
1 0.9252136752136753 0.4541420118343195 0.02478632478632481 0.059171597633136064
1 0.8670940170940171 0.4119822485207101 0.021367521367521403 0.05473372781065089
1 0.8256410256410256 0.3624260355029586 0.02051282051282055 0.05325443786982248
1 0.8329059829059828 0.33357988165680474 0.016239316239316293 0.042899408284023666
1 0.8538461538461539 0.4755917159763314 0.023931623931623958 0.06065088757396453
1 0.779059829059829 0.4371301775147929 0.02991452991452992 0.0636094674556213
1 0.7307692307692308 0.4031065088757396 0.02564102564102566 0.051775147928994125
1 0.7017094017094017 0.3646449704142012 0.022222222222222254 0.05177514792899407
1 0.6551282051282051 0.34615384615384615 0.02136752136752129 0.047337278106508895
1 0.6658119658119659 0.36390532544378695 0.02564102564102566 0.05029585798816566
1 0.6175213675213675 0.3764792899408284 0.028205128205128216 0.05473372781065089
1 0.5414529914529915 0.36020710059171596 0.023076923076923106 0.05473372781065089
1 0.4794871794871795 0.4105029585798816 0.02564102564102566 0.0636094674556213
1 0.5213675213675213 0.44822485207100593 0.03418803418803418 0.062130177514792884
1 0.5918803418803418 0.4578402366863905 0.02991452991452992 0.06656804733727811
1 0.641025641025641 0.4726331360946746 0.037606837606837584 0.06656804733727811
1 0.7106837606837606 0.5502958579881656 0.03675213675213673 0.08579881656804733
1 0.8205128205128205 0.5946745562130178 0.03589743589743588 0.07692307692307698
