1 0.07083333333333333 0.8644444444444443 0.125 0.2222222222222222
1 0.10750000000000001 0.6100000000000001 0.05500000000000001 0.09999999999999998
1 0.16916666666666666 0.5644444444444444 0.04833333333333334 0.06666666666666665
1 0.22583333333333333 0.5977777777777777 0.06500000000000003 0.0888888888888889
1 0.2975 0.62 0.05499999999999999 0.0888888888888888
1 0.30416666666666664 0.5488888888888889 0.03833333333333333 0.057777777777777706
1 0.3358333333333333 0.5311111111111111 0.031666666666666676 0.04888888888888887
1 0.3516666666666667 0.4855555555555556 0.026666666666666672 0.0377777777777778
1 0.3666666666666667 0.5511111111111111 0.02999999999999997 0.040000000000000036
1 0.38416666666666666 0.5522222222222222 0.03500000000000003 0.05999999999999994
1 0.41000000000000003 0.5822222222222222 0.04999999999999999 0.0755555555555556
1 0.40249999999999997 0.6977777777777778 0.09833333333333333 0.1644444444444445
1 0.47250000000000003 0.6377777777777778 0.05833333333333335 0.09777777777777774
1 0.4741666666666666 0.5622222222222222 0.044999999999999984 0.05777777777777782
1 0.5175000000000001 0.5988888888888889 0.05500000000000005 0.0822222222222222
1 0.5541666666666667 0.5588888888888889 0.03166666666666662 0.06000000000000005
1 0.6266666666666667 0.6044444444444445 0.06666666666666665 0.10666666666666669
1 0.5783333333333334 0.7033333333333334 0.09999999999999998 0.1444444444444445
1 0.4391666666666667 0.5666666666666667 0.031666666666666676 0.04444444444444451
1 0.9191666666666667 0.5533333333333333 0.03833333333333333 0.057777777777777706
1 0.9491666666666667 0.5744444444444445 0.04833333333333334 0.06444444444444442
1 0.9841666666666666 0.5477777777777777 0.03166666666666662 0.05999999999999994
