1 0.9840163934426229 0.2607944732297064 0.010655737704918011 0.03799654576856648
1 0.9520491803278688 0.2504317789291883 0.010655737704918011 0.03799654576856651
1 0.9299180327868852 0.27461139896373055 0.012295081967213184 0.037996545768566536
1 0.9774590163934427 0.3134715025906736 0.012295081967213073 0.03972366148531947
1 0.9737704918032787 0.3385146804835924 0.013114754098360715 0.04490500863557856
1 0.9770491803278689 0.37478411053540583 0.014754098360655665 0.0483592400690846
1 0.9524590163934427 0.38773747841105355 0.0180327868852459 0.060449050086355816
1 0.9290983606557377 0.35060449050086356 0.015573770491803307 0.051813471502590636
1 0.9561475409836065 0.4835924006908463 0.020491803278688492 0.07253886010362698
1 0.8758196721311475 0.4326424870466321 0.022131147540983553 0.07081174438687393
1 0.8618852459016393 0.4930915371329879 0.025409836065573788 0.08808290155440407
1 0.8618852459016393 0.37132987910189985 0.017213114754098258 0.055267702936096674
1 0.8709016393442623 0.31951640759930916 0.01721311475409837 0.04490500863557856
1 0.8676229508196722 0.23402417962003455 0.010655737704918011 0.03972366148531953
1 0.9057377049180328 0.23488773747841107 0.013114754098360604 0.03799654576856651
1 0.9016393442622951 0.26424870466321243 0.013114754098360715 0.04145077720207255
1 0.8848360655737705 0.24438687392055267 0.012295081967213184 0.029360967184801356
1 0.8864754098360655 0.2823834196891192 0.015573770491803307 0.05354058721934374
1 0.8081967213114754 0.19516407599309155 0.013114754098360604 0.044905008635578586
1 0.8307377049180328 0.2219343696027634 0.013934426229508245 0.04317789291882557
1 0.8184426229508197 0.22625215889464595 0.015573770491803307 0.04145077720207255
1 0.8122950819672131 0.30224525043177897 0.0180327868852459 0.05872193436960277
1 0.7918032786885246 0.2616580310880829 0.016393442622950838 0.05354058721934371
1 0.7877049180327869 0.21070811744386875 0.014754098360655776 0.04145077720207255
1 0.7680327868852459 0.1917098445595855 0.014754098360655776 0.03799654576856651
1 0.7467213114754099 0.19602763385146804 0.011475409836065542 0.03626943005181346
1 0.7475409836065574 0.30569948186528495 0.0180327868852459 0.055267702936096674
1 0.7299180327868853 0.2245250431778929 0.013934426229508245 0.03799654576856651
1 0.7364754098360655 0.24179620034542315 0.013934426229508134 0.04835924006908465
1 0.7254098360655737 0.2867012089810017 0.0180327868852459 0.05181347150259069
1 0.6926229508196722 0.21243523316062174 0.014754098360655665 0.044905008635578586
1 0.6852459016393442 0.13903281519861832 0.011475409836065542 0.03281519861830742
1 0.6840163934426229 0.16580310880829016 0.013934426229508134 0.031088082901554404
1 0.7036885245901638 0.16666666666666669 0.010655737704918011 0.029360967184801384
1 0.6262295081967213 0.13212435233160622 0.011475409836065653 0.036269430051813475
1 0.5934426229508196 0.11830742659758203 0.011475409836065542 0.03281519861830744
1 0.5704918032786885 0.1381692573402418 0.013114754098360715 0.03454231433506044
1 0.6012295081967214 0.1606217616580311 0.013934426229508134 0.03799654576856651
1 0.546311475409836 0.14335060449050085 0.012295081967213184 0.03799654576856651
1 0.5491803278688525 0.16666666666666669 0.013114754098360604 0.03626943005181346
1 0.5741803278688524 0.1770293609671848 0.013934426229508134 0.04317789291882557
1 0.5717213114754098 0.20207253886010362 0.013934426229508245 0.04145077720207252
1 0.510655737704918 0.17184801381692574 0.014754098360655776 0.046632124352331605
1 0.5172131147540984 0.16580310880829013 0.013114754098360715 0.04145077720207255
1 0.5434426229508197 0.22884283246977546 0.014754098360655776 0.046632124352331605
1 0.4840163934426229 0.15544041450777202 0.01393442622950819 0.03799654576856648
1 0.48483606557377046 0.1623488773747841 0.01393442622950819 0.04145077720207255
1 0.4844262295081967 0.21675302245250433 0.016393442622950782 0.05008635578583767
1 0.4172131147540984 0.17012089810017272 0.01311475409836066 0.03281519861830742
1 0.42500000000000004 0.19689119170984454 0.01393442622950819 0.04145077720207255
1 0.4348360655737705 0.16839378238341968 0.01393442622950819 0.0397236614853195
1 0.460655737704918 0.25129533678756477 0.0180327868852459 0.05354058721934371
1 0.38032786885245906 0.1917098445595855 0.01475409836065572 0.03799654576856651
1 0.3848360655737705 0.2504317789291883 0.01393442622950819 0.044905008635578586
1 0.42704918032786887 0.312607944732297 0.0180327868852459 0.05872193436960277
1 0.29631147540983604 0.21848013816925732 0.01721311475409837 0.0397236614853195
1 0.3077868852459016 0.23056994818652848 0.02213114754098361 0.050086355785837644
1 0.3377049180327869 0.21502590673575128 0.01475409836065572 0.04317789291882554
1 0.35 0.19948186528497408 0.01475409836065572 0.03626943005181346
1 0.35655737704918034 0.27115716753022456 0.0180327868852459 0.05872193436960277
1 0.255327868852459 0.2435233160621762 0.01557377049180328 0.03799654576856651
1 0.18237704918032788 0.2979274611398963 0.01557377049180328 0.046632124352331605
1 0.2127049180327869 0.29447322970639034 0.018852459016393458 0.050086355785837644
1 0.7860655737704918 0.4533678756476684 0.024590163934426146 0.09153713298791022
1 0.7266393442622952 0.42055267702936094 0.022131147540983664 0.07081174438687393
1 0.6528688524590165 0.42573402417962003 0.025409836065573788 0.06735751295336789
1 0.6098360655737705 0.29533678756476683 0.0180327868852459 0.05526770293609673
1 0.6598360655737705 0.24956822107081172 0.01967213114754096 0.06044905008635579
1 0.6499999999999999 0.1450777202072539 0.011475409836065542 0.04145077720207255
1 0.660655737704918 0.13989637305699482 0.013114754098360715 0.03454231433506044
1 0.6528688524590164 0.18048359240069084 0.012295081967213184 0.03972366148531953
1 0.605327868852459 0.17875647668393782 0.013934426229508245 0.03972366148531953
1 0.6057377049180328 0.19602763385146804 0.013114754098360715 0.04317789291882557
1 0.5684426229508197 0.34196891191709844 0.020491803278688492 0.06563039723661485
1 0.6045081967213115 0.3687392055267703 0.022131147540983664 0.06735751295336789
1 0.07172131147540983 0.5716753022452504 0.04672131147540983 0.12089810017271163
