1 0.03680981595092025 0.3590909090909091 0.049079754601226995 0.0727272727272727
1 0.16717791411042945 0.38636363636363635 0.05828220858895705 0.08181818181818179
1 0.21472392638036808 0.36363636363636365 0.03680981595092023 0.07272727272727275
1 0.26226993865030673 0.40909090909090906 0.05828220858895705 0.09090909090909088
1 0.35122699386503065 0.42727272727272725 0.07055214723926378 0.10000000000000003
1 0.3282208588957055 0.38636363636363635 0.042944785276073594 0.0636363636363636
1 0.2852760736196319 0.35454545454545455 0.04294478527607365 0.0636363636363636
1 0.3803680981595092 0.3568181818181818 0.0368098159509202 0.06818181818181818
1 0.40644171779141103 0.40454545454545454 0.05214723926380366 0.08181818181818179
1 0.4601226993865031 0.38409090909090904 0.042944785276073594 0.06818181818181818
1 0.5322085889570551 0.4181818181818182 0.06441717791411039 0.10000000000000003
1 0.48926380368098155 0.35 0.02760736196319019 0.05454545454545451
1 0.5828220858895705 0.38863636363636367 0.036809815950920255 0.06818181818181818
1 0.6196319018404908 0.3795454545454545 0.030674846625766916 0.04999999999999999
1 0.6779141104294479 0.41363636363636364 0.05521472392638038 0.09090909090909094
1 0.661042944785276 0.37272727272727274 0.033742331288343586 0.054545454545454564
1 0.7423312883435583 0.40454545454545454 0.036809815950920255 0.0636363636363636
1 0.8006134969325154 0.40909090909090906 0.042944785276073594 0.06363636363636366
1 0.8190184049079754 0.3840909090909091 0.030674846625766805 0.05909090909090908
1 0.8711656441717791 0.4113636363636364 0.036809815950920255 0.07727272727272727
1 0.9432515337423313 0.3909090909090909 0.039877300613496924 0.06363636363636366
