1 0.09501845018450185 0.7194444444444444 0.06211562115621158 0.0888888888888888
1 0.24538745387453875 0.6935185185185184 0.051660516605166046 0.06851851851851853
1 0.47908979089790893 0.6569444444444444 0.046740467404674024 0.06944444444444442
1 0.5132226322263223 0.6486111111111111 0.039975399753997554 0.06944444444444442
1 0.6838868388683887 0.6314814814814815 0.03444034440344412 0.042592592592592626
1 0.7438499384993851 0.6226851851851851 0.030135301353013566 0.054629629629629695
1 0.8299507995079951 0.625 0.025215252152521517 0.042592592592592515
1 0.8785362853628537 0.6138888888888889 0.025215252152521517 0.040740740740740744
1 0.9837023370233702 0.5648148148148149 0.022755227552275437 0.033333333333333326
1 0.9541820418204182 0.5611111111111111 0.02029520295202958 0.029629629629629672
1 0.9154366543665438 0.5407407407407407 0.016605166051660514 0.031481481481481444
1 0.8548585485854858 0.5333333333333334 0.02091020910209107 0.033333333333333326
1 0.8121156211562115 0.49629629629629635 0.021525215252152452 0.0407407407407408
1 0.7527675276752768 0.5763888888888888 0.02337023370233704 0.03240740740740733
1 0.7149446494464944 0.5824074074074074 0.0178351783517835 0.03518518518518521
1 0.747539975399754 0.5175925925925926 0.014145141451414545 0.025925925925925908
1 0.7450799507995081 0.4847222222222222 0.014145141451414545 0.02314814814814814
1 0.72539975399754 0.5055555555555555 0.015375153751537418 0.027777777777777846
1 0.7170971709717098 0.48333333333333334 0.012300123001229957 0.01851851851851849
1 0.6955719557195572 0.5064814814814815 0.014760147601476037 0.022222222222222254
1 0.678659286592866 0.48750000000000004 0.011685116851168575 0.01944444444444443
1 0.6506765067650676 0.48796296296296293 0.014760147601476037 0.02407407407407408
1 0.6183886838868389 0.5138888888888888 0.016605166051660514 0.033333333333333326
1 0.5658056580565806 0.4615740740740741 0.011070110701107083 0.021296296296296258
1 0.5507380073800738 0.4777777777777778 0.01537515375153753 0.020370370370370372
1 0.42558425584255843 0.4092592592592592 0.012300123001230012 0.02407407407407408
1 0.024292742927429275 0.5375000000000001 0.033825338253382534 0.056481481481481466
1 0.040282902829028286 0.5018518518518519 0.03259532595325953 0.046296296296296335
1 0.015067650676506766 0.4671296296296297 0.01783517835178352 0.03425925925925927
1 0.07933579335793359 0.4805555555555555 0.022140221402214014 0.037037037037037035
1 0.10824108241082411 0.46064814814814814 0.022140221402214014 0.030555555555555558
1 0.13038130381303814 0.48055555555555557 0.022140221402214028 0.03888888888888886
1 0.13899138991389914 0.5398148148148147 0.02706027060270602 0.05185185185185193
1 0.15990159901599016 0.5060185185185185 0.020910209102091015 0.04537037037037034
1 0.21586715867158673 0.5092592592592593 0.023370233702337012 0.0407407407407408
1 0.2420049200492005 0.5898148148148148 0.03874538745387454 0.051851851851851816
1 0.2601476014760148 0.5157407407407407 0.02706027060270605 0.03888888888888892
1 0.38745387453874536 0.5671296296296297 0.03567035670356705 0.05277777777777781
1 0.484009840098401 0.5476851851851852 0.017220172201722006 0.03981481481481475
1 0.48554735547355476 0.5217592592592593 0.022755227552275492 0.030555555555555558
1 0.4621771217712177 0.512962962962963 0.0178351783517835 0.03518518518518521
1 0.45202952029520294 0.4916666666666667 0.020910209102091015 0.0222222222222222
1 0.4308118081180812 0.47638888888888886 0.021525215252152563 0.02685185185185185
1 0.37822878228782286 0.46805555555555556 0.013530135301352997 0.021296296296296258
1 0.34409594095940954 0.475 0.020295202952029523 0.025925925925925963
1 0.31519065190651907 0.4564814814814815 0.01537515375153753 0.022222222222222254
1 0.275830258302583 0.45555555555555555 0.012915129151291505 0.022222222222222254
1 0.261070110701107 0.45416666666666666 0.009225092250922495 0.019444444444444486
1 0.48800738007380073 0.47870370370370374 0.01291512915129156 0.02407407407407408
1 0.491389913899139 0.46435185185185185 0.01599015990159902 0.021296296296296258
1 0.5070725707257072 0.47453703703703703 0.009225092250922495 0.02314814814814814
1 0.513530135301353 0.48518518518518516 0.014760147601476037 0.0222222222222222
1 0.5249077490774907 0.5231481481481481 0.01537515375153753 0.024074074074074137
1 0.5495079950799509 0.4976851851851852 0.016605166051660514 0.026851851851851793
1 0.5651906519065191 0.5425925925925925 0.02091020910209096 0.03888888888888886
1 0.6073185731857318 0.5398148148148149 0.0178351783517835 0.03518518518518521
1 0.5836408364083641 0.5847222222222223 0.029520295202952074 0.04351851851851851
1 0.6629766297662976 0.5652777777777778 0.024600246002460024 0.04537037037037028
1 0.683579335793358 0.5805555555555555 0.02029520295202958 0.0351851851851851
