1 0.05818181818181818 0.5151975683890577 0.04 0.0942249240121581
1 0.14363636363636362 0.5440729483282675 0.054545454545454536 0.06686930091185417
1 0.18363636363636363 0.5440729483282675 0.050909090909090904 0.09726443768996962
1 0.24545454545454545 0.6185410334346504 0.10909090909090907 0.24620060790273557
1 0.34090909090909094 0.5531914893617021 0.06 0.09118541033434657
1 0.3990909090909091 0.7021276595744681 0.14 0.3100303951367781
1 0.5018181818181818 0.5668693009118542 0.05454545454545451 0.0942249240121581
1 0.5754545454545454 0.5805471124620061 0.07454545454545447 0.17021276595744683
1 0.7581818181818182 0.7051671732522796 0.09454545454545449 0.14589665653495443
1 0.8627272727272728 0.3829787234042553 0.07090909090909092 0.13373860182370823
