1 0.08353221957040573 0.3261173184357542 0.015910898965791564 0.03212290502793297
1 0.13046937151949084 0.3009776536312849 0.02068416865552905 0.0488826815642458
1 0.2247414478918059 0.2723463687150838 0.0294351630867144 0.05865921787709499
1 0.1877486077963405 0.48952513966480443 0.0445505171042164 0.08519553072625696
1 0.29992044550517105 0.26536312849162014 0.02545743834526648 0.053072625698323994
1 0.3313444709626094 0.25488826815642457 0.021479713603818618 0.0488826815642458
1 0.36913285600636436 0.25768156424581007 0.02545743834526648 0.04608938547486033
1 0.4303898170246619 0.21368715083798884 0.017501988862370754 0.03631284916201119
1 0.45266507557677005 0.23044692737430167 0.01909307875894989 0.041899441340782134
1 0.43118536197295143 0.27304469273743015 0.025457438345266536 0.05446927374301677
1 0.4896579156722355 0.31075418994413406 0.029435163086714455 0.057262569832402244
1 0.5441527446300716 0.3533519553072626 0.02863961813842486 0.044692737430167606
1 0.7179793158313446 0.14175977653631286 0.019888623707239428 0.04329608938547487
1 0.7513922036595068 0.15013966480446927 0.01670644391408116 0.040502793296089384
1 0.8866348448687351 0.21578212290502793 0.021479713603818618 0.046089385474860356
