1 0.08948635634028893 0.5603015075376885 0.047351524879614776 0.1021775544388609
1 0.2034510433386838 0.27721943048576214 0.015248796147672578 0.035175879396984966
1 0.22552166934189405 0.28308207705192634 0.020866773675762423 0.040201005025125636
1 0.2764847512038523 0.23115577889447236 0.01524879614767255 0.03685092127303183
1 0.2945425361155698 0.24120603015075376 0.016051364365971155 0.04355108877721944
1 0.3097913322632424 0.20351758793969849 0.014446227929373945 0.03852596314907872
1 0.3302568218298555 0.2236180904522613 0.013643659711075451 0.041876046901172526
1 0.3463081861958266 0.22529313232830822 0.01524879614767255 0.03517587939698494
1 0.3707865168539326 0.25711892797319935 0.019261637239165352 0.04187604690117255
1 0.39646869983948635 0.228643216080402 0.014446227929374 0.041876046901172526
1 0.42897271268057785 0.31072026800670016 0.018459069020866803 0.04857621440536014
1 0.3651685393258427 0.19430485762144054 0.017656500802568198 0.0368509212730318
1 0.3888443017656501 0.18090452261306533 0.012038523274478352 0.030150753768844213
1 0.4257624398073836 0.2001675041876047 0.01685393258426965 0.0318257956448911
1 0.47191011235955055 0.24204355108877723 0.017656500802568198 0.04522613065326633
1 0.4931781701444623 0.2001675041876047 0.010433386837881253 0.0318257956448911
1 0.4394060995184591 0.16331658291457285 0.013643659711075451 0.0318257956448911
1 0.4534510433386838 0.1591289782244556 0.009630818619582648 0.026800670016750433
1 0.47592295345104335 0.1675041876046901 0.012841091492776902 0.026800670016750433
1 0.49398073836276085 0.14991624790619765 0.013643659711075506 0.03182579564489113
1 0.5180577849117175 0.16834170854271358 0.013643659711075395 0.03852596314907872
1 0.5501605136436597 0.2185929648241206 0.016853932584269593 0.03182579564489113
1 0.5296950240770466 0.15159128978224456 0.012841091492776902 0.03517587939698494
1 0.554975922953451 0.14991624790619765 0.015248796147672494 0.03182579564489113
1 0.5521669341894061 0.12562814070351758 0.01605136436597121 0.030150753768844213
1 0.5798555377207062 0.12981574539363483 0.013643659711075506 0.03182579564489112
1 0.598314606741573 0.12311557788944724 0.013643659711075506 0.02847571189279731
1 0.5758426966292134 0.19430485762144054 0.012038523274478297 0.0368509212730318
1 0.5999197431781702 0.20268006700167504 0.015248796147672494 0.03350083752093802
1 0.6095505617977528 0.17252931323283083 0.010433386837881198 0.03350083752093802
1 0.6103531300160514 0.1390284757118928 0.012038523274478297 0.026800670016750433
1 0.634430176565008 0.11976549413735343 0.012038523274478297 0.035175879396984924
1 0.6593097913322632 0.17671691792294808 0.010433386837881309 0.03182579564489113
1 0.656099518459069 0.1457286432160804 0.012038523274478297 0.023450586264656625
1 0.6645264847512038 0.1323283082077052 0.009630818619582704 0.030150753768844227
1 0.6918138041733547 0.13735343383584592 0.011235955056179803 0.03685092127303183
1 0.7150882825040128 0.1507537688442211 0.014446227929374 0.03350083752093805
1 0.6765650080256822 0.17420435510887772 0.012841091492776902 0.026800670016750405
1 0.5742375601926164 0.3266331658291457 0.018459069020866803 0.040201005025125636
1 0.6059390048154093 0.37185929648241206 0.022471910112359605 0.05360134003350081
1 0.6119582664526484 0.2897822445561139 0.0200642054574639 0.05360134003350081
1 0.6629213483146068 0.24455611390284757 0.020866773675762507 0.046901172529313195
1 0.6982343499197432 0.21273031825795646 0.017656500802568198 0.04355108877721944
1 0.7247191011235956 0.25879396984924624 0.0160513643659711 0.04522613065326633
1 0.7223113964686998 0.3919597989949749 0.024077046548956704 0.053601340033500866
1 0.6585072231139646 0.40201005025125625 0.0232744783306581 0.0636515912897822
1 0.7957463884430176 0.45309882747068675 0.031300160513643704 0.07872696817420438
1 0.8587479935794542 0.518425460636516 0.027287319422150902 0.07202680067001677
1 0.8852327447833066 0.39865996649916247 0.017656500802568198 0.056951423785594646
1 0.9542536115569824 0.45226130653266333 0.019261637239165297 0.06700167504187604
1 0.949438202247191 0.37939698492462315 0.014446227929374 0.0552763819095477
1 0.9731139646869984 0.3592964824120603 0.013643659711075395 0.051926298157453976
1 0.9735152487961476 0.3157453936348409 0.012841091492776902 0.03182579564489113
1 0.9763242375601926 0.29145728643216084 0.010433386837881198 0.026800670016750405
1 0.9719101123595506 0.25963149078726966 0.012841091492776902 0.030150753768844213
1 0.9582664526484752 0.254606365159129 0.012841091492776902 0.03015075376884424
1 0.9317817014446228 0.2663316582914573 0.012841091492776902 0.0368509212730318
1 0.9261637239165329 0.3274706867671692 0.017656500802568198 0.04857621440536014
1 0.8579454253611557 0.3341708542713568 0.020866773675762396 0.051926298157453976
1 0.8908507223113964 0.2788944723618091 0.012841091492776902 0.03517587939698491
1 0.8703852327447833 0.2989949748743719 0.018459069020866803 0.041876046901172526
1 0.9040930979133226 0.2587939698492462 0.015248796147672494 0.03517587939698491
1 0.9081059390048154 0.22529313232830822 0.015248796147672605 0.03852596314907872
1 0.8784109149277688 0.22278056951423786 0.013643659711075506 0.040201005025125636
1 0.8663723916532906 0.22613065326633164 0.016853932584269704 0.03685092127303183
1 0.8326645264847512 0.20519262981574538 0.013643659711075395 0.03517587939698494
1 0.8081861958266453 0.18509212730318259 0.017656500802568198 0.03517587939698491
1 0.8174157303370786 0.22194304857621439 0.015248796147672494 0.03852596314907872
1 0.8057784911717496 0.30485762144053596 0.020866773675762396 0.056951423785594646
1 0.7953451043338684 0.24204355108877723 0.0160513643659711 0.04522613065326633
1 0.7784911717495987 0.2018425460636516 0.014446227929374 0.03517587939698491
1 0.768860353130016 0.17755443886097153 0.012841091492776902 0.0368509212730318
1 0.757223113964687 0.18844221105527637 0.012038523274478408 0.0318257956448911
1 0.7439807383627608 0.22110552763819097 0.017656500802568198 0.03685092127303183
1 0.7508025682182986 0.28559463986599665 0.016853932584269704 0.041876046901172526
