1 0.10172413793103449 0.629950495049505 0.11379310344827587 0.15594059405940586
1 0.07844827586206896 0.5495049504950495 0.08103448275862069 0.1089108910891089
1 0.2681034482758621 0.5655940594059405 0.09827586206896555 0.1410891089108911
1 0.13620689655172416 0.8502475247524752 0.24827586206896554 0.2747524752475248
1 0.4362068965517242 0.5878712871287128 0.07241379310344825 0.12623762376237624
1 0.4620689655172414 0.5507425742574257 0.06896551724137928 0.10643564356435642
1 0.43017241379310345 0.3811881188118812 0.0431034482758621 0.07425742574257427
1 0.5853448275862069 0.8205445544554455 0.18793103448275866 0.2945544554455445
1 0.7724137931034483 0.7673267326732673 0.1586206896551724 0.26732673267326734
1 0.9370689655172414 0.6782178217821782 0.11551724137931041 0.2178217821782179
1 0.7448275862068965 0.5371287128712872 0.06896551724137934 0.09900990099009899
1 0.6017241379310345 0.5829207920792079 0.06206896551724139 0.10148514851485146
1 0.5991379310344828 0.5037128712871287 0.06379310344827593 0.08663366336633666
