1 0.3076311605723371 0.22937062937062938 0.017488076311605705 0.03076923076923077
1 0.34896661367249604 0.21888111888111889 0.01430842607313193 0.03216783216783217
1 0.3918918918918919 0.2951048951048951 0.02543720190779014 0.05034965034965039
1 0.45945945945945943 0.16083916083916083 0.01430842607313193 0.03076923076923077
1 0.4848966613672496 0.21048951048951048 0.02066772655007948 0.034965034965034975
1 0.5572337042925278 0.12307692307692308 0.012718600953895098 0.022377622377622378
1 0.5679650238473768 0.18041958041958042 0.01828298887122415 0.03356643356643357
1 0.8728139904610492 0.14195804195804196 0.011128775834658211 0.026573426573426595
1 0.8990461049284579 0.14685314685314685 0.011128775834658211 0.02797202797202797
1 0.8028616852146264 0.39790209790209785 0.02861685214626386 0.07132867132867132
