0 0.4962264150943396 0.30610795454545453 0.06981132075471702 0.1377840909090909
0 0.05377358490566038 0.4363162878787879 0.0169811320754717 0.026988636363636354
0 0.2562893081761006 0.44294507575757575 0.010691823899371067 0.01846590909090906
0 0.7466981132075472 0.44176136363636365 0.008490566037735903 0.015151515151515138
0 0.8199685534591195 0.2284564393939394 0.006603773584905714 0.0089962121212121
0 0.7070754716981131 0.17945075757575757 0.004716981132075415 0.009469696969696961
0 0.7023584905660377 0.18821022727272727 0.004716981132075526 0.008049242424242431
0 0.6919811320754716 0.17755681818181818 0.005345911949685589 0.007575757575757569
0 0.6778301886792453 0.18536931818181818 0.005345911949685478 0.009943181818181823
0 0.659119496855346 0.17660984848484848 0.005660377358490565 0.011363636363636354
0 0.6496855345911949 0.1815814393939394 0.0062893081761006275 0.009943181818181823
0 0.07279874213836478 0.25355113636363635 0.005345911949685533 0.008996212121212127
