1 0.018581081081081082 0.43043478260869567 0.02364864864864865 0.04347826086956519
1 0.2495777027027027 0.3543478260869565 0.017736486486486486 0.03623188405797101
1 0.28082770270270274 0.36231884057971014 0.021114864864864857 0.04637681159420293
1 0.30278716216216217 0.38188405797101455 0.021114864864864857 0.04782608695652174
1 0.30067567567567566 0.32536231884057976 0.018581081081081086 0.03623188405797101
1 0.3602195945945946 0.38115942028985506 0.024493243243243257 0.04637681159420287
1 0.39442567567567566 0.3652173913043478 0.018581081081081086 0.03768115942028982
1 0.390625 0.3405797101449275 0.017736486486486513 0.03188405797101451
1 0.3762668918918919 0.3101449275362319 0.019425675675675658 0.03478260869565214
1 0.42229729729729726 0.36014492753623184 0.02364864864864863 0.03623188405797101
1 0.40625 0.27898550724637683 0.015202702702702742 0.033333333333333326
1 0.42271959459459457 0.29492753623188406 0.014358108108108114 0.036231884057971064
1 0.43074324324324326 0.3159420289855073 0.016891891891891886 0.03188405797101451
1 0.44679054054054057 0.27753623188405796 0.013513513513513542 0.030434782608695643
1 0.4539695945945946 0.29565217391304344 0.017736486486486458 0.03188405797101451
1 0.46621621621621623 0.327536231884058 0.02364864864864863 0.03768115942028988
1 0.47423986486486486 0.36014492753623184 0.026182432432432456 0.042028985507246375
1 0.49493243243243246 0.32028985507246377 0.021959459459459485 0.03768115942028982
1 0.4809966216216216 0.26231884057971017 0.014358108108108114 0.02608695652173912
1 0.49155405405405406 0.2528985507246377 0.013513513513513487 0.02753623188405796
1 0.5088682432432432 0.2876811594202898 0.01604729729729726 0.030434782608695643
1 0.5375844594594594 0.2963768115942029 0.01604729729729726 0.030434782608695643
1 0.5464527027027026 0.3318840579710145 0.020270270270270285 0.03768115942028982
1 0.5439189189189189 0.26594202898550723 0.015202702702702742 0.0333333333333333
1 0.5616554054054054 0.2717391304347826 0.016891891891891886 0.03913043478260869
1 0.5865709459459459 0.30434782608695654 0.019425675675675658 0.03768115942028988
1 0.589527027027027 0.2753623188405797 0.016891891891891997 0.03188405797101446
1 0.5755912162162162 0.24202898550724639 0.01604729729729737 0.02608695652173912
1 0.5945945945945945 0.23985507246376814 0.013513513513513487 0.021739130434782622
1 0.5992398648648649 0.26014492753623186 0.01604729729729726 0.030434782608695643
1 0.6245777027027027 0.2630434782608696 0.014358108108108114 0.030434782608695643
1 0.6313344594594594 0.2427536231884058 0.01266891891891897 0.024637681159420277
1 0.6389358108108107 0.22246376811594204 0.01604729729729726 0.027536231884057988
1 0.6516047297297297 0.23478260869565218 0.014358108108108114 0.03188405797101451
1 0.6651182432432432 0.24420289855072463 0.014358108108108114 0.033333333333333326
1 0.6722972972972974 0.263768115942029 0.01858108108108103 0.02608695652173909
1 0.6879222972972973 0.23478260869565218 0.014358108108108114 0.023188405797101463
1 0.6980574324324325 0.24492753623188407 0.012668918918918859 0.031884057971014484
1 0.7141047297297297 0.24710144927536232 0.014358108108108114 0.02753623188405796
1 0.7119932432432432 0.286231884057971 0.01858108108108103 0.033333333333333326
1 0.6592060810810811 0.3108695652173913 0.021114864864864802 0.042028985507246375
1 0.6186655405405406 0.34637681159420286 0.0244932432432432 0.043478260869565244
1 0.6334459459459459 0.39420289855072466 0.030405405405405483 0.05217391304347824
1 0.6393581081081081 0.44855072463768114 0.030405405405405483 0.06811594202898552
1 0.6967905405405406 0.46956521739130436 0.03378378378378377 0.060869565217391286
1 0.691722972972973 0.39855072463768115 0.028716216216216117 0.05797101449275366
1 0.6756756756756757 0.3536231884057971 0.02195945945945943 0.04057971014492756
1 0.722972972972973 0.37318840579710144 0.023648648648648574 0.050724637681159424
1 0.7094594594594594 0.33260869565217394 0.020270270270270285 0.03913043478260869
1 0.7516891891891893 0.31231884057971016 0.01858108108108103 0.042028985507246375
1 0.7339527027027027 0.26594202898550723 0.016891891891891886 0.030434782608695643
1 0.7719594594594594 0.2391304347826087 0.013513513513513487 0.02898550724637683
1 0.7690033783783783 0.26594202898550723 0.01604729729729726 0.03623188405797101
1 0.7782939189189189 0.28260869565217395 0.01604729729729726 0.03768115942028988
1 0.7934966216216217 0.2963768115942029 0.01604729729729726 0.03913043478260875
1 0.5240709459459459 0.41304347826086957 0.03125 0.05797101449275366
1 0.5641891891891893 0.38623188405797104 0.02195945945945954 0.04492753623188411
1 0.5663006756756757 0.4217391304347826 0.0278716216216216 0.04637681159420293
1 0.8129222972972974 0.24492753623188407 0.01604729729729726 0.02898550724637683
1 0.840793918918919 0.2630434782608696 0.014358108108108114 0.030434782608695643
1 0.8733108108108107 0.2702898550724637 0.015202702702702742 0.030434782608695643
1 0.8918918918918919 0.27753623188405796 0.013513513513513598 0.02753623188405796
1 0.9070945945945946 0.2753623188405797 0.011824324324324342 0.03188405797101446
1 0.8885135135135136 0.3014492753623188 0.013513513513513487 0.03188405797101451
1 0.8796452702702702 0.32318840579710145 0.017736486486486513 0.03768115942028982
1 0.8496621621621622 0.3195652173913044 0.01858108108108114 0.03623188405797101
1 0.8441722972972974 0.37681159420289856 0.024493243243243312 0.04637681159420293
1 0.9070945945945946 0.33405797101449275 0.016891891891891886 0.033333333333333326
1 0.9286317567567568 0.30797101449275366 0.01604729729729726 0.03623188405797101
1 0.9691722972972974 0.2963768115942029 0.01604729729729726 0.02173913043478265
1 0.9704391891891893 0.3159420289855073 0.015202702702702742 0.026086956521739146
1 0.9581925675675675 0.3355072463768116 0.017736486486486513 0.03333333333333338
1 0.9615709459459459 0.37318840579710144 0.017736486486486402 0.042028985507246375
1 0.9505912162162162 0.41304347826086957 0.022804054054054057 0.049275362318840554
1 0.9058277027027026 0.3826086956521739 0.022804054054054057 0.04347826086956519
1 0.8931587837837838 0.4340579710144927 0.0244932432432432 0.04492753623188406
1 0.9425675675675675 0.486231884057971 0.028716216216216228 0.062318840579710155
1 0.8758445945945946 0.4557971014492753 0.03378378378378377 0.053623188405797106
1 0.8268581081081081 0.422463768115942 0.028716216216216228 0.053623188405797106
1 0.7723817567567568 0.4210144927536232 0.032939189189189144 0.05652173913043479
1 0.8669763513513513 0.5420289855072464 0.0346283783783784 0.06666666666666676
1 0.7440878378378379 0.5260869565217392 0.03716216216216217 0.08405797101449275
