1 0.07666666666666666 0.6749116607773852 0.06444444444444444 0.10247349823321561
1 0.18555555555555556 0.5980565371024735 0.04888888888888887 0.08303886925795056
1 0.23555555555555557 0.5980565371024735 0.06888888888888892 0.1360424028268551
1 0.2533333333333333 0.4381625441696113 0.04222222222222222 0.08480565371024734
1 0.3211111111111111 0.40194346289752647 0.04222222222222222 0.07597173144876329
1 0.36944444444444446 0.6007067137809188 0.06555555555555553 0.10600706713780916
1 0.5138888888888888 0.907243816254417 0.12555555555555553 0.18551236749116606
1 0.6594444444444445 0.7526501766784452 0.10333333333333339 0.176678445229682
1 0.528888888888889 0.5962897526501767 0.05777777777777782 0.10070671378091878
1 0.5894444444444444 0.5485865724381624 0.0411111111111111 0.0795053003533569
1 0.6255555555555555 0.5600706713780919 0.03555555555555556 0.07067137809187285
1 0.7088888888888889 0.5671378091872792 0.0377777777777778 0.06360424028268552
1 0.7555555555555555 0.4196113074204947 0.026666666666666616 0.05123674911660775
1 0.8038888888888889 0.3992932862190813 0.0411111111111111 0.060070671378091856
1 0.9205555555555556 0.4090106007067138 0.03888888888888886 0.06890459363957596
1 0.9072222222222222 0.6130742049469964 0.04777777777777781 0.07773851590106007
1 0.8872222222222222 0.5627208480565371 0.0411111111111111 0.06537102473498235
1 0.8183333333333334 0.5998233215547704 0.04777777777777781 0.08657243816254423
1 0.7516666666666667 0.7120141342756183 0.06777777777777783 0.11307420494699649
