1 0.10236578707916287 0.4096774193548387 0.039126478616924476 0.07741935483870965
1 0.2948134667879891 0.23951612903225805 0.01273885350318471 0.030645161290322576
1 0.30118289353958144 0.21451612903225808 0.016378525932666088 0.02903225806451612
1 0.3393994540491356 0.21935483870967742 0.0145586897179254 0.02903225806451612
1 0.35259326660600543 0.19596774193548389 0.013648771610555055 0.030645161290322603
1 0.3548680618744313 0.17580645161290323 0.010919017288444022 0.019354838709677413
1 0.356687898089172 0.225 0.016378525932666033 0.03387096774193549
1 0.3726114649681529 0.21370967741935484 0.015468607825295744 0.03387096774193549
1 0.38034576888080074 0.23387096774193547 0.0145586897179254 0.035483870967741915
1 0.37989080982711554 0.1774193548387097 0.015468607825295744 0.02580645161290321
1 0.4030937215650592 0.21370967741935484 0.016378525932666033 0.03387096774193549
1 0.4131028207461328 0.24032258064516132 0.02001819836214741 0.038709677419354854
1 0.44722474977252047 0.24596774193548387 0.019108280254777066 0.04354838709677422
1 0.44858962693357596 0.20403225806451614 0.0145586897179254 0.03387096774193549
1 0.46678798908098273 0.20725806451612905 0.016378525932666033 0.03709677419354837
1 0.42311191992720654 0.19193548387096773 0.010919017288444022 0.022580645161290325
1 0.4194722474977252 0.17016129032258065 0.01273885350318471 0.02419354838709678
1 0.43039126478616924 0.16048387096774192 0.009099181073703333 0.017741935483870958
1 0.4454049135577798 0.16048387096774192 0.013648771610555055 0.027419354838709692
1 0.4854413102820746 0.13870967741935483 0.010009099181073733 0.019354838709677413
1 0.486351228389445 0.15 0.013648771610555055 0.025806451612903236
1 0.49909008189262966 0.18306451612903227 0.013648771610555 0.03387096774193549
1 0.502729754322111 0.1314516129032258 0.010009099181073677 0.01774193548387097
1 0.5163785259326661 0.15564516129032258 0.013648771610555 0.030645161290322576
1 0.5268425841674249 0.1806451612903226 0.016378525932666088 0.03225806451612903
1 0.521383075523203 0.13870967741935483 0.009099181073703444 0.016129032258064502
1 0.5409463148316651 0.1629032258064516 0.013648771610555 0.025806451612903236
1 0.5532302092811647 0.13629032258064516 0.01273885350318471 0.030645161290322576
1 0.5705186533212011 0.16451612903225807 0.01273885350318471 0.029032258064516148
1 0.5641492265696088 0.18709677419354837 0.016378525932666088 0.03548387096774194
1 0.5814376706096451 0.1411290322580645 0.01273885350318471 0.02419354838709678
1 0.5950864422202002 0.1282258064516129 0.009099181073703444 0.014516129032258074
1 0.6005459508644222 0.12258064516129033 0.009099181073703333 0.012903225806451604
1 0.640582347588717 0.10483870967741934 0.010919017288444133 0.016129032258064516
1 0.6401273885350318 0.12096774193548387 0.011828935395814422 0.022580645161290325
1 0.6524112829845314 0.12016129032258065 0.01273885350318471 0.02419354838709678
1 0.6264786169244768 0.13951612903225807 0.01182893539581431 0.027419354838709692
1 0.6091901728844404 0.16693548387096774 0.0154686078252958 0.030645161290322576
1 0.6000909918107371 0.15806451612903227 0.011828935395814422 0.02903225806451612
1 0.6455868971792539 0.1629032258064516 0.01364877161055511 0.029032258064516148
1 0.6555959963603275 0.15241935483870966 0.013648771610555 0.027419354838709692
1 0.6810737033666969 0.13064516129032258 0.013648771610555 0.025806451612903236
1 0.6888080072793448 0.11774193548387096 0.010919017288444022 0.022580645161290325
1 0.710646041856233 0.11935483870967742 0.010919017288444022 0.025806451612903236
1 0.5996360327570518 0.2314516129032258 0.021838034576888155 0.040322580645161255
1 0.6424021838034577 0.2524193548387097 0.023657870791628732 0.043548387096774166
1 0.6537761601455869 0.23790322580645162 0.019108280254777066 0.04354838709677422
1 0.6624203821656052 0.18467741935483872 0.0145586897179254 0.030645161290322603
1 0.6929026387625113 0.2596774193548387 0.019108280254777066 0.04193548387096774
1 0.7006369426751593 0.31612903225806455 0.030937215650591487 0.05806451612903224
1 0.7142857142857143 0.19032258064516128 0.016378525932666088 0.03225806451612903
1 0.7315741583257507 0.17258064516129032 0.016378525932666088 0.029032258064516148
1 0.7356687898089171 0.14919354838709675 0.013648771610555 0.02419354838709678
1 0.7629663330300274 0.13790322580645162 0.011828935395814422 0.03064516129032259
1 0.7825295723384895 0.1346774193548387 0.010919017288444022 0.024193548387096767
1 0.7875341219290264 0.15080645161290324 0.01182893539581431 0.027419354838709692
1 0.7957233848953594 0.17338709677419356 0.01182893539581431 0.027419354838709692
1 0.8084622383985441 0.1443548387096774 0.010009099181073733 0.027419354838709664
1 0.8212010919017289 0.14758064516129032 0.010009099181073733 0.024193548387096753
1 0.7625113739763422 0.20322580645161292 0.016378525932666088 0.038709677419354854
1 0.7415832575068244 0.24516129032258066 0.018198362147406777 0.04516129032258065
1 0.772975432211101 0.24838709677419357 0.019108280254777066 0.038709677419354854
1 0.805277525022748 0.20806451612903226 0.016378525932666088 0.03548387096774194
1 0.7966333030027297 0.2854838709677419 0.022747952684258443 0.04516129032258065
1 0.7647861692447679 0.3475806451612903 0.02638762511373971 0.05645161290322581
1 0.8312101910828026 0.2524193548387097 0.019108280254777066 0.046774193548387105
1 0.8416742493175614 0.22258064516129034 0.018198362147406666 0.041935483870967766
1 0.8334849863512284 0.17903225806451611 0.01273885350318471 0.02903225806451612
1 0.8403093721565059 0.1653225806451613 0.01364877161055511 0.027419354838709692
1 0.8562329390354868 0.15564516129032258 0.010919017288444133 0.027419354838709664
1 0.8694267515923566 0.18709677419354837 0.013648771610555 0.03548387096774194
1 0.8748862602365788 0.16693548387096774 0.011828935395814422 0.02419354838709678
1 0.9090081892629663 0.15483870967741936 0.010919017288444133 0.022580645161290325
1 0.9099181073703366 0.17096774193548386 0.009099181073703444 0.022580645161290325
1 0.9053685168334851 0.19032258064516128 0.010919017288444022 0.03225806451612903
1 0.8935395814376705 0.2153225806451613 0.010919017288444022 0.02096774193548387
1 0.8967242948134668 0.2346774193548387 0.0154686078252958 0.0370967741935484
1 0.9408553230209281 0.1935483870967742 0.010919017288444133 0.022580645161290325
1 0.9394904458598726 0.20483870967741935 0.01364877161055511 0.019354838709677413
1 0.938125568698817 0.2217741935483871 0.0145586897179254 0.027419354838709664
1 0.9399454049135578 0.25725806451612904 0.016378525932665977 0.04032258064516128
1 0.9126478616924476 0.36370967741935484 0.020018198362147355 0.0532258064516129
