1 0.1762135922330097 0.4948006932409012 0.04368932038834952 0.08838821490467941
1 0.2766990291262136 0.2651646447140381 0.01747572815533982 0.031195840554592735
1 0.39174757281553396 0.27642980935875217 0.018446601941747576 0.03986135181975736
1 0.40291262135922334 0.22790294627383018 0.015533980582524254 0.029462738301559793
1 0.4519417475728155 0.22183708838821492 0.01650485436893201 0.031195840554592708
1 0.37524271844660195 0.21317157712305027 0.01650485436893201 0.034662045060658564
1 0.36213592233009706 0.18977469670710573 0.013592233009708743 0.029462738301559793
1 0.4145631067961165 0.16031195840554593 0.013592233009708743 0.025996533795493937
1 0.5067961165048545 0.12305025996533796 0.011650485436893177 0.020797227036395166
1 0.5257281553398059 0.134315424610052 0.012621359223300987 0.022530329289428067
1 0.5470873786407767 0.12824956672443674 0.010679611650485477 0.02426343154246101
1 0.5587378640776699 0.1048526863084922 0.012621359223300876 0.02253032928942808
1 0.5815533980582523 0.11871750433275563 0.011650485436893177 0.025996533795493937
1 0.5572815533980582 0.18630849220103984 0.015533980582524198 0.029462738301559793
1 0.6111650485436894 0.15424610051993068 0.014563106796116498 0.02772963604852685
1 0.47815533980582525 0.31802426343154244 0.026213592233009675 0.04332755632582325
1 0.5354368932038835 0.3344887348353553 0.02038834951456303 0.04159445407279028
1 0.5757281553398058 0.24696707105719237 0.01941747572815533 0.03639514731369148
1 0.6063106796116504 0.26949740034662045 0.02038834951456303 0.04332755632582322
1 0.6582524271844661 0.21143847487001732 0.015533980582524198 0.031195840554592708
1 0.6563106796116505 0.16897746967071056 0.01747572815533982 0.03292894280762565
1 0.6854368932038835 0.1438474870017331 0.01747572815533982 0.04159445407279029
1 0.7359223300970874 0.12391681109185443 0.021359223300970842 0.04679376083188909
1 0.7203883495145631 0.2512998266897747 0.025242718446601975 0.04852686308492202
1 0.6830097087378642 0.31629116117850953 0.026213592233009675 0.07105719237435004
1 0.7266990291262136 0.34662045060658575 0.030097087378640697 0.06932409012131718
1 0.7786407766990291 0.2720970537261698 0.021359223300970842 0.04852686308492202
1 0.7553398058252427 0.22357019064124783 0.01553398058252431 0.04159445407279028
1 0.7796116504854369 0.18457538994800693 0.01553398058252431 0.036395147313691506
1 0.7941747572815534 0.24870017331022531 0.01747572815533971 0.036395147313691534
1 0.8072815533980582 0.34488734835355284 0.026213592233009675 0.058925476603119586
1 0.8325242718446602 0.2989601386481803 0.026213592233009675 0.050259965337954904
1 0.8713592233009708 0.3864818024263431 0.03398058252427194 0.07279029462738301
1 0.8868932038834951 0.31022530329289427 0.026213592233009786 0.06932409012131713
1 0.7995145631067961 0.1317157712305026 0.012621359223300987 0.03119584055459272
1 0.8271844660194174 0.13951473136915077 0.011650485436893177 0.029462738301559793
1 0.8504854368932039 0.1438474870017331 0.011650485436893288 0.02772963604852685
1 0.8417475728155339 0.11525129982668977 0.011650485436893177 0.025996533795493937
1 0.8616504854368932 0.12045060658578856 0.012621359223300987 0.029462738301559793
1 0.8927184466019418 0.1369150779896014 0.010679611650485477 0.031195840554592708
1 0.9266990291262136 0.15337954939341422 0.010679611650485477 0.025996533795493937
