1 0.905 0.7875 0.06999999999999995 0.09499999999999997
1 0.8775 0.7362500000000001 0.05166666666666664 0.07750000000000001
1 0.8683333333333334 0.70375 0.04999999999999993 0.07250000000000001
1 0.9775 0.7362500000000001 0.03500000000000003 0.0675
1 0.6458333333333333 0.5900000000000001 0.04500000000000004 0.06500000000000006
1 0.5708333333333333 0.6975 0.03500000000000003 0.05499999999999994
1 0.54 0.7037500000000001 0.040000000000000036 0.057499999999999996
1 0.45333333333333337 0.7237499999999999 0.04999999999999999 0.0675
1 0.4866666666666667 0.67875 0.030000000000000027 0.05249999999999999
1 0.41833333333333333 0.69625 0.043333333333333335 0.0625
1 0.35583333333333333 0.69 0.03166666666666662 0.04500000000000004
1 0.2733333333333333 0.74375 0.07333333333333333 0.10250000000000004
1 0.30500000000000005 0.70625 0.04999999999999999 0.08750000000000002
1 0.16999999999999998 0.69 0.04000000000000001 0.04999999999999993
1 0.1 0.72875 0.06666666666666667 0.08749999999999991
1 0.04083333333333333 0.6812499999999999 0.04166666666666667 0.0675
1 0.0775 0.6675 0.041666666666666664 0.07499999999999996
