1 0.17272727272727273 0.6401985111662531 0.06446280991735537 0.11414392059553358
1 0.35537190082644626 0.4032258064516129 0.09586776859504131 0.1761786600496278
1 0.456198347107438 0.6563275434243176 0.05950413223140494 0.12158808933002485
1 0.5603305785123966 0.5880893300248139 0.04297520661157017 0.09429280397022333
1 0.6471074380165289 0.47518610421836227 0.04132231404958686 0.07196029776674945
1 0.747107438016529 0.47766749379652607 0.03305785123966942 0.06203473945409432
1 0.7504132231404959 0.6488833746898264 0.05950413223140494 0.12158808933002485
1 0.8074380165289257 0.6153846153846154 0.057851239669421406 0.0992555831265508
1 0.8644628099173555 0.4863523573200993 0.03966942148760333 0.06451612903225806
1 0.9834710743801653 0.47394540942928043 0.03305785123966942 0.07444168734491319
1 0.9826446280991736 0.6935483870967742 0.034710743801652844 0.10173697270471471
