1 0.1964627151051625 0.4573378839590444 0.04110898661567877 0.06484641638225258
1 0.29588910133843216 0.22696245733788395 0.020076481835564042 0.03071672354948804
1 0.30975143403441685 0.24573378839590443 0.01912045889101338 0.04095563139931743
1 0.3274378585086042 0.2380546075085324 0.01816443594646272 0.03583617747440271
1 0.33078393881453155 0.1945392491467577 0.015296367112810683 0.03412969283276451
1 0.3417782026768642 0.197098976109215 0.01816443594646272 0.03924914675767918
1 0.3652007648183556 0.1962457337883959 0.01912045889101338 0.03412969283276451
1 0.3565965583173996 0.22610921501706482 0.021032504780114758 0.03924914675767918
1 0.375717017208413 0.2832764505119454 0.021032504780114758 0.040955631399317405
1 0.4392925430210325 0.24658703071672355 0.020076481835564042 0.035836177474402736
1 0.390057361376673 0.20819112627986347 0.01912045889101338 0.034129692832764486
1 0.4130019120458891 0.18686006825938567 0.017208413001912004 0.029010238907849817
1 0.41778202676864246 0.15784982935153585 0.015296367112810683 0.03242320819112629
1 0.43738049713193117 0.17406143344709898 0.018164435946462665 0.03412969283276451
1 0.4483747609942639 0.15358361774744028 0.015296367112810683 0.027303754266211594
1 0.4737093690248566 0.1697952218430034 0.0162523900573614 0.03242320819112626
1 0.48279158699808794 0.14590443686006827 0.013384321223709361 0.029010238907849817
1 0.4909177820267686 0.1356655290102389 0.0162523900573614 0.02559726962457337
1 0.5095602294455066 0.12286689419795221 0.01147227533460804 0.027303754266211608
1 0.5305927342256214 0.12201365187713312 0.013384321223709361 0.025597269624573385
1 0.5454110898661568 0.1296928327645051 0.014340344168260022 0.027303754266211594
1 0.5090822179732313 0.14078498293515357 0.016252390057361343 0.029010238907849845
1 0.5239005736137667 0.14505119453924914 0.015296367112810794 0.027303754266211594
1 0.5597514340344167 0.1612627986348123 0.016252390057361343 0.03242320819112629
1 0.5836520076481835 0.16894197952218432 0.016252390057361343 0.034129692832764486
1 0.5846080305927341 0.12627986348122866 0.014340344168260022 0.023890784982935162
1 0.5860420650095601 0.11774744027303755 0.01147227533460804 0.023890784982935134
1 0.6123326959847035 0.12116040955631399 0.0124282982791587 0.030716723549488054
1 0.6180688336520077 0.15699658703071673 0.014340344168260022 0.03412969283276451
1 0.6515296367112811 0.13822525597269625 0.014340344168260022 0.02730375426621162
1 0.6630019120458892 0.11774744027303755 0.0124282982791587 0.023890784982935134
1 0.6720841300191205 0.10068259385665529 0.009560229445506718 0.027303754266211594
1 0.6921606118546846 0.10494880546075086 0.01147227533460804 0.025597269624573385
1 0.7088910133843211 0.10750853242320818 0.014340344168260022 0.027303754266211608
1 0.5559273422562141 0.1953924914675768 0.020076481835563986 0.03924914675767918
1 0.5066921606118546 0.19283276450511944 0.017208413001912004 0.03071672354948804
1 0.48040152963671123 0.2286689419795222 0.020076481835564042 0.04436860068259388
1 0.4282982791586998 0.21160409556313992 0.01912045889101338 0.027303754266211594
1 0.44455066921606123 0.2150170648464164 0.01720841300191206 0.030716723549488067
1 0.5090822179732314 0.2858361774744027 0.02198852772466542 0.05290102389078499
1 0.5449330783938815 0.29180887372013653 0.026768642447418722 0.058020477815699634
1 0.5697896749521989 0.25597269624573377 0.02294455066921608 0.04436860068259382
1 0.6295411089866156 0.25170648464163825 0.018164435946462665 0.04948805460750855
1 0.6347992351816443 0.21075085324232082 0.017208413001912004 0.03583617747440271
1 0.6840344168260039 0.18686006825938567 0.020076481835564097 0.035836177474402736
1 0.7021988527724665 0.1561433447098976 0.014340344168260022 0.03242320819112629
1 0.7294455066921606 0.1493174061433447 0.015296367112810683 0.03583617747440271
1 0.7648183556405355 0.13310580204778155 0.015296367112810683 0.03071672354948804
1 0.7872848948374761 0.13651877133105803 0.016252390057361454 0.02730375426621162
1 0.7858508604206501 0.15955631399317405 0.019120458891013437 0.03242320819112629
1 0.8116634799235182 0.1552901023890785 0.019120458891013437 0.03754266211604096
1 0.7562141491395793 0.1757679180887372 0.015296367112810683 0.03754266211604096
1 0.745697896749522 0.2022184300341297 0.017208413001912004 0.03242320819112629
1 0.7069789674952198 0.1962457337883959 0.020076481835563986 0.040955631399317405
1 0.717017208413002 0.23122866894197952 0.017208413001912004 0.03924914675767918
1 0.6782982791586998 0.2704778156996587 0.02390057361376674 0.046075085324232073
1 0.7265774378585086 0.28412969283276446 0.0248565965583174 0.04948805460750855
1 0.6634799235181644 0.3643344709897611 0.03441682600382401 0.059726962457337884
1 0.595602294455067 0.34726962457337884 0.026768642447418722 0.06313993174061433
1 0.748565965583174 0.39334470989761094 0.026768642447418722 0.059726962457337884
1 0.7868068833652008 0.3165529010238908 0.021032504780114758 0.04948805460750855
1 0.7705544933078394 0.24573378839590443 0.021032504780114647 0.04436860068259385
1 0.8068833652007648 0.2508532423208191 0.017208413001912004 0.04095563139931738
1 0.8078393881453154 0.2039249146757679 0.015296367112810683 0.03924914675767918
1 0.880019120458891 0.22440273037542663 0.016252390057361343 0.035836177474402736
1 0.9273422562141491 0.23976109215017066 0.015296367112810683 0.035836177474402736
1 0.865678776290631 0.28156996587030714 0.02198852772466542 0.047781569965870296
1 0.8384321223709369 0.3191126279863481 0.021032504780114758 0.0511945392491468
1 0.8212237093690249 0.4044368600682594 0.028680688336520044 0.06143344709897608
1 0.8570745697896749 0.3976109215017065 0.029636711281070816 0.07167235494880547
1 0.9125239005736138 0.341296928327645 0.02390057361376674 0.06825938566552897
1 0.9273422562141491 0.2986348122866894 0.02294455066921608 0.04436860068259385
1 0.6252390057361377 0.1296928327645051 0.015296367112810794 0.027303754266211594
