1 0.18114511352418558 0.4870689655172413 0.04244817374136228 0.08793103448275857
1 0.3677196446199408 0.1956896551724138 0.02073050345508387 0.036206896551724155
1 0.3958538993089832 0.2681034482758621 0.01974333662388944 0.036206896551724155
1 0.4111549851924975 0.2163793103448276 0.018756169792694954 0.032758620689655155
1 0.42003948667324775 0.16120689655172415 0.016781836130305983 0.032758620689655155
1 0.46692991115498517 0.2181034482758621 0.021717670286278412 0.04310344827586207
1 0.48914116485686077 0.3224137931034483 0.032576505429417535 0.06206896551724134
1 0.552319842053307 0.3258620689655172 0.03060217176702862 0.06206896551724139
1 0.5182625863770978 0.12068965517241378 0.015794669299111552 0.02758620689655171
1 0.5444225074037512 0.11982758620689654 0.014807502467917066 0.03620689655172414
1 0.5760118460019743 0.12327586206896551 0.01875616979269501 0.03275862068965517
1 0.5676209279368213 0.1810344827586207 0.017769002961500524 0.03448275862068967
1 0.623395853899309 0.27155172413793105 0.026653504442250675 0.04999999999999999
1 0.6307996051332675 0.15 0.017769002961500524 0.031034482758620696
1 0.6061204343534057 0.10948275862068965 0.013820335636722691 0.025862068965517238
1 0.6678183613030602 0.22155172413793103 0.022704837117472843 0.043103448275862044
1 0.684106614017769 0.30431034482758623 0.033563672260611965 0.07068965517241382
1 0.7403751233958539 0.2646551724137931 0.02764067127344516 0.06034482758620688
1 0.755182625863771 0.31896551724137934 0.03751233958538991 0.0793103448275862
1 0.7931885488647581 0.2793103448275862 0.028627838104639758 0.05862068965517242
1 0.7793682132280355 0.21120689655172414 0.022704837117472843 0.04310344827586207
1 0.8440276406712734 0.3025862068965517 0.02764067127344516 0.07068965517241382
1 0.8874629812438302 0.2232758620689655 0.019743336623889385 0.0396551724137931
1 0.920533070088845 0.2836206896551724 0.022704837117472843 0.060344827586206906
1 0.9442250740375123 0.1543103448275862 0.012833168805528095 0.036206896551724155
1 0.9131293188548865 0.08706896551724139 0.01382033563672258 0.029310344827586196
1 0.9155972359328727 0.14568965517241378 0.014807502467917066 0.029310344827586182
1 0.8741362290227048 0.125 0.012833168805528095 0.03275862068965518
1 0.8509378084896347 0.125 0.011846001974333609 0.025862068965517238
1 0.7640671273445212 0.04482758620689655 0.01382033563672258 0.031034482758620693
