1 0.21750000000000003 0.12593984962406013 0.11000000000000001 0.19924812030075187
1 0.3225 0.28383458646616544 0.175 0.33458646616541354
1 0.46124999999999994 0.1992481203007519 0.10249999999999998 0.1954887218045113
1 0.75 0.28195488721804507 0.16999999999999993 0.3082706766917293
1 0.9312499999999999 0.24060150375939848 0.08750000000000002 0.16541353383458646
1 0.8587499999999999 0.12781954887218044 0.0675 0.11278195488721804
1 0.8525 0.03759398496240601 0.040000000000000036 0.06015037593984962
1 0.9137500000000001 0.08270676691729323 0.04250000000000009 0.06766917293233082
1 0.9275 0.03383458646616541 0.04499999999999993 0.06015037593984962
1 0.68875 0.05639097744360902 0.07750000000000001 0.10526315789473684
1 0.735 0.039473684210526314 0.040000000000000036 0.07142857142857142
1 0.76875 0.05263157894736842 0.03749999999999998 0.06015037593984962
1 0.7562500000000001 0.14285714285714285 0.057499999999999996 0.09774436090225563
1 0.61625 0.07706766917293233 0.05249999999999999 0.08646616541353383
1 0.5700000000000001 0.03195488721804511 0.03500000000000003 0.05639097744360902
1 0.62625 0.015037593984962405 0.03749999999999998 0.022556390977443608
1 0.5075 0.12030075187969924 0.07 0.12030075187969924
1 0.485 0.05263157894736842 0.04999999999999999 0.08270676691729323
1 0.45875 0.02819548872180451 0.03749999999999998 0.04887218045112782
1 0.52125 0.022556390977443608 0.03750000000000009 0.03759398496240601
1 0.31499999999999995 0.04887218045112782 0.06 0.09022556390977443
