1 0.06015625 0.803030303030303 0.1046875 0.1471861471861472
1 0.13671875 0.7683982683982684 0.08906249999999999 0.1428571428571428
1 0.40937500000000004 0.7619047619047619 0.09687499999999999 0.1255411255411255
1 0.17578125 0.9393939393939394 0.22031250000000002 0.12121212121212122
1 0.6664062500000001 0.816017316017316 0.09531250000000002 0.1341991341991342
1 0.78203125 0.9318181818181819 0.14531250000000007 0.13636363636363635
1 0.77734375 0.8441558441558441 0.1265624999999999 0.1645021645021646
1 0.8234375 0.45454545454545453 0.078125 0.1255411255411255
1 0.7390625 0.525974025974026 0.06874999999999998 0.09956709956709964
1 0.671875 0.46212121212121215 0.07499999999999996 0.132034632034632
1 0.58359375 0.5064935064935064 0.0703125 0.10822510822510817
1 0.49296875 0.41666666666666663 0.06718750000000007 0.11471861471861472
1 0.409375 0.48484848484848486 0.07187500000000002 0.10389610389610393
1 0.315625 0.461038961038961 0.06874999999999998 0.12121212121212127
1 0.2109375 0.5064935064935066 0.07500000000000001 0.09956709956709953
