1 0.05666666666666667 0.3933333333333333 0.05555555555555556 0.0733333333333333
1 0.20222222222222222 0.39166666666666666 0.04444444444444445 0.05666666666666664
1 0.24222222222222223 0.3716666666666667 0.026666666666666644 0.04999999999999999
1 0.30333333333333334 0.4 0.04222222222222222 0.06
1 0.3155555555555556 0.51 0.07555555555555554 0.11333333333333334
1 0.3977777777777778 0.46499999999999997 0.06666666666666665 0.09666666666666662
1 0.3788888888888889 0.395 0.0377777777777778 0.06333333333333335
1 0.35333333333333333 0.38 0.03111111111111109 0.040000000000000036
1 0.4622222222222222 0.38166666666666665 0.031111111111111145 0.043333333333333335
1 0.5233333333333333 0.42833333333333334 0.04222222222222216 0.06333333333333335
1 0.5477777777777777 0.5416666666666666 0.0955555555555555 0.1766666666666667
1 0.5933333333333333 0.495 0.053333333333333344 0.09666666666666668
1 0.66 0.45999999999999996 0.03555555555555556 0.06
1 0.5988888888888888 0.42000000000000004 0.033333333333333326 0.04666666666666669
1 0.62 0.3766666666666667 0.026666666666666616 0.03999999999999998
1 0.6722222222222223 0.4116666666666667 0.02444444444444438 0.043333333333333335
1 0.6911111111111111 0.38 0.022222222222222143 0.040000000000000036
1 0.7444444444444445 0.41666666666666663 0.04444444444444451 0.06
1 0.7733333333333333 0.495 0.057777777777777706 0.09000000000000002
1 0.798888888888889 0.5783333333333334 0.10888888888888892 0.16333333333333339
1 0.8588888888888889 0.47 0.05555555555555558 0.08000000000000002
1 0.8855555555555557 0.44833333333333336 0.0377777777777778 0.0566666666666667
1 0.8933333333333333 0.415 0.026666666666666616 0.043333333333333335
