1 0.05625 0.47940074906367036 0.1075 0.29213483146067415
1 0.1075 0.36891385767790263 0.07999999999999999 0.13857677902621723
1 0.17125 0.3707865168539326 0.05750000000000002 0.11985018726591762
1 0.28625 0.36142322097378277 0.07750000000000001 0.1235955056179775
1 0.4325 0.42883895131086147 0.10499999999999998 0.1835205992509364
1 0.5725 0.4382022471910112 0.11499999999999999 0.20224719101123595
1 0.7887500000000001 0.44382022471910115 0.0824999999999999 0.15355805243445697
1 0.7424999999999999 0.4157303370786517 0.05999999999999994 0.1348314606741573
1 0.90625 0.42322097378277157 0.08250000000000002 0.14981273408239698
1 0.89375 0.6835205992509363 0.2025 0.5056179775280898
