1 0.15939278937381404 0.35108153078202997 0.04554079696394686 0.07986688851913476
1 0.25948766603415563 0.28202995008319465 0.018026565464895616 0.041597337770382714
1 0.29791271347248577 0.27454242928452577 0.020872865275142316 0.036605657237936795
1 0.3159392789373814 0.24625623960066556 0.020872865275142316 0.03993344425956738
1 0.32827324478178366 0.21547420965058234 0.015180265654648972 0.03161397670549085
1 0.349146110056926 0.21713810316139767 0.01707779886148003 0.03494176372712149
1 0.36622390891840606 0.21880199667221298 0.013282732447817858 0.03494176372712149
1 0.37239089184060725 0.2420965058236273 0.014231499051233387 0.0449251247920133
1 0.38425047438330173 0.22712146422628954 0.015180265654648972 0.03161397670549085
1 0.38804554079696396 0.20049916805324458 0.0189753320683112 0.03494176372712146
1 0.41508538899430736 0.1697171381031614 0.014231499051233387 0.023294509151414317
1 0.4283681214421252 0.18885191347753744 0.016129032258064557 0.028286189683860208
1 0.43643263757115747 0.2221297836938436 0.015180265654648972 0.04492512479201333
1 0.4501897533206831 0.1930116472545757 0.018026565464895672 0.03993344425956738
1 0.45920303605313095 0.17554076539101499 0.015180265654648972 0.03494176372712146
1 0.4577798861480076 0.2279534109816972 0.01992409867172673 0.03993344425956738
1 0.4734345351043643 0.1630615640599002 0.015180265654648972 0.029950083194675542
1 0.4814990512333966 0.18885191347753744 0.012333965844402273 0.0382695507487521
1 0.4933586337760911 0.17221297836938437 0.015180265654648972 0.03161397670549085
1 0.5004743833017078 0.1896838602329451 0.014231499051233387 0.036605657237936795
1 0.5222960151802656 0.20965058236272877 0.01992409867172673 0.03660565723793677
1 0.4791271347248577 0.2512479201331115 0.022770398481973486 0.029950083194675514
1 0.49098671726755216 0.13227953410981697 0.012333965844402273 0.024958402662229623
1 0.5303605313092978 0.13311148086522462 0.013282732447817858 0.029950083194675542
1 0.5545540796963947 0.15890183028286192 0.014231499051233332 0.03494176372712146
1 0.5830170777988615 0.08569051580698836 0.012333965844402273 0.02495840266222961
1 0.603415559772296 0.12479201331114809 0.015180265654648917 0.026622296173044915
1 0.5796963946869069 0.12229617304492513 0.013282732447817858 0.02828618968386022
1 0.5759013282732448 0.18718801996672213 0.018975332068311257 0.03494176372712149
1 0.5834914611005693 0.16555740432612315 0.017077798861480087 0.03161397670549085
1 0.6228652751423149 0.15391014975041595 0.01992409867172673 0.03161397670549085
1 0.6366223908918407 0.10316139767054908 0.013282732447817858 0.023294509151414303
1 0.6522770398481974 0.10149750415973377 0.014231499051233443 0.026622296173044915
1 0.6774193548387097 0.07071547420965059 0.015180265654649028 0.031613976705490855
1 0.6309297912713472 0.21131447587354407 0.020872865275142316 0.03993344425956738
1 0.5744781783681214 0.24625623960066556 0.01992409867172673 0.03993344425956738
1 0.49098671726755216 0.3019966722129783 0.03320683111954459 0.04492512479201333
1 0.540796963946869 0.34941763727121466 0.028462998102466774 0.04658901830282863
1 0.6000948766603416 0.3544093178036606 0.02941176470588225 0.0632279534109817
1 0.6740986717267552 0.3668885191347754 0.02941176470588236 0.05823627287853578
1 0.6148007590132827 0.2670549084858569 0.024667931688804545 0.04825291181364394
1 0.6665085388994307 0.3019966722129783 0.02561669829222013 0.054908485856905165
1 0.6731499051233396 0.21381031613976706 0.01992409867172673 0.041597337770382714
1 0.6736242884250474 0.1821963394342762 0.018975332068311146 0.038269550748752074
1 0.6954459203036053 0.1547420965058236 0.017077798861480087 0.033277870216306155
1 0.7016129032258065 0.19051580698835274 0.01802656546489556 0.03494176372712146
1 0.6978178368121442 0.21963394342762063 0.0218216318785579 0.04326123128119802
1 0.7528462998102466 0.19717138103161397 0.018026565464895672 0.041597337770382686
1 0.7367172675521821 0.15806988352745424 0.018026565464895672 0.036605657237936795
1 0.7552182163187855 0.1630615640599002 0.013282732447817858 0.033277870216306155
1 0.7248576850094877 0.06405990016638935 0.015180265654648917 0.028286189683860236
1 0.7855787476280836 0.12895174708818635 0.013282732447817858 0.034941763727121475
1 0.804079696394687 0.14559068219633942 0.012333965844402273 0.028286189683860236
1 0.829696394686907 0.16555740432612315 0.014231499051233332 0.03161397670549085
1 0.8154648956356736 0.13810316139767054 0.012333965844402273 0.023294509151414317
1 0.8425047438330171 0.1439267886855241 0.013282732447817858 0.03494176372712146
1 0.7983870967741935 0.18552412645590682 0.01992409867172673 0.04825291181364394
1 0.8572106261859582 0.15557404326123125 0.014231499051233443 0.03161397670549085
1 0.8695445920303606 0.14891846921797003 0.014231499051233443 0.03494176372712146
1 0.8757115749525617 0.13477537437603992 0.013282732447817858 0.029950083194675542
1 0.9065464895635673 0.1405990016638935 0.010436432637571103 0.024958402662229623
1 0.9022770398481974 0.15806988352745424 0.013282732447817858 0.0266222961730449
1 0.8994307400379506 0.17304492512479203 0.015180265654648917 0.02662229617304493
1 0.892314990512334 0.18469217970049917 0.016129032258064502 0.03660565723793677
1 0.9359582542694497 0.20299500831946754 0.016129032258064502 0.03660565723793677
1 0.9425996204933587 0.16139767054908488 0.014231499051233443 0.029950083194675542
1 0.853415559772296 0.17970049916805325 0.014231499051233332 0.02662229617304493
1 0.8837760910815939 0.2454242928452579 0.019924098671726842 0.038269550748752074
1 0.9264705882352942 0.28702163061564057 0.02371916508538907 0.054908485856905165
1 0.821157495256167 0.25707154742096505 0.019924098671726842 0.058236272878535805
1 0.75426944971537 0.2670549084858569 0.024667931688804545 0.04825291181364394
1 0.7277039848197344 0.2920133111480865 0.026565464895635604 0.05823627287853578
1 0.7983870967741935 0.31780366056572384 0.02371916508538907 0.059900166389351084
1 0.5075901328273245 0.14891846921797003 0.015180265654648917 0.02163061564059901
1 0.793168880455408 0.12146422628951747 0.013282732447817858 0.029950083194675528
