1 0.30083333333333334 0.6322222222222222 0.07833333333333337 0.11333333333333329
1 0.4033333333333333 0.35777777777777775 0.08999999999999997 0.13333333333333336
1 0.4191666666666667 0.66 0.08833333333333332 0.13777777777777778
1 0.48916666666666664 0.5644444444444444 0.0683333333333333 0.11111111111111116
1 0.6241666666666666 0.5077777777777778 0.06499999999999995 0.12222222222222223
1 0.6108333333333333 0.4488888888888889 0.05166666666666675 0.06222222222222218
1 0.6583333333333333 0.508888888888889 0.040000000000000036 0.07999999999999996
1 0.6950000000000001 0.4866666666666667 0.039999999999999925 0.07111111111111112
1 0.7224999999999999 0.5266666666666666 0.04500000000000004 0.07111111111111107
1 0.7458333333333333 0.4577777777777778 0.03499999999999992 0.04888888888888887
1 0.7808333333333334 0.5055555555555555 0.03833333333333333 0.06888888888888894
1 0.8216666666666667 0.4355555555555556 0.06666666666666665 0.08888888888888885
1 0.7866666666666666 0.4577777777777778 0.036666666666666736 0.05777777777777782
