1 0.1746031746031746 0.48105436573311366 0.03361344537815128 0.06260296540362437
1 0.2530345471521942 0.26688632619439867 0.01307189542483661 0.0329489291598023
1 0.27077497665732964 0.2767710049423394 0.014939309056956118 0.02965403624382207
1 0.2955182072829131 0.26194398682042835 0.01774042950513538 0.032948929159802326
1 0.3473389355742297 0.2990115321252059 0.016806722689075626 0.03130148270181221
1 0.3506069094304388 0.26359143327841844 0.015873015873015872 0.036243822075782556
1 0.3057889822595705 0.23311367380560133 0.015873015873015872 0.028006589785831953
1 0.330999066293184 0.22240527182866557 0.014005602240896364 0.0329489291598023
1 0.3524743230625583 0.2273476112026359 0.014005602240896364 0.02306425041186161
1 0.38095238095238093 0.22405271828665568 0.01307189542483661 0.02306425041186161
1 0.3944911297852475 0.26359143327841844 0.01774042950513538 0.03953871499176276
1 0.3776844070961718 0.19439868204283361 0.010270774976657349 0.02306425041186161
1 0.38982259570494865 0.1869851729818781 0.010270774976657293 0.03130148270181218
1 0.41503267973856206 0.1828665568369028 0.012138188608776856 0.02965403624382207
1 0.4425770308123249 0.1828665568369028 0.011204481792717103 0.02306425041186161
1 0.45378151260504207 0.21828665568369027 0.016806722689075626 0.03789126853377264
1 0.4794584500466853 0.2298187808896211 0.015873015873015872 0.03459637561779241
1 0.5060690943043884 0.18945634266886327 0.014939309056956063 0.0329489291598023
1 0.47852474323062555 0.19769357495881384 0.015873015873015872 0.02965403624382207
1 0.472922502334267 0.1655683690280066 0.012138188608776856 0.02471169686985175
1 0.4472455648926237 0.1474464579901153 0.011204481792717103 0.021416803953871494
1 0.4789915966386554 0.1416803953871499 0.011204481792717103 0.02306425041186161
1 0.5116713352007469 0.1630971993410214 0.013071895424836666 0.019769357495881407
1 0.5410830999066294 0.19028006589785834 0.01400560224089642 0.03459637561779241
1 0.5513538748832867 0.16639209225700163 0.010270774976657404 0.029654036243822096
1 0.5807656395891689 0.16886326194398682 0.013071895424836666 0.02800658978583198
1 0.5630252100840336 0.12273476112026359 0.013071895424836555 0.028006589785831953
1 0.6064425770308124 0.15980230642504117 0.012138188608776912 0.026359143327841866
1 0.6283846872082166 0.13920922570016475 0.014939309056956063 0.024711696869851724
1 0.6414565826330532 0.11779242174629324 0.011204481792717158 0.028006589785831953
1 0.6783380018674137 0.12520593080724876 0.010270774976657293 0.02635914332784184
1 0.6097105508870215 0.11779242174629324 0.00933706816059765 0.018121911037891264
1 0.5718954248366013 0.1457990115321252 0.012138188608776801 0.018121911037891264
1 0.5224089635854341 0.29736408566721584 0.02147525676937445 0.0411861614497529
1 0.5620915032679739 0.2957166392092257 0.022408963585434094 0.05107084019769359
1 0.61531279178338 0.31219110378912684 0.022408963585434205 0.05766062602965405
1 0.6050420168067228 0.2602965403624382 0.020541549953314697 0.04612850082372322
1 0.5756302521008403 0.2273476112026359 0.02147525676937445 0.04612850082372322
1 0.6218487394957983 0.2158154859967051 0.01680672268907557 0.03624382207578253
1 0.665732959850607 0.21911037891268534 0.014939309056956174 0.03624382207578253
1 0.6764705882352942 0.2619439868204283 0.019607843137254943 0.04942339373970345
1 0.703548085901027 0.26935749588138386 0.019607843137254943 0.04777594728171333
1 0.6713352007469655 0.19028006589785834 0.013071895424836666 0.028006589785831953
1 0.6984126984126984 0.18945634266886327 0.01680672268907568 0.03624382207578253
1 0.6876750700280112 0.1581548599670511 0.012138188608776801 0.029654036243822096
1 0.7007469654528478 0.1457990115321252 0.012138188608776912 0.028006589785831953
1 0.7180205415499533 0.1655683690280066 0.014939309056956063 0.03130148270181221
1 0.7264239028944911 0.1375617792421746 0.011204481792717047 0.024711696869851724
1 0.7390289449112979 0.1326194398682043 0.01400560224089642 0.03130148270181218
1 0.7605042016806722 0.128500823723229 0.012138188608776912 0.02965403624382207
1 0.7586367880485527 0.16886326194398682 0.01400560224089642 0.02800658978583198
1 0.7726423902894491 0.16227347611202636 0.014005602240896309 0.03130148270181221
1 0.727357609710551 0.2026359143327842 0.014939309056956174 0.02965403624382207
1 0.7105508870214752 0.2199341021416804 0.01680672268907568 0.03789126853377264
1 0.7693744164332399 0.2273476112026359 0.01867413632119519 0.049423393739703475
1 0.7623716153127917 0.285831960461285 0.025210084033613467 0.047775947281713305
1 0.838468720821662 0.2833607907742999 0.020541549953314586 0.05601317957166391
1 0.9169000933706817 0.2504118616144975 0.01867413632119519 0.05271828665568368
1 0.8856209150326797 0.21663920922570018 0.015873015873015928 0.03459637561779241
1 0.8837535014005602 0.17545304777594728 0.010270774976657293 0.02471169686985175
1 0.888422035480859 0.16062602965403625 0.012138188608776912 0.03130148270181221
1 0.8333333333333333 0.2273476112026359 0.01400560224089642 0.03624382207578253
1 0.8417366946778712 0.1927512355848435 0.015873015873015817 0.0329489291598023
1 0.8501400560224089 0.16968698517298186 0.014005602240896309 0.032948929159802326
1 0.8272642390289449 0.15321252059308071 0.013071895424836666 0.02306425041186161
1 0.8020541549953315 0.1655683690280066 0.014939309056956174 0.03789126853377267
