1 0.03333333333333333 0.7192211055276382 0.05666666666666667 0.0967336683417086
1 0.10041666666666665 0.6620603015075377 0.05083333333333333 0.07035175879396993
1 0.14041666666666666 0.6922110552763819 0.04916666666666668 0.07286432160804024
1 0.16708333333333333 0.664572864321608 0.04749999999999999 0.07788944723618096
1 0.2758333333333333 0.778894472361809 0.07833333333333334 0.12060301507537685
1 0.31875 0.7028894472361809 0.06083333333333335 0.09673366834170849
1 0.3729166666666667 0.6670854271356783 0.04916666666666669 0.07035175879396982
1 0.38916666666666666 0.6388190954773869 0.040000000000000036 0.061557788944723635
1 0.44666666666666666 0.7669597989949749 0.07166666666666666 0.11432160804020097
1 0.47625 0.7192211055276383 0.0508333333333334 0.08165829145728642
1 0.5033333333333334 0.6727386934673367 0.043333333333333335 0.07412060301507539
1 0.5070833333333333 0.6300251256281406 0.03916666666666663 0.06658291457286436
1 0.5995833333333334 0.6394472361809045 0.04083333333333328 0.07286432160804024
1 0.6208333333333333 0.7330402010050252 0.06666666666666665 0.10929648241206025
1 0.6529166666666667 0.6727386934673367 0.04416666666666669 0.07160804020100497
1 0.6845833333333333 0.7770100502512562 0.0708333333333333 0.10929648241206025
1 0.6829166666666666 0.9327889447236181 0.12249999999999994 0.13442211055276387
1 0.7983333333333333 0.6972361809045227 0.06666666666666665 0.10552763819095479
1 0.8120833333333333 0.6457286432160805 0.044166666666666576 0.05778894472361806
1 0.69 0.4265075376884422 0.03500000000000003 0.064070351758794
1 0.87375 0.6118090452261307 0.04416666666666669 0.0653266331658291
1 0.89375 0.7298994974874371 0.07083333333333341 0.11809045226130654
1 0.94375 0.6538944723618091 0.04416666666666669 0.08668341708542715
1 0.9716666666666667 0.6966080402010051 0.05666666666666664 0.10175879396984933
