1 0.13175046554934822 0.2786885245901639 0.01582867783985102 0.03278688524590162
1 0.21508379888268156 0.45983606557377055 0.04283054003724396 0.09344262295081968
1 0.25512104283054005 0.42540983606557375 0.04096834264432028 0.09999999999999998
1 0.3449720670391061 0.25245901639344265 0.01955307262569833 0.03606557377049183
1 0.36685288640595903 0.25901639344262295 0.016759776536312887 0.03934426229508195
1 0.4241154562383612 0.28524590163934427 0.01955307262569833 0.0360655737704918
1 0.43947858472998136 0.23360655737704916 0.018621973929236535 0.03442622950819671
1 0.4171322160148976 0.2278688524590164 0.020484171322160183 0.029508196721311497
1 0.44692737430167595 0.19016393442622953 0.014897579143389239 0.03278688524590165
1 0.4716014897579143 0.19836065573770492 0.017690875232774683 0.0360655737704918
1 0.45623836126629425 0.15327868852459015 0.011173184357541888 0.02131147540983605
1 0.46834264432029793 0.1483606557377049 0.013035381750465536 0.02459016393442623
1 0.4757914338919925 0.1639344262295082 0.011173184357541943 0.022950819672131167
1 0.48091247672253257 0.12622950819672132 0.010242085661080036 0.022950819672131154
1 0.5125698324022346 0.1581967213114754 0.01582867783985109 0.03114754098360656
1 0.5260707635009311 0.14016393442622951 0.014897579143389184 0.03114754098360656
1 0.5549348230912476 0.14918032786885246 0.013035381750465591 0.02622950819672132
1 0.5721601489757915 0.1540983606557377 0.013966480446927387 0.02622950819672132
1 0.5349162011173184 0.1959016393442623 0.017690875232774683 0.03442622950819671
1 0.5526070763500931 0.060655737704918035 0.012104283054003684 0.022950819672131154
1 0.6108007448789572 0.05327868852459017 0.011173184357541888 0.018032786885245906
1 0.5041899441340782 0.2901639344262295 0.027001862197392923 0.05573770491803276
1 0.6485102420856611 0.25163934426229506 0.023277467411545683 0.047540983606557397
1 0.7122905027932961 0.289344262295082 0.027932960893854775 0.050819672131147575
1 0.7569832402234637 0.2967213114754098 0.027932960893854664 0.05245901639344258
1 0.8701117318435754 0.23114754098360657 0.017690875232774683 0.03934426229508195
1 0.7956238361266295 0.1918032786885246 0.013966480446927387 0.029508196721311497
1 0.7541899441340782 0.17950819672131146 0.016759776536312887 0.03442622950819671
1 0.7434823091247672 0.15245901639344261 0.01582867783985109 0.02622950819672132
1 0.7299813780260708 0.1598360655737705 0.014897579143389184 0.03770491803278689
1 0.6783054003724395 0.16311475409836065 0.01582867783985109 0.03114754098360656
1 0.7062383612662941 0.14508196721311475 0.013966480446927387 0.03114754098360656
1 0.8095903165735567 0.13278688524590165 0.013966480446927387 0.02950819672131147
