1 0.23162134944612284 0.2992700729927007 0.030211480362537763 0.05839416058394159
1 0.24622356495468278 0.24543795620437955 0.023162134944612278 0.05291970802919704
1 0.2628398791540785 0.21897810218978103 0.02819738167170191 0.05474452554744527
1 0.3061430010070494 0.20072992700729927 0.02215508559919438 0.043795620437956206
1 0.3288016112789527 0.17974452554744524 0.013091641490433015 0.03467153284671534
1 0.3061430010070494 0.22536496350364965 0.03222557905337359 0.04562043795620438
1 0.31520644511581064 0.2645985401459854 0.03222557905337359 0.06204379562043799
1 0.3423967774420946 0.2682481751824818 0.03222557905337359 0.07664233576642338
1 0.4405840886203424 0.26277372262773724 0.03323262839879154 0.05474452554744527
1 0.4420946626384693 0.2062043795620438 0.03021148036253779 0.06934306569343066
1 0.47180261832829806 0.14963503649635035 0.027190332326283984 0.062043795620437964
1 0.4788519637462236 0.20529197080291972 0.027190332326283984 0.05656934306569342
1 0.5040281973816717 0.22992700729927007 0.027190332326283928 0.06569343065693431
1 0.6515609264853978 0.14963503649635038 0.024169184290030232 0.04744525547445255
