1 0.07916666666666666 0.6602067183462532 0.095 0.13178294573643412
1 0.057499999999999996 0.5232558139534884 0.05166666666666666 0.09043927648578809
1 0.0375 0.47545219638242897 0.045 0.05684754521963825
1 0.0825 0.4728682170542636 0.035 0.06201550387596899
1 0.20083333333333334 0.5167958656330749 0.044999999999999984 0.07235142118863042
1 0.1825 0.4935400516795866 0.041666666666666685 0.062015503875968936
1 0.24666666666666665 0.5025839793281653 0.04333333333333331 0.06459948320413433
1 0.21250000000000002 0.3798449612403101 0.024999999999999994 0.046511627906976716
1 0.2866666666666666 0.5749354005167959 0.06 0.06976744186046513
1 0.24416666666666667 0.7881136950904393 0.14166666666666666 0.21188630490956073
1 0.32666666666666666 0.5335917312661499 0.043333333333333335 0.07493540051679592
1 0.355 0.5012919896640826 0.03666666666666668 0.06718346253229968
1 0.45416666666666666 0.49612403100775193 0.03500000000000003 0.06201550387596905
1 0.45999999999999996 0.5180878552971576 0.03666666666666668 0.04909560723514206
1 0.47750000000000004 0.5426356589147288 0.044999999999999984 0.06201550387596899
1 0.48916666666666664 0.5852713178294573 0.06499999999999995 0.10077519379844968
1 0.5591666666666666 0.7428940568475453 0.11166666666666669 0.23514211886304903
1 0.5366666666666666 0.4806201550387597 0.030000000000000027 0.06201550387596899
1 0.5716666666666667 0.4896640826873385 0.040000000000000036 0.06459948320413439
1 0.5800000000000001 0.5322997416020672 0.039999999999999925 0.06718346253229973
1 0.6358333333333333 0.5503875968992249 0.06166666666666665 0.09819121447028423
1 0.6833333333333333 0.5917312661498708 0.06666666666666665 0.10852713178294571
1 0.835 0.6434108527131783 0.1166666666666667 0.18604651162790697
1 0.7941666666666667 0.48320413436692505 0.04500000000000004 0.06718346253229968
1 0.8566666666666667 0.4987080103359173 0.046666666666666634 0.07235142118863042
1 0.9341666666666666 0.5116279069767442 0.06500000000000006 0.08785529715762275
1 0.9433333333333334 0.4082687338501292 0.026666666666666616 0.05684754521963825
