1 0.07734375 0.7536458333333333 0.057812499999999996 0.078125
1 0.22929687499999998 0.7359375 0.04609374999999999 0.06562500000000004
1 0.254296875 0.8 0.060156249999999994 0.08124999999999993
1 0.39765625 0.828125 0.0546875 0.08749999999999991
1 0.3453125 0.6911458333333333 0.04218749999999999 0.055208333333333304
1 0.449609375 0.7359374999999999 0.04921875000000003 0.07187500000000002
1 0.49257812500000003 0.7088541666666667 0.03671875000000002 0.059374999999999956
1 0.6351562500000001 0.5046875 0.04531249999999998 0.057291666666666685
1 0.605859375 0.7510416666666667 0.05859375 0.0625
1 0.8515625 0.7604166666666667 0.06562500000000004 0.06874999999999998
1 0.7796875 0.853125 0.06718749999999996 0.10833333333333339
1 0.8515625 0.6812499999999999 0.04843749999999991 0.060416666666666674
