1 0.010325292397660819 0.561266447368421 0.020285087719298246 0.042489035087719285
1 0.06460160818713451 0.5686677631578947 0.02467105263157894 0.033717105263157854
1 0.11366959064327485 0.5663377192982456 0.02631578947368421 0.04385964912280693
1 0.12216739766081872 0.5829221491228069 0.026498538011695896 0.04194078947368418
1 0.1440972222222222 0.5426260964912281 0.02028508771929824 0.032072368421052655
1 0.16529605263157893 0.548108552631579 0.02065058479532164 0.03152412280701755
1 0.20239400584795322 0.5537280701754386 0.019919590643274865 0.030701754385964897
1 0.22551169590643275 0.5385142543859649 0.017178362573099404 0.030427631578947345
1 0.23327850877192982 0.5597587719298246 0.02540204678362573 0.03837719298245612
1 0.2605994152046784 0.5671600877192982 0.023391812865497102 0.04385964912280704
1 0.29504751461988304 0.6440515350877193 0.044042397660818744 0.06441885964912286
1 0.2722953216374269 0.5389254385964912 0.019736842105263164 0.027412280701754388
1 0.2888340643274854 0.5467379385964912 0.017361111111111105 0.028782894736842035
1 0.31642909356725146 0.5348135964912281 0.012975146198830445 0.025219298245614086
1 0.3199926900584795 0.5549616228070176 0.020102339181286566 0.032072368421052655
1 0.33808479532163743 0.5474232456140351 0.018274853801169555 0.03782894736842102
1 0.3472222222222222 0.5561951754385965 0.017543859649122806 0.03453947368421051
1 0.3559027777777778 0.534265350877193 0.016264619883040954 0.025219298245614086
1 0.3303179824561403 0.5316611842105263 0.013340643274853792 0.022203947368421018
1 0.3830409356725146 0.5467379385964912 0.021198830409356717 0.032072368421052655
1 0.39683845029239767 0.5379660087719298 0.014802631578947345 0.028234649122807043
1 0.38340643274853803 0.59375 0.03728070175438597 0.054824561403508776
1 0.36878654970760233 0.599095394736842 0.022295321637426868 0.042489035087719285
1 0.4319261695906433 0.5997807017543859 0.03527046783625731 0.05537280701754377
1 0.42452485380116955 0.6899671052631579 0.06944444444444448 0.09375
1 0.42872807017543857 0.5455043859649122 0.014254385964912297 0.026864035087719285
1 0.4450840643274854 0.5513980263157894 0.021381578947368418 0.035361842105263164
1 0.44234283625730997 0.5319353070175439 0.011878654970760183 0.018366228070175405
1 0.46308479532163743 0.5334429824561404 0.016081871345029253 0.025767543859649078
1 0.4317434210526316 0.5272752192982456 0.01224415204678364 0.01726973684210531
1 0.5075840643274854 0.4916392543859649 0.022112573099415167 0.03591008771929832
1 0.549342105263158 0.5139802631578947 0.011330409356725135 0.021381578947368474
1 0.5629568713450293 0.5183662280701754 0.010051169590643338 0.02247807017543857
1 0.5766630116959064 0.5317982456140351 0.013340643274853847 0.02631578947368418
1 0.5986842105263157 0.5224780701754386 0.013157894736842146 0.025767543859649078
1 0.5971308479532165 0.5408442982456141 0.011878654970760238 0.026864035087719285
1 0.5421235380116959 0.5435855263157894 0.016995614035087758 0.02796052631578949
1 0.5227521929824561 0.5725054824561404 0.026498538011695882 0.04358552631578949
1 0.5026498538011696 0.6240405701754386 0.04660087719298239 0.07209429824561409
1 0.49744152046783624 0.7938596491228069 0.0950292397660818 0.14418859649122806
1 0.5770285087719298 0.5808662280701755 0.02759502923976609 0.04221491228070173
1 0.6178728070175439 0.572779605263158 0.025219298245614086 0.042489035087719285
1 0.6326754385964912 0.6348684210526316 0.04568713450292394 0.08114035087719296
1 0.7168311403508771 0.6733826754385965 0.05537280701754377 0.08963815789473684
1 0.6641081871345029 0.59375 0.0310672514619883 0.05263157894736836
1 0.6958150584795322 0.5797697368421053 0.03782894736842102 0.0625
1 0.6527777777777778 0.5645559210526316 0.025219298245614086 0.042489035087719285
1 0.630391081871345 0.5429002192982456 0.02101608187134507 0.03645833333333326
1 0.614126461988304 0.518640350877193 0.01224415204678364 0.023026315789473673
1 0.6402595029239766 0.5167214912280702 0.01224415204678364 0.021929824561403466
1 0.6577119883040936 0.5270010964912281 0.014254385964912353 0.026589912280701844
1 0.6636513157894737 0.5186403508771931 0.013706140350877138 0.018640350877192957
1 0.6764437134502924 0.5368695175438596 0.02247807017543857 0.032072368421052544
1 0.6823830409356725 0.5138432017543859 0.014619883040935644 0.021107456140350922
1 0.650858918128655 0.4845120614035088 0.010782163742690032 0.01726973684210531
1 0.6302997076023391 0.4765625 0.010233918128654929 0.01398026315789469
1 0.7033077485380117 0.5241228070175439 0.01224415204678353 0.020285087719298267
1 0.7086988304093567 0.5152138157894737 0.013523391812865548 0.02110745614035081
1 0.7274305555555556 0.5256304824561404 0.01736111111111116 0.029879385964912353
1 0.730171783625731 0.571546052631579 0.023574561403508776 0.04495614035087725
1 0.7455226608187134 0.5407072368421053 0.01736111111111116 0.028782894736842146
1 0.7461622807017544 0.5157620614035088 0.012061403508771829 0.020010964912280604
1 0.7642543859649122 0.5338541666666667 0.018274853801169555 0.035361842105263164
1 0.7796966374269005 0.5581140350877194 0.022112573099415278 0.04221491228070173
1 0.799890350877193 0.5782620614035088 0.0314327485380117 0.051260964912280604
1 0.7745796783625731 0.5263157894736843 0.016264619883040954 0.027412280701754388
1 0.7949561403508771 0.5193256578947368 0.011330409356725135 0.02275219298245612
1 0.8061038011695907 0.5367324561403508 0.017909356725146153 0.0296052631578948
1 0.8139619883040936 0.5206962719298245 0.01059941520467833 0.02055921052631582
1 0.8206323099415205 0.5319353070175439 0.011878654970760238 0.02275219298245612
1 0.831140350877193 0.5389254385964912 0.01754385964912286 0.03453947368421062
1 0.846217105263158 0.5307017543859649 0.014071637426900652 0.027412280701754388
1 0.849141081871345 0.5202850877192982 0.011147660818713434 0.019736842105263164
1 0.8603801169590644 0.5371436403508771 0.015350877192982448 0.026589912280701733
1 0.8765533625730995 0.5420778508771931 0.016264619883040954 0.028234649122807043
1 0.8712536549707602 0.5707236842105263 0.02101608187134496 0.04221491228070173
1 0.8259320175438596 0.6229440789473684 0.044042397660818744 0.08141447368421051
1 0.903234649122807 0.575657894736842 0.02978801169590639 0.04879385964912275
1 0.9077119883040936 0.5315241228070176 0.016081871345029253 0.026315789473684292
1 0.8972953216374269 0.5356359649122807 0.011330409356725135 0.023026315789473673
1 0.9325657894736842 0.5683936403508771 0.02448830409356728 0.04632675438596501
1 0.9637244152046784 0.5519462719298245 0.025767543859649078 0.03645833333333337
1 0.9830043859649122 0.5485197368421053 0.018274853801169555 0.0328947368421052
1 0.948921783625731 0.5464638157894737 0.01589912280701755 0.03152412280701755
1 0.9390533625730995 0.5237116228070176 0.016995614035087647 0.028234649122806932
1 0.9490131578947368 0.5252192982456141 0.010964912280701844 0.02247807017543868
1 0.9723135964912281 0.5307017543859649 0.016630116959064356 0.021929824561403466
