1 0.9553660982948846 0.21280276816608995 0.013039117352056206 0.03806228373702422
1 0.4312938816449348 0.16003460207612458 0.012036108324974926 0.025951557093425587
1 0.45386158475426275 0.15657439446366783 0.013039117352056151 0.025951557093425587
1 0.49297893681043126 0.15484429065743943 0.013039117352056151 0.02941176470588233
1 0.5 0.16868512110726644 0.015045135406218657 0.02941176470588236
1 0.26629889669007023 0.23010380622837368 0.02106318956870612 0.04498269896193771
1 0.23520561685055164 0.2110726643598616 0.017051153460381135 0.04498269896193771
1 0.34804413239719156 0.2292387543252595 0.01805416248746239 0.03633217993079585
1 0.39217652958876625 0.26038062283737023 0.020060180541624895 0.04325259515570934
1 0.15646940822467403 0.23875432525951557 0.01604814443329991 0.03806228373702422
