1 0.18971061093247588 0.24616858237547892 0.021436227224008564 0.04406130268199232
1 0.3022508038585209 0.22509578544061304 0.015005359056806 0.02873563218390804
1 0.34833869239013937 0.18773946360153257 0.012861736334405183 0.030651340996168563
1 0.42068595927116825 0.2567049808429119 0.016077170418006437 0.03831417624521072
1 0.40728831725616294 0.19636015325670497 0.015005359056806 0.032567049808429116
1 0.4405144694533762 0.22413793103448276 0.017148981779206873 0.026819923371647514
1 0.44319399785637725 0.17049808429118773 0.01178992497320469 0.03065134099616859
1 0.47695605573419075 0.17337164750957854 0.017148981779206818 0.04022988505747127
1 0.4512325830653805 0.13409961685823754 0.012861736334405127 0.02298850574712645
1 0.5380493033226152 0.18295019157088122 0.015005359056806 0.032567049808429116
1 0.5423365487674169 0.1599616858237548 0.015005359056806 0.02873563218390804
1 0.6221864951768489 0.11590038314176244 0.011789924973204746 0.02873563218390804
1 0.62486602357985 0.3007662835249042 0.02357984994640938 0.06130268199233718
1 0.657556270096463 0.3620689655172414 0.031082529474812493 0.06896551724137934
1 0.620042872454448 0.20306513409961685 0.018220793140407254 0.042145593869731796
1 0.662379421221865 0.210727969348659 0.019292604501607635 0.03831417624521072
1 0.657556270096463 0.1743295019157088 0.013933547695605508 0.026819923371647514
1 0.7170418006430868 0.07279693486590039 0.012861736334405127 0.026819923371647514
1 0.7197213290460879 0.22701149425287356 0.018220793140407254 0.04022988505747127
1 0.6618435155412647 0.289272030651341 0.018220793140407254 0.03831417624521072
1 0.7920685959271168 0.3400383141762452 0.040728831725616366 0.08620689655172414
1 0.812433011789925 0.25383141762452105 0.017148981779206873 0.04022988505747124
1 0.8553054662379421 0.2557471264367816 0.019292604501607746 0.04789272030651337
1 0.9217577706323687 0.21743295019157088 0.015005359056806 0.03639846743295019
1 0.9866023579849946 0.23563218390804597 0.022508038585209 0.06896551724137931
1 0.987674169346195 0.31800766283524906 0.020364415862808127 0.08045977011494254
