1 0.12 0.3358348968105066 0.0625 0.10881801125703566
1 0.188125 0.3602251407129456 0.05875 0.10881801125703561
1 0.22812500000000002 0.41463414634146345 0.07375000000000001 0.12382739212007504
1 0.284375 0.4099437148217636 0.07125000000000001 0.12570356472795496
1 0.360625 0.4455909943714822 0.08875000000000005 0.12945590994371475
1 0.356875 0.3348968105065666 0.053749999999999964 0.08067542213883677
1 0.32999999999999996 0.3133208255159474 0.027500000000000024 0.05253283302063788
1 0.5025 0.3545966228893058 0.06999999999999995 0.11257035647279551
1 0.50625 0.27861163227016883 0.03999999999999998 0.0656660412757974
1 0.559375 0.31238273921200754 0.05125000000000002 0.08818011257035646
1 0.588125 0.43902439024390244 0.08875 0.16135084427767354
1 0.6 0.3677298311444653 0.0625 0.09005628517823638
1 0.6212500000000001 0.31144465290806755 0.04749999999999999 0.06754221388367732
1 0.700625 0.34803001876172607 0.04874999999999996 0.1031894934333959
1 0.7337499999999999 0.4896810506566604 0.10999999999999999 0.17636022514071292
1 0.7625 0.3921200750469043 0.0625 0.09756097560975607
1 0.81 0.33771106941838647 0.057499999999999996 0.11257035647279551
1 0.8687499999999999 0.41181988742964354 0.07999999999999996 0.1369606003752345
1 0.963125 0.4024390243902439 0.07374999999999998 0.174484052532833
1 0.85875 0.28986866791744836 0.03249999999999997 0.06191369606003755
1 0.9025 0.2973733583489681 0.050000000000000044 0.06566604127579734
1 0.9143749999999999 0.3630393996247655 0.04625000000000001 0.10318949343339584
1 0.973125 0.300187617260788 0.04125000000000001 0.06378986866791742
1 0.9456249999999999 0.2926829268292683 0.03375000000000006 0.06754221388367732
1 0.6737500000000001 0.29174484052532834 0.03749999999999998 0.07692307692307693
