1 0.04457831325301205 0.26449275362318836 0.060240963855421686 0.10869565217391303
1 0.10240963855421686 0.33695652173913043 0.0602409638554217 0.1159420289855072
1 0.16626506024096385 0.3315217391304348 0.04337349397590362 0.09782608695652178
1 0.2216867469879518 0.3532608695652174 0.06265060240963854 0.11231884057971014
1 0.19156626506024096 0.27717391304347827 0.03614457831325302 0.06159420289855069
1 0.26746987951807233 0.2717391304347826 0.05301204819277111 0.07971014492753623
1 0.3120481927710843 0.30797101449275366 0.05542168674698794 0.09420289855072467
1 0.327710843373494 0.23550724637681159 0.03373493975903613 0.05797101449275363
1 0.3855421686746988 0.22644927536231885 0.03373493975903613 0.06159420289855069
1 0.39879518072289155 0.322463768115942 0.050602409638554224 0.08695652173913043
1 0.41807228915662653 0.29891304347826086 0.03614457831325302 0.07608695652173914
1 0.4481927710843373 0.2826086956521739 0.03373493975903613 0.07246376811594199
1 0.472289156626506 0.2554347826086957 0.04337349397590362 0.07608695652173916
1 0.5072289156626506 0.32608695652173914 0.050602409638554224 0.10144927536231885
1 0.5590361445783133 0.3115942028985507 0.04337349397590362 0.07971014492753625
1 0.5325301204819277 0.2753623188405797 0.033734939759036076 0.06521739130434781
1 0.6024096385542168 0.20652173913043478 0.03855421686746985 0.06521739130434784
1 0.610843373493976 0.33333333333333337 0.04578313253012045 0.09420289855072467
1 0.6421686746987951 0.3278985507246377 0.036144578313252906 0.07608695652173914
1 0.6807228915662651 0.3134057971014493 0.04578313253012045 0.07608695652173914
1 0.672289156626506 0.2717391304347826 0.033734939759036076 0.05797101449275363
1 0.7265060240963855 0.3134057971014492 0.055421686746987886 0.11231884057971014
1 0.7469879518072289 0.25 0.03373493975903619 0.05797101449275363
1 0.7795180722891566 0.3188405797101449 0.04096385542168679 0.07246376811594207
1 0.8012048192771084 0.3967391304347826 0.06506024096385543 0.11956521739130432
1 0.8301204819277108 0.27717391304347827 0.06024096385542166 0.09782608695652176
1 0.8771084337349397 0.3713768115942029 0.06265060240963849 0.11231884057971014
1 0.9036144578313252 0.29166666666666663 0.053012048192771055 0.08333333333333331
1 0.9698795180722892 0.3586956521739131 0.06024096385542166 0.1449275362318841
