1 0.06314312441534145 0.3860232945091514 0.04396632366697849 0.07653910149750415
1 0.25210477081384475 0.2845257903494176 0.01777362020579981 0.03327787021630618
1 0.2731524789522919 0.2653910149750416 0.02057998129092614 0.04492512479201333
1 0.2885874649204865 0.27870216306156403 0.01777362020579981 0.031613976705490876
1 0.30729653882132835 0.2579034941763727 0.023386342376052416 0.049916805324459274
1 0.3302151543498597 0.26788685524126454 0.01870907390084192 0.04326123128119802
1 0.3461178671655753 0.26622296173044924 0.018709073900841866 0.049916805324459246
1 0.32647333956969127 0.21797004991680533 0.01870907390084192 0.03327787021630618
1 0.3507951356407858 0.21131447587354407 0.0168381665107577 0.03660565723793677
1 0.3774555659494855 0.2071547420965058 0.01777362020579981 0.03494176372712146
1 0.39008419083255375 0.1930116472545757 0.01870907390084192 0.03660565723793677
1 0.39943872778297473 0.2054908485856905 0.0168381665107577 0.038269550748752074
1 0.4275023386342376 0.21381031613976703 0.0168381665107577 0.028286189683860236
1 0.43171188026192703 0.2628951747088186 0.023386342376052416 0.049916805324459246
1 0.4176800748362956 0.1647254575707155 0.015902712815715647 0.02662229617304493
1 0.430776426566885 0.15973377703826958 0.01590271281571559 0.03660565723793677
1 0.4391955098222638 0.20133111480865223 0.015902712815715647 0.033277870216306155
1 0.45463049579045833 0.22212978369384362 0.01870907390084192 0.03494176372712146
1 0.4644527595884004 0.20133111480865223 0.01777362020579981 0.033277870216306155
1 0.460710944808232 0.16555740432612315 0.015902712815715647 0.028286189683860236
1 0.4532273152478952 0.1439267886855241 0.012160898035547207 0.02163061564059901
1 0.4714686623012161 0.14725457570715472 0.016838166510757757 0.028286189683860236
1 0.48175865294667913 0.15723793677204662 0.020579981290926086 0.03161397670549085
1 0.48783910196445274 0.12396006655574043 0.014031805425631427 0.021630615640598996
1 0.5032740879326473 0.1530782029950083 0.014967259120673482 0.03660565723793677
1 0.519644527595884 0.14975041597337768 0.017773620205799867 0.029950083194675542
1 0.49251637043966323 0.2221297836938436 0.02338634237605236 0.04492512479201333
1 0.5210477081384471 0.20798668885191346 0.024321796071094415 0.03660565723793677
1 0.5430308699719364 0.13061564059900166 0.015902712815715647 0.02828618968386025
1 0.5519176800748363 0.15806988352745427 0.016838166510757757 0.033277870216306155
1 0.558933582787652 0.13643926788685523 0.015902712815715647 0.033277870216306155
1 0.5757717492984098 0.17637271214642264 0.019644527595883976 0.04326123128119799
1 0.5809167446211412 0.15058236272878534 0.018709073900841866 0.03161397670549085
1 0.5626753975678204 0.10316139767054908 0.014031805425631427 0.023294509151414303
1 0.5898035547240412 0.11480865224625623 0.015902712815715536 0.02662229617304493
1 0.5926099158091674 0.09484193011647254 0.014031805425631427 0.02662229617304493
1 0.6216089803554724 0.13727121464226288 0.015902712815715647 0.03161397670549085
1 0.6155285313376988 0.11896838602329451 0.013096351730589317 0.021630615640598996
1 0.6192703461178671 0.10149750415973377 0.013096351730589317 0.023294509151414303
1 0.6379794200187091 0.11564059900166389 0.013096351730589317 0.028286189683860236
1 0.6534144059869037 0.09816971713810316 0.014031805425631427 0.02662229617304493
1 0.6716557530402245 0.10981697171381032 0.014967259120673537 0.02662229617304493
1 0.7015902712815716 0.09151414309484193 0.014967259120673537 0.033277870216306155
1 0.5654817586529466 0.23876871880199668 0.023386342376052416 0.04825291181364391
1 0.490645463049579 0.2886855241264559 0.03086997193638913 0.054908485856905165
1 0.5500467726847521 0.300332778702163 0.029934518241347075 0.054908485856905165
1 0.6089803554724041 0.32279534109816976 0.031805425631431294 0.059900166389351084
1 0.6099158091674463 0.2545757071547421 0.029934518241347075 0.05324459234608983
1 0.6216089803554724 0.2113144758735441 0.023386342376052305 0.049916805324459246
1 0.6651075771749297 0.19800332778702162 0.020579981290926086 0.046589018302828605
1 0.6557530402245089 0.1663893510815308 0.018709073900841866 0.03660565723793677
1 0.6833489242282507 0.14725457570715472 0.021515434985968196 0.041597337770382686
1 0.7086061739943873 0.12895174708818635 0.015902712815715647 0.034941763727121475
1 0.7001870907390084 0.20465890183028285 0.023386342376052305 0.04991680532445922
1 0.6646398503274088 0.25707154742096505 0.028999064546304965 0.04825291181364391
1 0.7104770813844714 0.2895174708818635 0.030869971936389073 0.049916805324459246
1 0.6786716557530402 0.3311148086522463 0.034611786716557624 0.0632279534109817
1 0.7815715622076707 0.2953410981697171 0.03274087932647329 0.064891846921797
1 0.7544434050514499 0.22878535773710482 0.025257249766136636 0.06156405990016639
1 0.7226379794200186 0.17637271214642264 0.021515434985968196 0.046589018302828605
1 0.7291861552853134 0.14891846921797003 0.017773620205799867 0.038269550748752074
1 0.7371375116931712 0.12063227953410981 0.016838166510757757 0.038269550748752074
1 0.7478952291861553 0.1314475873544093 0.014031805425631427 0.039933444259567394
1 0.7572497661365762 0.14725457570715472 0.017773620205799867 0.038269550748752074
1 0.7539756782039289 0.10732113144758736 0.013096351730589428 0.038269550748752074
1 0.7680074836295603 0.1264559068219634 0.016838166510757646 0.039933444259567394
1 0.784377923292797 0.11813643926788686 0.012160898035547207 0.029950083194675528
1 0.7979420018709074 0.13061564059900166 0.014967259120673537 0.03161397670549086
1 0.8129092609915809 0.12396006655574043 0.014967259120673537 0.034941763727121475
1 0.7984097287184284 0.16888519134775376 0.019644527595883976 0.041597337770382686
1 0.8166510757717493 0.1647254575707155 0.014967259120673537 0.03660565723793677
1 0.8372310570626754 0.13477537437603992 0.014967259120673537 0.03660565723793678
1 0.8465855940130964 0.18801996672212978 0.016838166510757646 0.04658901830282863
1 0.8068288119738074 0.240432612312812 0.021515434985968196 0.05490848585690514
1 0.8676333021515434 0.22712146422628954 0.019644527595883976 0.0449251247920133
1 0.883068288119738 0.1930116472545757 0.016838166510757646 0.03660565723793677
1 0.8928905519176801 0.16139767054908488 0.017773620205799867 0.03993344425956738
1 0.8956969130028063 0.12396006655574043 0.017773620205799756 0.03826955074875209
1 0.853601496725912 0.14808652246256238 0.017773620205799756 0.03660565723793677
1 0.862956033676333 0.1422628951747088 0.014031805425631427 0.03494176372712146
1 0.8713751169317119 0.12479201331114809 0.012160898035547207 0.026622296173044915
1 0.9176800748362957 0.16555740432612315 0.018709073900841866 0.041597337770382686
1 0.9265668849391955 0.19384359400998336 0.015902712815715647 0.04492512479201333
1 0.9298409728718429 0.15806988352745424 0.013096351730589317 0.036605657237936795
