1 0.06502423263327949 0.31153305203938114 0.020193861066235864 0.04078762306610406
1 0.08723747980613894 0.2946554149085795 0.017770597738287555 0.032348804500703265
1 0.19991922455573508 0.22644163150492264 0.020193861066235858 0.036568213783403664
1 0.24353796445880452 0.2876230661040788 0.02665589660743134 0.049226441631504914
1 0.2269789983844911 0.42616033755274263 0.048465266558966075 0.10970464135021096
1 0.3533925686591276 0.2721518987341772 0.03796445880452343 0.057665260196905765
1 0.3053311793214863 0.15963431786216598 0.01938610662358642 0.03516174402250352
1 0.34450726978998386 0.1469760900140647 0.01696284329563813 0.035161744022503494
1 0.369951534733441 0.1469760900140647 0.01615508885298872 0.03234880450070321
1 0.4131663974151858 0.10126582278481013 0.01696284329563813 0.03938115330520395
1 0.4579967689822294 0.10267229254571027 0.017770597738287597 0.036568213783403664
1 0.5149434571890146 0.20815752461322082 0.020193861066235885 0.042194092827004204
1 0.5424071082390953 0.1962025316455696 0.018578352180937063 0.037974683544303806
1 0.5339256865912763 0.1751054852320675 0.017770597738287597 0.035161744022503494
1 0.5702746365105008 0.10759493670886076 0.01938610662358653 0.04078762306610409
1 0.598546042003231 0.08649789029535865 0.01453957996768973 0.02672292545710267
