1 0.14444444444444443 0.28474576271186436 0.13777777777777778 0.25084745762711863
1 0.22333333333333333 0.4491525423728814 0.033333333333333326 0.07118644067796615
1 0.45 0.5728813559322035 0.07333333333333336 0.11525423728813566
1 0.47 0.45593220338983054 0.04666666666666669 0.0779661016949153
1 0.44333333333333336 0.4203389830508475 0.024444444444444435 0.0542372881355932
1 0.4766666666666667 0.3966101694915254 0.024444444444444435 0.040677966101694885
1 0.49111111111111116 0.41355932203389834 0.026666666666666672 0.040677966101694885
1 0.5755555555555556 0.4677966101694915 0.053333333333333344 0.08135593220338982
1 0.5833333333333333 0.4067796610169492 0.028888888888888853 0.04745762711864404
1 0.6455555555555555 0.4491525423728814 0.04222222222222216 0.06440677966101699
1 0.6444444444444444 0.4016949152542373 0.026666666666666727 0.05084745762711862
1 0.7177777777777778 0.4542372881355932 0.039999999999999925 0.06779661016949157
1 0.7944444444444444 0.4491525423728814 0.05111111111111111 0.0847457627118644
1 0.8633333333333333 0.46779661016949153 0.06888888888888889 0.10169491525423735
1 0.8422222222222222 0.6271186440677966 0.0888888888888889 0.16271186440677976
1 0.6188888888888888 0.6135593220338984 0.10444444444444445 0.14915254237288134
