1 0.10280898876404494 0.2655310621242485 0.019101123595505615 0.03807615230460923
1 0.3735955056179775 0.2034068136272545 0.021348314606741525 0.03807615230460923
1 0.4213483146067416 0.21142284569138275 0.015730337078651735 0.03807615230460923
1 0.45168539325842694 0.22545090180360722 0.017977528089887673 0.04208416833667333
1 0.5646067415730337 0.18737474949899802 0.016853932584269593 0.03807615230460923
1 0.5707865168539326 0.16032064128256512 0.01573033707865168 0.03206412825651303
1 0.6342696629213482 0.12525050100200402 0.014606741573033655 0.030060120240480964
1 0.6735955056179775 0.18036072144288579 0.016853932584269593 0.03607214428857716
1 0.6842696629213483 0.22344689378757515 0.022471910112359494 0.04208416833667333
1 0.6780898876404495 0.26152304609218435 0.02134831460674158 0.050100200400801626
1 0.6432584269662922 0.31563126252505014 0.030337078651685334 0.05410821643286573
1 0.6286516853932584 0.2715430861723447 0.02134831460674158 0.04208416833667339
1 0.6235955056179776 0.22444889779559118 0.024719101123595544 0.04008016032064127
1 0.9353932584269663 0.24549098196392785 0.016853932584269593 0.03406813627254507
