1 0.035673515981735154 0.4227311643835616 0.06050228310502283 0.10830479452054792
1 0.0221175799086758 0.3309075342465754 0.043093607305936074 0.10017123287671231
1 0.09417808219178082 0.3167808219178082 0.04394977168949771 0.08647260273972601
1 0.18378995433789955 0.307791095890411 0.05365296803652969 0.10017123287671231
1 0.16937785388127855 0.2592037671232877 0.0396689497716895 0.06977739726027399
1 0.22916666666666669 0.3981164383561644 0.08847031963470323 0.1429794520547945
1 0.2792522831050228 0.3668664383561644 0.055079908675799094 0.1053082191780822
1 0.3273401826484018 0.3154965753424658 0.04509132420091322 0.09503424657534248
1 0.2796803652968036 0.2744006849315068 0.03481735159817351 0.07277397260273971
1 0.3728595890410959 0.2889554794520548 0.04023972602739723 0.07705479452054798
1 0.4170947488584475 0.2718321917808219 0.031107305936073026 0.057363013698630144
1 0.466466894977169 0.3694349315068493 0.05622146118721466 0.09417808219178081
1 0.4456335616438356 0.3247003424657534 0.03681506849315069 0.06892123287671231
1 0.4599029680365297 0.293236301369863 0.03738584474885842 0.0625
1 0.48287671232876717 0.26819349315068497 0.029109589041095896 0.05607876712328769
1 0.5525114155251141 0.305222602739726 0.04166666666666663 0.07191780821917809
1 0.632134703196347 0.36151541095890416 0.0730593607305936 0.1074486301369863
1 0.6669520547945205 0.300513698630137 0.03424657534246578 0.07534246575342463
1 0.7271689497716896 0.3386130136986301 0.04737442922374424 0.09332191780821919
1 0.7873858447488584 0.1303510273972603 0.10787671232876717 0.16309931506849315
