1 0.13802083333333334 0.6034722222222222 0.07812500000000001 0.11249999999999993
1 0.08072916666666667 0.5513888888888889 0.05520833333333334 0.07777777777777783
1 0.2421875 0.7326388888888888 0.08020833333333333 0.12916666666666676
1 0.23802083333333335 0.6798611111111111 0.06145833333333331 0.07361111111111107
1 0.26927083333333335 0.5909722222222222 0.05520833333333333 0.08472222222222214
1 0.37135416666666665 0.6729166666666666 0.044791666666666674 0.08472222222222225
1 0.35 0.6333333333333333 0.03125 0.06388888888888888
1 0.4046875 0.6194444444444445 0.03229166666666666 0.05833333333333335
1 0.5510416666666667 0.7944444444444445 0.08958333333333335 0.10833333333333328
1 0.5395833333333333 0.7305555555555556 0.05625000000000002 0.0805555555555556
1 0.5322916666666666 0.6777777777777778 0.04166666666666663 0.061111111111111116
1 0.5369791666666667 0.6097222222222223 0.038541666666666696 0.063888888888889
1 0.6177083333333333 0.6118055555555556 0.03125 0.05972222222222223
1 0.6734374999999999 0.6055555555555555 0.03645833333333337 0.05555555555555558
1 0.7557291666666667 0.6104166666666666 0.038541666666666696 0.04861111111111105
1 0.7791666666666667 0.6243055555555556 0.02499999999999991 0.04583333333333339
1 0.8286458333333333 0.5972222222222222 0.034375000000000044 0.050000000000000044
1 0.8458333333333333 0.6347222222222222 0.03750000000000009 0.061111111111111116
1 0.8921874999999999 0.6055555555555556 0.04062500000000002 0.04999999999999993
1 0.8307291666666667 0.7229166666666667 0.07187500000000002 0.0986111111111111
1 0.9192708333333333 0.6819444444444445 0.06145833333333328 0.07222222222222219
1 0.703125 0.7173611111111111 0.050000000000000044 0.09583333333333333
1 0.6859375000000001 0.8395833333333333 0.08437499999999998 0.11250000000000004
