1 0.16810035842293908 0.7914507772020725 0.07526881720430109 0.14507772020725385
1 0.2544802867383512 0.6547927461139896 0.06738351254480285 0.13601036269430056
1 0.25125448028673836 0.4281088082901554 0.03942652329749108 0.07124352331606215
1 0.18637992831541217 0.3743523316062176 0.03297491039426523 0.06735751295336789
1 0.07706093189964158 0.49093264248704666 0.05519713261648746 0.11139896373057001
1 0.07992831541218638 0.3963730569948186 0.04516129032258065 0.08808290155440418
1 0.2111111111111111 0.3588082901554404 0.027956989247311825 0.06476683937823835
1 0.2222222222222222 0.3335492227979274 0.02724014336917563 0.045336787564766834
1 0.2602150537634409 0.3251295336787565 0.024372759856630843 0.04922279792746115
1 0.3060931899641577 0.3400259067357513 0.025806451612903236 0.04274611398963729
1 0.3211469534050179 0.3121761658031088 0.018637992831541217 0.03886010362694303
1 0.32616487455197135 0.46632124352331605 0.03584229390681004 0.08031088082901555
1 0.339426523297491 0.4339378238341969 0.026523297491039377 0.05699481865284972
1 0.3637992831541219 0.5505181347150259 0.05663082437275985 0.10362694300518138
1 0.41469534050179213 0.6366580310880829 0.05663082437275985 0.12305699481865284
1 0.41863799283154124 0.7571243523316062 0.07025089605734763 0.16709844559585496
1 0.53584229390681 0.6651554404145077 0.07526881720430106 0.16191709844559588
1 0.49139784946236564 0.44041450777202074 0.050896057347670276 0.10880829015544041
1 0.4351254480286738 0.3976683937823834 0.03870967741935488 0.0829015544041451
1 0.4150537634408602 0.36722797927461137 0.022939068100358395 0.06088082901554409
1 0.39139784946236555 0.36722797927461137 0.02293906810035845 0.05829015544041455
1 0.3917562724014337 0.33290155440414504 0.023655913978494647 0.04404145077720206
1 0.37132616487455194 0.3490932642487047 0.020071684587813665 0.04274611398963729
1 0.42508960573476706 0.2655440414507772 0.021505376344086058 0.04922279792746112
1 0.4498207885304659 0.25129533678756477 0.020788530465949806 0.04922279792746112
1 0.5053763440860215 0.32318652849740936 0.018637992831541217 0.04015544041450775
1 0.5211469534050179 0.3335492227979274 0.021505376344086002 0.045336787564766834
1 0.5641577060931899 0.35556994818652854 0.024372759856630788 0.04792746113989638
1 0.5935483870967742 0.23316062176165803 0.027240143369175684 0.059585492227979264
1 0.5738351254480287 0.24676165803108807 0.02078853046594975 0.04274611398963732
1 0.6494623655913978 0.2538860103626943 0.03154121863799275 0.05958549222797929
1 0.6412186379928315 0.3886010362694301 0.033691756272401396 0.08031088082901555
1 0.6602150537634408 0.35751295336787564 0.02580645161290318 0.06476683937823835
1 0.6802867383512545 0.4106217616580311 0.037275985663082434 0.08031088082901555
1 0.7311827956989247 0.3698186528497409 0.03010752688172036 0.04792746113989638
1 0.6838709677419355 0.5744818652849741 0.05448028673835126 0.1334196891191709
1 0.7939068100358423 0.4650259067357513 0.043727598566308146 0.11398963730569944
1 0.8616487455197133 0.43069948186528495 0.03154121863799286 0.0738341968911917
1 0.8580645161290322 0.680699481865285 0.058781362007168436 0.14637305699481862
1 0.9706093189964158 0.6748704663212435 0.058781362007168436 0.13730569948186522
1 0.9845878136200716 0.44494818652849744 0.03082437275985661 0.0919689119170985
