1 0.2046783625730994 0.3614982578397212 0.037037037037037035 0.08188153310104535
1 0.3172514619883041 0.23867595818815332 0.016569200779727067 0.045296167247386776
1 0.34746588693957114 0.18989547038327526 0.020467836257309968 0.03484320557491288
1 0.419103313840156 0.20818815331010454 0.017543859649122806 0.04006968641114983
1 0.4249512670565302 0.18118466898954705 0.015594541910331383 0.031358885017421595
1 0.4195906432748538 0.156794425087108 0.01851851851851849 0.031358885017421595
1 0.44834307992202727 0.18205574912891986 0.023391812865497075 0.03658536585365854
1 0.452729044834308 0.22386759581881532 0.022417153996101336 0.04006968641114983
1 0.48050682261208577 0.23606271777003485 0.02729044834307992 0.05052264808362372
1 0.5048732943469785 0.17857142857142858 0.01949317738791423 0.04006968641114983
1 0.4649122807017544 0.16376306620209058 0.017543859649122806 0.031358885017421595
1 0.46393762183235865 0.1402439024390244 0.015594541910331383 0.022648083623693388
1 0.5277777777777778 0.16114982578397213 0.012670565302144166 0.03310104529616725
1 0.5336257309941521 0.1402439024390244 0.014619883040935755 0.029616724738675965
1 0.5511695906432749 0.1210801393728223 0.012670565302144166 0.02961672473867595
1 0.5657894736842106 0.1559233449477352 0.01851851851851849 0.03310104529616725
1 0.5545808966861598 0.18989547038327526 0.01754385964912286 0.03484320557491288
1 0.5877192982456141 0.16289198606271776 0.015594541910331383 0.03658536585365854
1 0.6028265107212476 0.14198606271777003 0.014619883040935644 0.03658536585365853
1 0.5911306042884991 0.1254355400696864 0.014619883040935644 0.03135888501742161
1 0.618421052631579 0.10714285714285715 0.012670565302144277 0.03310104529616724
1 0.6379142300194932 0.15766550522648085 0.016569200779727122 0.03310104529616725
1 0.6291423001949318 0.14285714285714285 0.014619883040935644 0.031358885017421595
1 0.638401559454191 0.1210801393728223 0.011695906432748537 0.026132404181184676
1 0.645224171539961 0.10714285714285715 0.00974658869395717 0.026132404181184662
1 0.6525341130604289 0.14459930313588848 0.012670565302144166 0.031358885017421595
1 0.655458089668616 0.1210801393728223 0.010721247563352798 0.026132404181184676
1 0.6666666666666667 0.11324041811846691 0.011695906432748537 0.02787456445993032
1 0.5053606237816763 0.1524390243902439 0.012670565302144277 0.0191637630662021
1 0.6905458089668616 0.12282229965156795 0.014619883040935644 0.029616724738675965
1 0.7056530214424952 0.12630662020905922 0.011695906432748537 0.026132404181184662
1 0.6744639376218324 0.1759581881533101 0.01949317738791423 0.03484320557491288
1 0.631578947368421 0.19773519163763065 0.021442495126705707 0.050522648083623695
1 0.5838206627680311 0.24651567944250874 0.021442495126705707 0.04355400696864112
1 0.5058479532163742 0.2979094076655052 0.0292397660818714 0.05226480836236935
1 0.594541910331384 0.2935540069686411 0.02729044834307992 0.0574912891986063
1 0.615009746588694 0.31533101045296164 0.031189083820662766 0.06271777003484319
1 0.6267056530214425 0.2569686411149826 0.01949317738791423 0.050522648083623695
1 0.6666666666666667 0.259581881533101 0.021442495126705707 0.04878048780487804
1 0.665692007797271 0.32752613240418116 0.0292397660818714 0.07317073170731708
1 0.6910331384015594 0.3911149825783972 0.03898635477582846 0.06445993031358888
1 0.6730019493177388 0.21689895470383275 0.020467836257309968 0.04355400696864112
1 0.7100389863547758 0.1759581881533101 0.020467836257309968 0.045296167247386776
1 0.7348927875243665 0.18554006968641115 0.021442495126705596 0.047038327526132406
1 0.7358674463937622 0.23170731707317072 0.01949317738791423 0.05574912891986061
1 0.7538986354775828 0.12717770034843207 0.014619883040935644 0.0348432055749129
1 0.7592592592592593 0.16202090592334495 0.015594541910331383 0.04181184668989546
1 0.769980506822612 0.1367595818815331 0.011695906432748537 0.029616724738675965
1 0.7836257309941521 0.14198606271777003 0.013645224171540016 0.03658536585365853
1 0.7977582846003899 0.15418118466898956 0.016569200779727122 0.04006968641114983
1 0.7923976608187134 0.20993031358885017 0.01754385964912286 0.050522648083623695
1 0.7719298245614035 0.19686411149825783 0.015594541910331383 0.03484320557491288
1 0.8187134502923976 0.28222996515679444 0.025341130604288442 0.05574912891986061
1 0.8055555555555556 0.2691637630662021 0.016569200779727122 0.04355400696864112
1 0.8162768031189084 0.36062717770034847 0.034113060428849984 0.07317073170731708
1 0.8918128654970761 0.4433797909407665 0.03508771929824561 0.07142857142857145
1 0.8957115009746588 0.38501742160278746 0.02729044834307992 0.059233449477351874
1 0.8552631578947368 0.30487804878048785 0.02826510721247555 0.05923344947735193
1 0.8635477582846004 0.28484320557491294 0.021442495126705596 0.047038327526132406
1 0.8567251461988303 0.22996515679442509 0.01949317738791423 0.0383275261324042
1 0.8874269005847953 0.23780487804878048 0.016569200779727122 0.050522648083623695
1 0.8961988304093567 0.23170731707317072 0.01656920077972701 0.04181184668989546
1 0.9127680311890838 0.26480836236933797 0.022417153996101336 0.048780487804878064
1 0.9298245614035088 0.29006968641114983 0.01949317738791423 0.047038327526132406
1 0.9293372319688109 0.2421602787456446 0.0185185185185186 0.04529616724738675
1 0.9122807017543859 0.1803135888501742 0.013645224171540016 0.03310104529616725
1 0.9181286549707601 0.16463414634146342 0.011695906432748537 0.026132404181184676
1 0.9376218323586745 0.1750871080139373 0.013645224171539905 0.03310104529616725
1 0.939571150097466 0.21951219512195122 0.013645224171540016 0.03135888501742162
1 0.8942495126705653 0.19337979094076657 0.014619883040935644 0.03832752613240417
1 0.8703703703703703 0.19250871080139373 0.013645224171539905 0.036585365853658514
1 0.8801169590643275 0.16289198606271776 0.015594541910331383 0.04006968641114983
1 0.8552631578947368 0.19686411149825783 0.0185185185185186 0.03484320557491288
1 0.8206627680311891 0.20818815331010454 0.01754385964912286 0.047038327526132406
1 0.8284600389863548 0.17857142857142858 0.015594541910331383 0.03310104529616725
1 0.8464912280701755 0.15853658536585366 0.012670565302144277 0.03135888501742162
