1 0.03822815533980582 0.36808510638297876 0.025485436893203883 0.05531914893617024
1 0.05703883495145631 0.3734042553191489 0.026699029126213587 0.0702127659574468
1 0.07281553398058252 0.30425531914893617 0.01699029126213593 0.051063829787234005
1 0.43143203883495146 0.2531914893617021 0.027912621359223344 0.05531914893617024
1 0.3859223300970874 0.20638297872340425 0.01941747572815533 0.02978723404255318
1 0.4557038834951457 0.225531914893617 0.023058252427184456 0.03829787234042553
1 0.4817961165048544 0.18085106382978722 0.021844660194174748 0.05106382978723403
1 0.5018203883495146 0.21063829787234042 0.02063106796116504 0.03829787234042553
1 0.5327669902912622 0.2680851063829787 0.03155339805825241 0.07659574468085106
1 0.591626213592233 0.24893617021276596 0.025485436893203817 0.05106382978723406
1 0.6929611650485437 0.1829787234042553 0.01941747572815533 0.03829787234042553
1 0.5716019417475728 0.1372340425531915 0.016990291262135915 0.03191489361702128
