1 0.2355577689243028 0.4113475177304965 0.06274900398406372 0.13475177304964542
1 0.3710159362549801 0.4654255319148936 0.07071713147410363 0.1365248226950354
1 0.2455179282868526 0.16489361702127658 0.02290836653386455 0.04255319148936168
1 0.40587649402390436 0.19946808510638298 0.022908366533864577 0.044326241134751754
1 0.43376494023904383 0.19946808510638298 0.018924302788844605 0.040780141843971635
1 0.44173306772908366 0.25620567375886527 0.020916334661354563 0.04787234042553193
1 0.46464143426294824 0.22163120567375888 0.022908366533864577 0.04609929078014183
1 0.48854581673306774 0.20833333333333331 0.02290836653386452 0.04432624113475178
1 0.5622509960159363 0.18351063829787234 0.02689243027888455 0.05851063829787234
1 0.6394422310756972 0.22695035460992907 0.02589641434262946 0.05673758865248224
1 0.5911354581673307 0.10283687943262412 0.014940239043824688 0.03191489361702128
1 0.6110557768924303 0.09397163120567376 0.014940239043824688 0.028368794326241134
1 0.6344621513944223 0.11524822695035461 0.015936254980079667 0.03191489361702127
1 0.6603585657370518 0.10904255319148937 0.01195219123505975 0.030141843971631208
