1 0.06727574750830564 0.3626760563380282 0.11461794019933555 0.1619718309859155
1 0.11461794019933555 0.2793427230046948 0.05315614617940201 0.07981220657276997
1 0.08803986710963455 0.25469483568075113 0.05647840531561461 0.07276995305164319
1 0.23172757475083056 0.26291079812206575 0.05149501661129571 0.06103286384976528
1 0.25249169435215946 0.2359154929577465 0.03654485049833886 0.05868544600938966
1 0.31893687707641194 0.15845070422535212 0.07308970099667772 0.10093896713615022
1 0.3538205980066445 0.22535211267605632 0.029900332225913595 0.05633802816901409
1 0.3795681063122923 0.255868544600939 0.03820598006644521 0.06103286384976528
1 0.39285714285714285 0.318075117370892 0.06146179401993357 0.10563380281690143
1 0.3504983388704319 0.5105633802816901 0.14950166112956814 0.23708920187793425
1 0.5348837209302326 0.8215962441314554 0.24916943521594687 0.2582159624413145
1 0.6694352159468439 0.3955399061032864 0.07641196013289031 0.12910798122065725
1 0.5764119601328903 0.32629107981220656 0.06312292358803984 0.07511737089201875
1 0.5963455149501661 0.27464788732394363 0.039867109634551534 0.06572769953051644
1 0.563953488372093 0.2523474178403756 0.04152823920265791 0.07276995305164319
1 0.4958471760797343 0.29577464788732394 0.05481727574750833 0.08450704225352113
1 0.4867109634551495 0.24530516431924881 0.03654485049833883 0.07276995305164322
1 0.4476744186046512 0.26173708920187794 0.04485049833887045 0.07276995305164316
1 0.7043189368770764 0.10093896713615022 0.03654485049833889 0.06572769953051642
1 0.7383720930232558 0.27699530516431925 0.05149501661129574 0.08450704225352113
1 0.8604651162790697 0.34507042253521125 0.07641196013289031 0.1408450704225352
