1 0.3179587831207066 0.23421926910299 0.01570166830225711 0.033222591362126214
1 0.35132482826300293 0.21926910299003322 0.02158979391560356 0.039867109634551506
1 0.3562315996074583 0.2616279069767442 0.02551521099116777 0.04485049833887039
1 0.415603532875368 0.2724252491694352 0.02453385672227676 0.04983388704318936
1 0.40775269872423947 0.20681063122923588 0.018645731108930363 0.034883720930232565
1 0.44798822374877334 0.2549833887043189 0.02453385672227676 0.03820598006644521
1 0.47939156035328756 0.16279069767441862 0.016683022571148176 0.029900332225913623
1 0.49362119725220804 0.21013289036544852 0.01962708537782143 0.03820598006644518
1 0.534838076545633 0.20681063122923588 0.017664376840039298 0.03820598006644518
1 0.5289499509322866 0.1553156146179402 0.02158979391560356 0.034883720930232565
1 0.5677134445534838 0.14867109634551495 0.018645731108930308 0.034883720930232565
1 0.5731108930323847 0.18355481727574752 0.017664376840039298 0.03820598006644518
1 0.598135426889107 0.16528239202657807 0.024533856722276703 0.04485049833887045
1 0.5745829244357212 0.29485049833887045 0.03042198233562321 0.05481727574750833
1 0.6167811579980373 0.25913621262458475 0.024533856722276703 0.06312292358803989
1 0.6678115799803729 0.31727574750830567 0.03238469087340534 0.06976744186046507
1 0.6633954857703631 0.2632890365448505 0.025515210991167825 0.04817275747508304
1 0.662414131501472 0.22591362126245845 0.02158979391560356 0.039867109634551506
1 0.6736997055937193 0.17691029900332225 0.01864573110893042 0.034883720930232565
1 0.7154072620215899 0.23172757475083056 0.023552502453385693 0.04817275747508307
1 0.7365063788027477 0.2591362126245847 0.026496565260058946 0.05315614617940198
1 0.7718351324828263 0.23588039867109634 0.026496565260058835 0.05315614617940198
1 0.7409224730127576 0.1719269102990033 0.01962708537782132 0.03820598006644518
1 0.7684003925417076 0.1760797342192691 0.02158979391560356 0.039867109634551506
1 0.7757605495583906 0.13372093023255816 0.02060843964671255 0.0282392026578073
1 0.7899901864573111 0.2026578073089701 0.02158979391560356 0.043189368770764125
1 0.8159960745829244 0.28488372093023256 0.0304219823356231 0.054817275747508276
1 0.8287536800785084 0.24501661129568106 0.024533856722276814 0.04817275747508304
1 0.8400392541707556 0.22757475083056478 0.025515210991167825 0.039867109634551506
1 0.822865554465162 0.18355481727574752 0.018645731108930308 0.034883720930232565
1 0.8189401373895977 0.15033222591362128 0.012757605495583912 0.02491694352159471
1 0.8660451422963691 0.19102990033222592 0.02060843964671244 0.03986710963455148
1 0.8876349362119725 0.24916943521594687 0.02257114818449457 0.04983388704318939
1 0.8959764474975467 0.22840531561461797 0.02158979391560345 0.03820598006644518
1 0.8915603532875368 0.20016611295681064 0.014720314033366044 0.031561461794019946
1 0.8954857703631012 0.13372093023255816 0.016683022571148176 0.03820598006644518
1 0.9568204121687929 0.11129568106312293 0.015701668302257166 0.033222591362126255
