1 0.1461794019933555 0.2916073968705548 0.01661129568106315 0.042674253200569
1 0.1868770764119601 0.27453769559032715 0.029900332225913623 0.05689900426742531
1 0.24875415282392027 0.232574679943101 0.022425249169435224 0.03556187766714081
1 0.2728405315614618 0.22190611664295873 0.024086378737541547 0.04836415362731153
1 0.29568106312292364 0.22546230440967283 0.026578073089701004 0.04978662873399714
1 0.31478405315614616 0.21906116642958748 0.02491694352159468 0.05120910384068278
1 0.33139534883720934 0.20839260312944524 0.01328903654485053 0.035561877667140834
1 0.40074750830564787 0.1941678520625889 0.025747508305647815 0.04978662873399714
1 0.32392026578073085 0.31152204836415365 0.043189368770764125 0.08819345661450922
1 0.4206810631229236 0.22190611664295873 0.030730897009966784 0.06258890469416786
1 0.4941860465116279 0.2496443812233286 0.034883720930232565 0.0640113798008535
1 0.5224252491694352 0.2681365576102418 0.039867109634551534 0.069701280227596
1 0.5901162790697674 0.28449502133712656 0.03737541528239208 0.06827880512091039
