1 0.04765625 0.8041666666666667 0.051562500000000004 0.07499999999999996
1 0.12109375 0.7197916666666666 0.05156250000000001 0.07291666666666663
1 0.15390625000000002 0.6677083333333333 0.045312500000000006 0.05208333333333326
1 0.21015625 0.6291666666666667 0.04218750000000002 0.0708333333333333
1 0.11875 0.8770833333333333 0.109375 0.1416666666666666
1 0.215625 0.7729166666666667 0.056249999999999994 0.0708333333333333
1 0.27812499999999996 0.7072916666666667 0.04375000000000001 0.06458333333333333
1 0.27421875 0.6552083333333334 0.04531249999999998 0.060416666666666674
1 0.290625 0.6260416666666666 0.04062499999999997 0.05625000000000002
1 0.4203125 0.4854166666666666 0.03437499999999999 0.04999999999999999
1 0.35390625 0.7885416666666667 0.06093750000000003 0.0854166666666667
1 0.503125 0.7635416666666667 0.06250000000000006 0.08125000000000004
1 0.4671875 0.6583333333333333 0.03750000000000003 0.054166666666666696
1 0.45859375 0.6208333333333333 0.03593750000000001 0.050000000000000044
1 0.5453125 0.7125 0.046875 0.0708333333333333
1 0.578125 0.6572916666666666 0.043749999999999956 0.05625000000000002
1 0.56484375 0.621875 0.035937499999999956 0.04791666666666672
1 0.63671875 0.771875 0.0546875 0.08125000000000004
1 0.68828125 0.69375 0.04531249999999998 0.07499999999999996
1 0.67890625 0.6270833333333333 0.0390625 0.05833333333333335
1 0.7125 0.6416666666666667 0.043749999999999956 0.0625
1 0.74609375 0.7802083333333334 0.057812500000000044 0.08958333333333324
1 0.825 0.621875 0.046875 0.05625000000000002
1 0.878125 0.7760416666666667 0.05312499999999998 0.07708333333333328
1 0.93671875 0.8791666666666667 0.11406250000000007 0.1416666666666666
1 0.97578125 0.7677083333333333 0.04843750000000002 0.09791666666666665
1 0.97265625 0.6885416666666666 0.04843749999999991 0.06874999999999998
1 0.934375 0.671875 0.04062500000000002 0.06041666666666656
1 0.92109375 0.6208333333333333 0.0390625 0.05833333333333335
