1 0.578125 0.24537037037037035 0.029166666666666563 0.06111111111111109
1 0.2890625 0.31666666666666665 0.03645833333333337 0.06296296296296294
1 0.228125 0.3685185185185185 0.04375000000000001 0.08148148148148149
1 0.16145833333333331 0.3814814814814815 0.05000000000000002 0.09259259259259256
1 0.20729166666666665 0.325 0.04374999999999998 0.07592592592592595
1 0.10260416666666666 0.30000000000000004 0.030208333333333337 0.05185185185185187
1 0.06927083333333334 0.32685185185185184 0.03854166666666667 0.07222222222222224
1 0.024999999999999998 0.3324074074074074 0.04375 0.06851851851851848
1 0.6776041666666667 0.32592592592592595 0.023958333333333304 0.05185185185185187
1 0.7005208333333333 0.3416666666666667 0.04062500000000002 0.0796296296296296
1 0.7541666666666667 0.37962962962962965 0.054166666666666696 0.11481481481481481
1 0.815625 0.4 0.06458333333333333 0.13333333333333336
1 0.8166666666666667 0.3037037037037037 0.022916666666666696 0.04814814814814816
1 0.8317708333333333 0.32037037037037036 0.021874999999999978 0.051851851851851816
1 0.8609375 0.31574074074074077 0.023958333333333304 0.04999999999999999
1 0.8932291666666667 0.3231481481481482 0.04062500000000002 0.07962962962962966
1 0.9401041666666666 0.3435185185185185 0.046875 0.08703703703703702
