1 0.9514028056112225 0.23380035026269702 0.01503006012024044 0.04028021015761821
1 0.6818637274549098 0.17075306479859895 0.015030060120240551 0.040280210157618235
1 0.6893787575150301 0.22504378283712784 0.02004008016032066 0.04028021015761821
1 0.6347695390781563 0.22066549912434325 0.02104208416833664 0.045534150612959706
1 0.6347695390781563 0.26357267950963226 0.02505010020040077 0.05078809106830123
1 0.5731462925851704 0.16199649737302976 0.01603206412825653 0.033274956217162865
1 0.5721442885771544 0.19176882661996497 0.018036072144288595 0.03677758318739055
1 0.4183366733466934 0.22679509632224168 0.019038076152304573 0.040280210157618235
1 0.4619238476953908 0.22241681260945712 0.01603206412825653 0.03502626970227671
1 0.3201402805611222 0.1523642732049037 0.017034068136272562 0.03502626970227671
1 0.1933867735470942 0.23467600700525393 0.02004008016032066 0.04203152364273208
1 0.10821643286573146 0.2469352014010508 0.016032064128256515 0.03852889667250439
