1 0.04833333333333333 0.2125 0.09333333333333334 0.18
1 0.09 0.0425 0.07 0.08
1 0.3258333333333333 0.21999999999999997 0.09833333333333333 0.15
1 0.39166666666666666 0.41625 0.18666666666666665 0.29749999999999993
1 0.5058333333333334 0.23125 0.09833333333333338 0.1475
1 0.38083333333333336 0.15125 0.05833333333333329 0.09750000000000002
1 0.3375 0.08499999999999999 0.051666666666666694 0.075
1 0.435 0.1475 0.040000000000000036 0.075
1 0.5433333333333333 0.17625000000000002 0.05333333333333323 0.10750000000000001
1 0.7516666666666667 0.26125 0.07333333333333336 0.1275
1 0.8891666666666667 0.38125 0.14833333333333343 0.2475
1 0.8766666666666667 0.19874999999999998 0.04999999999999993 0.07249999999999998
1 0.8558333333333333 0.13 0.05166666666666675 0.08000000000000002
1 0.8225 0.09 0.02833333333333332 0.05
1 0.8325 0.03875000000000001 0.02833333333333332 0.052500000000000005
1 0.8958333333333333 0.02875 0.025000000000000022 0.0475
1 0.9475 0.14875 0.03833333333333333 0.06749999999999999
1 0.975 0.35 0.050000000000000044 0.15499999999999997
