1 0.1538821328344247 0.356312292358804 0.04957904583723105 0.08471760797342193
1 0.26005612722170257 0.2807308970099668 0.0168381665107577 0.03654485049833889
1 0.2951356407857811 0.2632890365448505 0.021515434985968196 0.03820598006644521
1 0.3147801683816651 0.24750830564784054 0.01777362020579981 0.0431893687707641
1 0.34565014031805424 0.21262458471760798 0.019644527595883976 0.03654485049833889
1 0.3302151543498597 0.24335548172757474 0.01870907390084192 0.03156146179401992
1 0.3620205799812909 0.2441860465116279 0.01870907390084192 0.04318936877076415
1 0.3783910196445276 0.22674418604651164 0.01777362020579981 0.03488372093023254
1 0.38493919550982225 0.19767441860465118 0.015902712815715647 0.03654485049833886
1 0.411599625818522 0.16777408637873753 0.013096351730589317 0.03322259136212624
1 0.43264733395696914 0.22093023255813954 0.019644527595883976 0.03986710963455148
1 0.4560336763330215 0.22757475083056478 0.01964452759588403 0.03654485049833886
1 0.4766136576239476 0.24916943521594684 0.02338634237605236 0.043189368770764125
1 0.42516370439663237 0.18355481727574752 0.019644527595883976 0.0282392026578073
1 0.4462114125350795 0.19019933554817275 0.018709073900841866 0.0415282392026578
1 0.4527595884003742 0.1744186046511628 0.01870907390084192 0.03654485049833889
1 0.4667913938260056 0.1553156146179402 0.014967259120673537 0.0282392026578073
1 0.47801683816651075 0.17358803986710963 0.022450888681010306 0.03156146179401992
1 0.48316183348924224 0.2059800664451827 0.01964452759588403 0.03322259136212624
1 0.5173058933582788 0.20348837209302326 0.022450888681010306 0.04485049833887045
1 0.5112254443405051 0.16777408637873753 0.019644527595883976 0.03322259136212624
1 0.48503274087932646 0.1303986710963455 0.014031805425631427 0.02491694352159468
1 0.5205799812909261 0.1303986710963455 0.012160898035547207 0.028239202657807314
1 0.5332086061739943 0.13538205980066445 0.014967259120673537 0.03156146179401992
1 0.5477081384471469 0.14950166112956811 0.017773620205799756 0.043189368770764125
1 0.5743685687558466 0.1727574750830565 0.018709073900841866 0.039867109634551506
1 0.5603367633302152 0.11129568106312293 0.014967259120673537 0.02990033222591361
1 0.5701590271281571 0.12790697674418605 0.012160898035547207 0.023255813953488372
1 0.5841908325537886 0.1345514950166113 0.012160898035547207 0.02657807308970099
1 0.5949485500467727 0.11960132890365449 0.013096351730589317 0.023255813953488372
1 0.6192703461178671 0.14119601328903655 0.016838166510757757 0.033222591362126255
1 0.6342376052385407 0.12043189368770764 0.016838166510757757 0.0282392026578073
1 0.6197380729653882 0.057308970099667775 0.014031805425631427 0.028239202657807307
1 0.64733395696913 0.0946843853820598 0.013096351730589317 0.029900332225913623
1 0.6347053320860617 0.09800664451827243 0.012160898035547207 0.019933554817275753
1 0.6711880261927035 0.11627906976744186 0.015902712815715647 0.029900332225913623
1 0.5163704396632367 0.27657807308970095 0.024321796071094526 0.051495016611295685
1 0.5341440598690365 0.345514950166113 0.029934518241347075 0.0564784053156146
1 0.5930776426566885 0.3521594684385382 0.029934518241347075 0.07308970099667772
1 0.568755846585594 0.24584717607973422 0.020579981290926086 0.046511627906976744
1 0.6066417212347989 0.2724252491694352 0.023386342376052305 0.04983388704318936
1 0.6351730589335829 0.2084717607973422 0.022450888681010306 0.051495016611295685
1 0.6637043966323668 0.2101328903654485 0.021515434985968196 0.051495016611295685
1 0.6688493919550982 0.17524916943521596 0.014967259120673537 0.034883720930232565
1 0.6945743685687558 0.1818936877076412 0.019644527595883976 0.0415282392026578
1 0.6880261927034612 0.223421926910299 0.025257249766136636 0.04485049833887042
1 0.656688493919551 0.29485049833887045 0.028063610851262855 0.05813953488372092
1 0.675397567820393 0.3430232558139535 0.029934518241346963 0.06146179401993357
1 0.7390084190832554 0.29401993355481726 0.028063610851262855 0.06976744186046513
1 0.7577174929840973 0.2558139534883721 0.029934518241347075 0.0564784053156146
1 0.7904583723105707 0.3181063122923588 0.026192703461178746 0.06478405315614622
1 0.8091674462114126 0.25830564784053156 0.026192703461178635 0.054817275747508276
1 0.7427502338634238 0.196843853820598 0.020579981290926197 0.04817275747508307
1 0.7100093545369504 0.15448504983388706 0.020579981290926086 0.046511627906976744
1 0.7231057062675398 0.14202657807308972 0.016838166510757757 0.041528239202657816
1 0.7188961646398503 0.07890365448504982 0.014031805425631427 0.03156146179401993
1 0.7385406922357344 0.12292358803986711 0.014031805425631427 0.02990033222591361
1 0.7507015902712816 0.14119601328903655 0.017773620205799867 0.033222591362126255
1 0.764733395696913 0.12790697674418605 0.017773620205799867 0.043189368770764125
1 0.7829747427502338 0.12043189368770763 0.013096351730589317 0.03488372093023255
1 0.7946679139382601 0.1420265780730897 0.017773620205799867 0.03488372093023255
1 0.8058933582787652 0.13538205980066445 0.015902712815715647 0.03156146179401992
1 0.7899906454630496 0.18604651162790697 0.019644527595883976 0.03654485049833889
1 0.7539756782039289 0.17691029900332228 0.020579981290926086 0.03820598006644518
1 0.872310570626754 0.2425249169435216 0.017773620205799867 0.043189368770764125
1 0.9144059869036483 0.2707641196013289 0.023386342376052305 0.05647840531561463
1 0.8264733395696913 0.15614617940199335 0.014031805425631427 0.03322259136212624
1 0.8447146866230122 0.15780730897009965 0.016838166510757757 0.03654485049833886
1 0.8391019644527595 0.13205980066445183 0.013096351730589428 0.02491694352159468
1 0.862020579981291 0.143687707641196 0.017773620205799756 0.044850498338870434
1 0.8928905519176801 0.1669435215946844 0.017773620205799867 0.03488372093023254
1 0.9270346117867165 0.1926910299003322 0.014967259120673537 0.03322259136212627
1 0.9289055191768008 0.15448504983388706 0.014967259120673537 0.03654485049833886
1 0.8928905519176801 0.13870431893687707 0.012160898035547207 0.02491694352159468
