1 0.10874999999999999 0.2951127819548872 0.0725 0.10902255639097747
1 0.2875 0.3308270676691729 0.08500000000000002 0.10526315789473684
1 0.3125 0.2443609022556391 0.05500000000000005 0.09022556390977446
1 0.365 0.21052631578947367 0.030000000000000027 0.06015037593984962
1 0.40625 0.14097744360902253 0.02749999999999997 0.041353383458646614
1 0.4825 0.3026315789473684 0.06999999999999995 0.11654135338345864
1 0.60625 0.33458646616541354 0.08750000000000002 0.14285714285714285
1 0.56 0.18796992481203006 0.039999999999999925 0.06015037593984962
1 0.75375 0.2443609022556391 0.05249999999999999 0.09022556390977446
1 0.86375 0.35526315789473684 0.09750000000000003 0.16917293233082709
1 0.9299999999999999 0.5864661654135338 0.14 0.2706766917293233
