1 0.09114315139031925 0.2486238532110092 0.015447991761071062 0.04220183486238532
1 0.11483007209062822 0.24495412844036699 0.013388259526261576 0.027522935779816515
1 0.1678681771369722 0.25779816513761467 0.022657054582904235 0.045871559633027525
1 0.21627188465499486 0.22752293577981653 0.02059732234809475 0.044036697247706424
1 0.2796086508753862 0.20733944954128442 0.017507723995880575 0.03669724770642202
1 0.2615859938208033 0.3880733944954129 0.039134912461379984 0.09357798165137615
1 0.34757981462409887 0.23761467889908258 0.03604531410916578 0.06422018348623854
1 0.4031925849639547 0.10458715596330276 0.013388259526261603 0.029357798165137616
1 0.4351184346035015 0.0963302752293578 0.007209062821833145 0.02018348623853211
1 0.44644696189495364 0.1724770642201835 0.015447991761071034 0.03302752293577982
1 0.4629248197734295 0.17522935779816515 0.023686920700308922 0.060550458715596334
1 0.5102986611740474 0.0908256880733945 0.011328527291452173 0.03486238532110092
1 0.5211122554067971 0.07155963302752294 0.008238928939237833 0.022018348623853212
1 0.5499485066941298 0.07064220183486239 0.01029866117404743 0.023853211009174313
1 0.5762100926879505 0.08440366972477065 0.011328527291452062 0.025688073394495414
1 0.5875386199794026 0.07155963302752294 0.009268795056642687 0.022018348623853212
1 0.6483007209062822 0.06880733944954129 0.011328527291452062 0.023853211009174313
1 0.625643666323378 0.2036697247706422 0.025746652935118464 0.044036697247706424
1 0.6627188465499485 0.16055045871559634 0.019567456230690006 0.045871559633027525
1 0.6874356333676622 0.15045871559633028 0.02162718846549949 0.05137614678899083
1 0.6894953656024716 0.08073394495412844 0.011328527291452173 0.022018348623853212
1 0.768280123583934 0.14311926605504588 0.018537590113285263 0.04036697247706422
1 0.7868177136972194 0.12477064220183487 0.012358393408856805 0.03669724770642202
1 0.8084449021627189 0.0963302752293578 0.012358393408856805 0.027522935779816515
1 0.8465499485066941 0.15137614678899083 0.01441812564366629 0.04220183486238532
1 0.8697219361483007 0.14954128440366973 0.013388259526261548 0.03853211009174312
1 0.9073120494335736 0.18256880733944955 0.012358393408856805 0.031192660550458717
1 0.9057672502574665 0.21284403669724772 0.019567456230690006 0.044036697247706424
1 0.9320288362512874 0.16972477064220184 0.010298661174047319 0.027522935779816515
1 0.9376930998970134 0.18440366972477065 0.011328527291452173 0.03486238532110092
1 0.7100926879505665 0.0926605504587156 0.011328527291452173 0.027522935779816515
1 0.7348094747682801 0.07339449541284404 0.011328527291452173 0.029357798165137616
1 0.6446961894953656 0.0779816513761468 0.010298661174047319 0.02018348623853211
1 0.6112255406797116 0.10366972477064221 0.009268795056642687 0.02018348623853211
