1 0.9353813559322034 0.7892857142857143 0.10805084745762716 0.19285714285714284
1 0.7860169491525424 0.6857142857142857 0.06355932203389836 0.12857142857142856
1 0.708686440677966 0.7821428571428571 0.09957627118644063 0.16428571428571437
1 0.548728813559322 0.8446428571428571 0.1483050847457627 0.24642857142857144
1 0.4099576271186441 0.6499999999999999 0.048728813559322015 0.08571428571428574
1 0.30932203389830504 0.6767857142857143 0.06779661016949151 0.11071428571428565
1 0.2129237288135593 0.6589285714285715 0.044491525423728834 0.0892857142857143
1 0.1504237288135593 0.6964285714285714 0.07627118644067796 0.13571428571428568
1 0.0858050847457627 0.6714285714285715 0.04872881355932203 0.09285714285714286
1 0.04978813559322034 0.6089285714285715 0.036016949152542374 0.06071428571428561
1 0.02754237288135593 0.5767857142857142 0.03389830508474576 0.05357142857142849
1 0.023305084745762712 0.6267857142857143 0.0423728813559322 0.08214285714285707
1 0.09745762711864407 0.5732142857142857 0.029661016949152547 0.0535714285714286
1 0.1663135593220339 0.5785714285714285 0.027542372881355914 0.05714285714285705
1 0.2245762711864407 0.5946428571428571 0.029661016949152547 0.046428571428571486
1 0.2616525423728814 0.6 0.03177966101694912 0.05714285714285716
1 0.361228813559322 0.6178571428571429 0.03601694915254239 0.05714285714285716
1 0.451271186440678 0.5839285714285715 0.03389830508474573 0.0535714285714286
1 0.5021186440677966 0.6357142857142857 0.046610169491525466 0.0714285714285714
1 0.5021186440677966 0.5803571428571429 0.03389830508474573 0.06071428571428572
1 0.5709745762711864 0.6196428571428572 0.048728813559322015 0.08214285714285707
1 0.5466101694915254 0.5785714285714285 0.025423728813559254 0.04999999999999993
1 0.2966101694915254 0.5714285714285714 0.0211864406779661 0.042857142857142816
1 0.6430084745762712 0.6017857142857143 0.02330508474576276 0.0535714285714286
1 0.6218220338983051 0.5714285714285714 0.02754237288135586 0.050000000000000044
1 0.652542372881356 0.55 0.016949152542372947 0.0357142857142857
1 0.676906779661017 0.5767857142857142 0.03177966101694918 0.05357142857142849
1 0.7044491525423728 0.5892857142857143 0.02330508474576265 0.04285714285714293
1 0.7044491525423728 0.5517857142857143 0.01906779661016944 0.03214285714285714
1 0.7404661016949152 0.5732142857142857 0.02330508474576276 0.03928571428571426
1 0.8135593220338984 0.6339285714285714 0.04661016949152541 0.09642857142857142
1 0.8495762711864407 0.6142857142857143 0.03813559322033899 0.07857142857142863
1 0.878177966101695 0.6017857142857143 0.03601694915254239 0.07499999999999996
1 0.8591101694915254 0.5589285714285714 0.02330508474576276 0.0535714285714286
1 0.8050847457627119 0.5517857142857143 0.025423728813559365 0.046428571428571375
1 0.9745762711864407 0.6178571428571429 0.04661016949152541 0.08571428571428574
