1 0.2576601671309192 0.2161290322580645 0.015784586815227514 0.03870967741935483
1 0.2943361188486537 0.2 0.01857010213556176 0.04516129032258065
1 0.28551532033426186 0.2564516129032258 0.030640668523676917 0.05806451612903224
1 0.3161559888579387 0.21048387096774193 0.01949860724233987 0.04032258064516131
1 0.34586815227483747 0.21048387096774193 0.028783658310120697 0.0532258064516129
1 0.38347260909935005 0.2096774193548387 0.024141132776230312 0.038709677419354854
1 0.3978644382544104 0.16693548387096774 0.025069637883008367 0.04677419354838708
1 0.4563602599814299 0.19112903225806452 0.025069637883008367 0.0532258064516129
1 0.5496750232126277 0.20241935483870968 0.024141132776230312 0.0532258064516129
1 0.6114206128133706 0.24274193548387096 0.02692664809656453 0.05645161290322584
1 0.5167130919220055 0.2830645161290323 0.03621169916434541 0.06935483870967743
