1 0.0795339412360689 0.48390342052313884 0.06990881458966566 0.1348088531187122
1 0.25329280648429586 0.40342052313883303 0.030395136778115506 0.058350100603621724
1 0.28976697061803447 0.4134808853118712 0.04052684903748732 0.09054325955734405
1 0.41691995947315097 0.44969818913480886 0.045592705167173286 0.11066398390342053
1 0.4685916919959473 0.4074446680080483 0.03343465045592703 0.0663983903420523
1 0.5521783181357649 0.3993963782696177 0.03647416413373861 0.08249496981891347
1 0.5324214792299898 0.39235412474849096 0.019250253292806496 0.056338028169014065
1 0.6160081053698074 0.3008048289738431 0.02634245187436679 0.06639839034205236
1 0.5141843971631206 0.5875251509054326 0.09422492401215804 0.2173038229376258
1 0.745694022289767 0.45472837022132795 0.05673758865248224 0.12474849094567397
1 0.6854103343465046 0.4185110663983903 0.033434650455927084 0.07243460764587523
1 0.7335359675785207 0.3722334004024145 0.02634245187436679 0.06036217303822938
1 0.9670719351570416 0.39738430583501005 0.045592705167173286 0.09859154929577463
