1 0.16265560165975104 0.4617563739376771 0.04813278008298755 0.09348441926345613
1 0.23692946058091285 0.334985835694051 0.019087136929460596 0.03541076487252126
1 0.2676348547717842 0.3449008498583569 0.0240663900414938 0.04957507082152973
1 0.2950207468879668 0.36189801699716717 0.0240663900414938 0.043909348441926344
1 0.2950207468879668 0.2981586402266289 0.020746887966805017 0.04107648725212465
1 0.34190871369294606 0.3661473087818697 0.02655601659751039 0.04674220963172804
1 0.3817427385892116 0.32223796033994334 0.018257261410788372 0.043909348441926344
1 0.3925311203319502 0.33852691218130315 0.01991701244813282 0.033994334277620386
1 0.3630705394190872 0.29107648725212465 0.015767634854771784 0.03541076487252126
1 0.41493775933609955 0.33640226628895187 0.021576763485477157 0.038243626062322955
1 0.41867219917012444 0.2953257790368272 0.017427385892116176 0.029745042492917817
1 0.4095435684647303 0.2776203966005666 0.017427385892116176 0.028328611898016998
1 0.404149377593361 0.2528328611898017 0.014937759336099588 0.026912181303116123
1 0.45103734439834026 0.3038243626062323 0.0240663900414938 0.03257790368271951
1 0.45560165975103734 0.3378186968838527 0.021576763485477213 0.04674220963172804
1 0.4788381742738589 0.3024079320113314 0.018257261410788372 0.03541076487252126
1 0.43734439834024896 0.2762039660056657 0.016597510373444035 0.031161473087818692
1 0.46431535269709545 0.24504249291784702 0.01908713692946057 0.033994334277620414
1 0.4767634854771784 0.26487252124645894 0.017427385892116176 0.03116147308781872
1 0.4763485477178423 0.2358356940509915 0.01659751037344398 0.026912181303116123
1 0.5020746887966805 0.2592067988668555 0.016597510373443924 0.033994334277620386
1 0.5149377593360995 0.25424929178470257 0.014107883817427447 0.02691218130311615
1 0.5257261410788382 0.2740793201133145 0.01742738589211612 0.029745042492917817
1 0.5269709543568464 0.311614730878187 0.023236514522821605 0.04249291784702547
1 0.5535269709543569 0.26841359773371104 0.01991701244813282 0.03541076487252126
1 0.5443983402489627 0.2471671388101983 0.014937759336099643 0.03257790368271954
1 0.5282157676348548 0.2464589235127479 0.014107883817427336 0.02549575070821533
1 0.5601659751037344 0.22237960339943344 0.014937759336099532 0.028328611898016998
1 0.5721991701244813 0.2471671388101983 0.01576763485477184 0.029745042492917873
1 0.5780082987551867 0.2188385269121813 0.010788381742738662 0.024079320113314456
1 0.6103734439834025 0.25 0.01742738589211623 0.029745042492917873
1 0.6103734439834025 0.21813031161473087 0.014107883817427447 0.028328611898016998
1 0.6211618257261411 0.2018413597733711 0.012448132780082943 0.029745042492917845
1 0.6385892116182572 0.21671388101983002 0.014107883817427447 0.028328611898016998
1 0.6560165975103734 0.24787535410764872 0.014107883817427336 0.028328611898017025
1 0.666390041493776 0.21458923512747874 0.01327800829875525 0.029745042492917845
1 0.6825726141078838 0.22592067988668557 0.015767634854771728 0.03257790368271954
1 0.695850622406639 0.22521246458923513 0.014107883817427336 0.028328611898016998
1 0.508298755186722 0.3888101983002833 0.02904564315352698 0.058073654390934815
1 0.5526970954356847 0.40439093484419264 0.03153526970954357 0.060906515580736564
1 0.545643153526971 0.3668555240793201 0.025726141078838194 0.04815864022662891
1 0.6070539419087138 0.32577903682719545 0.0240663900414938 0.04532577903682716
1 0.653941908713693 0.3335694050991501 0.024896265560165887 0.05240793201133148
1 0.641908713692946 0.3038243626062323 0.0240663900414938 0.04107648725212465
1 0.6813278008298755 0.2705382436260623 0.023236514522821605 0.03682719546742208
1 0.7116182572614108 0.2584985835694051 0.015767634854771728 0.029745042492917845
1 0.7253112033195022 0.2847025495750708 0.01991701244813282 0.036827195467422136
1 0.7 0.34277620396600567 0.020746887966805017 0.05099150141643061
1 0.6742738589211619 0.3661473087818697 0.027385892116182586 0.052407932011331426
1 0.624896265560166 0.42492917847025496 0.036514522821576856 0.062322946175637384
1 0.5892116182572613 0.415014164305949 0.028215767634854783 0.053824362606232246
1 0.6713692946058092 0.45963172804532576 0.03485477178423235 0.07223796033994334
1 0.720746887966805 0.5028328611898017 0.045643153526971014 0.08498583569405099
1 0.7506224066390041 0.3951841359773371 0.03568464730290466 0.056657223796033995
1 0.8439834024896266 0.5077903682719547 0.03817427385892125 0.07507082152974509
1 0.7966804979253113 0.3980169971671388 0.029875518672199175 0.0538243626062323
1 0.8195020746887967 0.3668555240793201 0.020746887966805017 0.042492917847025524
1 0.8199170124481328 0.33640226628895187 0.018257261410788428 0.035410764872521205
1 0.829460580912863 0.3038243626062323 0.01742738589211623 0.03257790368271951
1 0.8186721991701245 0.278328611898017 0.019087136929460624 0.0382436260623229
1 0.7751037344398339 0.2804532577903683 0.01991701244813282 0.03682719546742208
1 0.7593360995850622 0.26912181303116145 0.01327800829875525 0.031161473087818692
1 0.7510373443983402 0.2535410764872521 0.011618257261410747 0.02266288951841361
1 0.7526970954356846 0.22237960339943344 0.014937759336099532 0.028328611898016998
1 0.783402489626556 0.2528328611898017 0.016597510373443924 0.03541076487252126
1 0.791286307053942 0.23441926345609065 0.01742738589211623 0.03824362606232293
1 0.8203319502074689 0.24504249291784702 0.014107883817427336 0.028328611898017025
1 0.8543568464730291 0.2556657223796034 0.014107883817427447 0.03541076487252123
1 0.8659751037344399 0.28541076487252126 0.014107883817427447 0.04107648725212465
1 0.8560165975103735 0.31303116147308785 0.019087136929460624 0.039660056657223774
1 0.870539419087137 0.25920679886685555 0.01327800829875514 0.03116147308781872
1 0.8850622406639004 0.2528328611898017 0.014107883817427447 0.03824362606232298
1 0.9095435684647303 0.28753541076487255 0.018257261410788317 0.039660056657223774
1 0.8838174273858921 0.3080736543909348 0.016597510373444035 0.038243626062322955
1 0.8912863070539419 0.34985835694050993 0.021576763485477213 0.04815864022662891
1 0.8692946058091287 0.40439093484419264 0.025726141078838194 0.060906515580736564
1 0.853941908713693 0.4525495750708215 0.029875518672199175 0.05807365439093487
1 0.9195020746887967 0.46246458923512745 0.03485477178423235 0.07223796033994334
1 0.9257261410788382 0.3944759206798867 0.025726141078838194 0.060906515580736564
1 0.937344398340249 0.3526912181303116 0.020746887966804906 0.03966005665722383
1 0.9352697095435685 0.32223796033994334 0.018257261410788317 0.03541076487252126
1 0.9435684647302904 0.31444759206798867 0.01991701244813282 0.028328611898016998
1 0.9489626556016597 0.2818696883852691 0.01576763485477184 0.031161473087818692
