1 0.15625 0.47 0.05499999999999999 0.07
1 0.229375 0.49250000000000005 0.053749999999999964 0.065
1 0.28 0.49749999999999994 0.05250000000000005 0.07833333333333331
1 0.3325 0.5008333333333334 0.04999999999999999 0.07500000000000001
1 0.35250000000000004 0.4508333333333333 0.03999999999999998 0.05499999999999999
1 0.26437499999999997 0.3716666666666667 0.04124999999999998 0.0566666666666667
1 0.45125 0.49166666666666664 0.0675 0.08999999999999997
1 0.433125 0.4541666666666667 0.04375000000000001 0.065
1 0.50625 0.4608333333333333 0.05750000000000005 0.07500000000000001
1 0.559375 0.5141666666666667 0.07124999999999992 0.10499999999999998
1 0.585 0.4575 0.05999999999999994 0.07833333333333331
1 0.62375 0.4441666666666667 0.030000000000000027 0.044999999999999984
1 0.651875 0.485 0.05125000000000002 0.08333333333333326
1 0.6937500000000001 0.46166666666666667 0.03500000000000003 0.05666666666666664
1 0.690625 0.4325 0.03375000000000006 0.04166666666666663
1 0.734375 0.49583333333333335 0.07374999999999998 0.10499999999999998
1 0.72875 0.4391666666666667 0.03499999999999992 0.044999999999999984
1 0.79375 0.45999999999999996 0.0625 0.10000000000000003
1 0.8475 0.4458333333333333 0.040000000000000036 0.05833333333333329
1 0.88 0.5183333333333333 0.07250000000000001 0.13000000000000006
1 0.89625 0.4425 0.040000000000000036 0.05499999999999999
1 0.8831249999999999 0.415 0.028749999999999942 0.043333333333333335
1 0.93875 0.4091666666666667 0.02749999999999997 0.05166666666666664
1 0.985625 0.4358333333333333 0.028750000000000053 0.05499999999999999
1 0.9325 0.4916666666666667 0.05249999999999999 0.08333333333333331
