1 0.11833333333333333 0.4748520710059172 0.06333333333333332 0.1035502958579882
1 0.02 0.46597633136094674 0.03666666666666667 0.13313609467455628
1 0.16249999999999998 0.4334319526627219 0.04166666666666666 0.07988165680473369
1 0.15250000000000002 0.3905325443786982 0.035 0.059171597633136064
1 0.20666666666666667 0.37426035502958577 0.03999999999999998 0.07988165680473375
1 0.24 0.613905325443787 0.09666666666666665 0.1449704142011834
1 0.30166666666666664 0.4156804733727811 0.05333333333333329 0.09171597633136097
1 0.3616666666666667 0.39201183431952663 0.03666666666666668 0.062130177514792884
1 0.37416666666666665 0.28402366863905326 0.031666666666666676 0.05325443786982248
1 0.5108333333333334 0.5044378698224852 0.08833333333333337 0.15680473372781062
1 0.4866666666666667 0.4378698224852071 0.04333333333333328 0.07100591715976329
1 0.6074999999999999 0.2366863905325444 0.03166666666666662 0.05917159763313612
1 0.6541666666666667 0.33579881656804733 0.04166666666666674 0.09171597633136097
1 0.6533333333333333 0.3698224852071006 0.033333333333333326 0.0650887573964497
1 0.6983333333333334 0.3550295857988166 0.036666666666666625 0.07100591715976329
1 0.7075 0.4171597633136095 0.04499999999999993 0.08875739644970415
1 0.7616666666666667 0.41124260355029585 0.056666666666666754 0.10059171597633138
1 0.8366666666666667 0.4319526627218935 0.06333333333333324 0.14201183431952663
