1 0.25875000000000004 0.5066666666666666 0.065 0.08999999999999997
1 0.51625 0.49583333333333335 0.06750000000000006 0.08833333333333337
1 0.796875 0.5 0.05875000000000008 0.10000000000000003
1 0.1175 0.7708333333333333 0.075 0.10166666666666668
1 0.1425 0.9183333333333333 0.12249999999999998 0.1499999999999999
1 0.243125 0.9266666666666667 0.14875 0.1466666666666666
1 0.203125 0.8291666666666666 0.08124999999999999 0.08500000000000008
1 0.30062500000000003 0.8116666666666666 0.08124999999999999 0.10333333333333328
1 0.38687499999999997 0.8366666666666667 0.08375000000000005 0.12
1 0.439375 0.9108333333333334 0.10875000000000001 0.16499999999999992
1 0.536875 0.8975 0.08624999999999994 0.15500000000000003
1 0.604375 0.9191666666666667 0.13375000000000004 0.15166666666666662
1 0.745625 0.9266666666666667 0.15125 0.1466666666666666
1 0.8187500000000001 0.8691666666666666 0.07750000000000001 0.10833333333333339
1 0.829375 0.8033333333333333 0.06874999999999998 0.09000000000000008
1 0.604375 0.8166666666666667 0.07374999999999998 0.1166666666666667
1 0.524375 0.825 0.09375000000000006 0.1133333333333334
1 0.640625 0.7608333333333333 0.07125000000000004 0.1216666666666667
1 0.8825000000000001 0.9375 0.0824999999999999 0.10833333333333339
1 0.955625 0.9233333333333333 0.08875 0.1399999999999999
1 0.9625 0.845 0.07250000000000001 0.1166666666666667
