1 0.1534839924670433 0.35323383084577115 0.037664783427495296 0.07628524046434493
1 0.2570621468926554 0.27860696517412936 0.015065913370998107 0.026533996683250405
1 0.2951977401129944 0.26119402985074625 0.019774011299435068 0.044776119402985065
1 0.3465160075329567 0.21061359867330015 0.020715630885122405 0.026533996683250433
1 0.3177966101694915 0.2429519071310116 0.019774011299435013 0.03482587064676615
1 0.3173258003766478 0.2893864013266998 0.018832391713747676 0.04145936981757875
1 0.3667608286252354 0.2512437810945274 0.02730696798493404 0.04809286898839141
1 0.37429378531073443 0.22139303482587064 0.019774011299435068 0.028192371475953576
1 0.3851224105461394 0.1956882255389718 0.020715630885122405 0.02985074626865672
1 0.4119585687382298 0.16998341625207297 0.0160075329566855 0.03150912106135986
1 0.4246704331450094 0.18656716417910446 0.024482109227871973 0.03814262023217249
1 0.4293785310734463 0.22139303482587064 0.020715630885122405 0.038142620232172464
1 0.4472693032015066 0.19154228855721395 0.026365348399246702 0.03814262023217249
1 0.4566854990583804 0.16998341625207297 0.02259887005649719 0.038142620232172464
1 0.4533898305084746 0.22470978441127695 0.02354048964218458 0.04477611940298509
1 0.4764595103578154 0.24958540630182421 0.024482109227871918 0.03482587064676618
1 0.4849340866290019 0.13266998341625208 0.013182674199623379 0.029850746268656705
1 0.481638418079096 0.16832504145936983 0.027306967984934094 0.03482587064676615
1 0.4882297551789077 0.203150912106136 0.02354048964218458 0.04145936981757878
1 0.519774011299435 0.20398009950248758 0.02824858757062154 0.04311774461028192
1 0.5569679849340867 0.1583747927031509 0.019774011299435013 0.038142620232172464
1 0.5353107344632768 0.142620232172471 0.01789077212806023 0.033167495854063006
1 0.5131826741996233 0.07379767827529021 0.015065913370998163 0.02487562189054726
1 0.576271186440678 0.17495854063018243 0.016949152542372836 0.03482587064676618
1 0.5833333333333333 0.13847429519071308 0.025423728813559365 0.05472636815920398
1 0.5903954802259888 0.09950248756218906 0.01883239171374773 0.02985074626865672
1 0.6111111111111112 0.05887230514096186 0.00941619585687381 0.02155887230514096
1 0.6214689265536724 0.1451077943615257 0.02259887005649719 0.038142620232172464
1 0.647834274952919 0.09950248756218905 0.013182674199623268 0.023217247097844104
1 0.673728813559322 0.11608623548922056 0.01412429378531077 0.019900497512437818
1 0.7052730696798493 0.06716417910447761 0.013182674199623379 0.03150912106135986
1 0.4887005649717514 0.3009950248756219 0.028248587570621486 0.058043117744610295
1 0.5362523540489642 0.34742951907131014 0.025423728813559254 0.04145936981757875
1 0.5710922787193974 0.24212271973466004 0.02730696798493404 0.04975124378109452
1 0.6365348399246704 0.20563847429519072 0.02259887005649719 0.04311774461028192
1 0.6120527306967984 0.2669983416252073 0.024482109227871862 0.03648424543946929
1 0.5927495291902072 0.3540630182421227 0.031073446327683607 0.0713101160862355
1 0.6807909604519774 0.34079601990049746 0.03578154425612046 0.06135986733001658
1 0.6619585687382298 0.2935323383084577 0.03766478342749524 0.04975124378109452
1 0.6925612052730696 0.22056384742951907 0.02354048964218458 0.03648424543946932
1 0.6991525423728813 0.18490878938640132 0.021657250470809797 0.03482587064676618
1 0.7410546139359698 0.12106135986733002 0.01883239171374762 0.029850746268656705
1 0.728813559322034 0.14759535655058043 0.022598870056497078 0.03980099502487561
1 0.7886064030131827 0.12769485903814262 0.01789077212806023 0.033167495854063034
1 0.7678907721280603 0.13101160862354894 0.02354048964218458 0.033167495854063006
1 0.7518832391713748 0.14593698175787728 0.02354048964218458 0.03980099502487561
1 0.7580037664783428 0.17412935323383083 0.02259887005649719 0.02985074626865672
1 0.7481167608286252 0.19402985074626866 0.016007532956685555 0.033167495854063034
1 0.7570621468926553 0.2404643449419569 0.03389830508474578 0.046434494195688236
1 0.7415254237288136 0.2860696517412935 0.025423728813559365 0.058043117744610295
1 0.7740112994350283 0.2943615257048093 0.02824858757062143 0.05472636815920395
1 0.8102636534839924 0.25041459369817576 0.021657250470809797 0.04643449419568821
1 0.7961393596986817 0.1857379767827529 0.021657250470809797 0.033167495854063006
1 0.8418079096045197 0.13681592039800994 0.011299435028248594 0.024875621890547248
1 0.85075329566855 0.18325041459369817 0.019774011299435013 0.03150912106135989
1 0.8686440677966102 0.14925373134328357 0.01789077212806034 0.033167495854063006
1 0.8959510357815443 0.142620232172471 0.01789077212806023 0.033167495854063006
1 0.871939736346516 0.24046434494195687 0.016949152542372836 0.03980099502487561
1 0.9223163841807909 0.26533996683250416 0.021657250470809797 0.04975124378109455
1 0.8870056497175142 0.18739635157545603 0.020715630885122405 0.039800995024875635
1 0.9289077212806027 0.203150912106136 0.02354048964218458 0.04145936981757878
1 0.9331450094161959 0.1583747927031509 0.015065913370998163 0.028192371475953548
1 0.7994350282485876 0.148424543946932 0.01883239171374762 0.03150912106135986
1 0.519774011299435 0.16749585406301826 0.02824858757062154 0.02985074626865672
1 0.8319209039548023 0.1616915422885572 0.02354048964218458 0.04809286898839135
1 0.6685499058380414 0.2131011608623549 0.024482109227871973 0.058043117744610295
1 0.6727871939736347 0.18325041459369817 0.01789077212806023 0.04809286898839138
1 0.6388888888888888 0.12271973466003316 0.01789077212806023 0.03316749585406302
1 0.862994350282486 0.13101160862354894 0.01412429378531066 0.016583747927031517
