1 0.03833333333333334 0.2236180904522613 0.07 0.14572864321608042
1 0.08666666666666667 0.22613065326633164 0.05333333333333333 0.10050251256281403
1 0.065 0.1457286432160804 0.05666666666666667 0.09045226130653265
1 0.051666666666666666 0.11306532663316582 0.06333333333333332 0.10552763819095477
1 0.21333333333333335 0.2537688442211055 0.08000000000000002 0.135678391959799
1 0.255 0.2185929648241206 0.05000000000000002 0.11557788944723615
1 0.20500000000000002 0.17587939698492464 0.05666666666666667 0.09045226130653267
1 0.32166666666666666 0.228643216080402 0.07 0.12562814070351758
1 0.15166666666666667 0.4371859296482412 0.11 0.19095477386934673
1 0.33166666666666667 0.4547738693467337 0.08999999999999997 0.15577889447236176
1 0.3716666666666667 0.3467336683417085 0.07 0.1407035175879397
1 0.405 0.23366834170854273 0.0566666666666667 0.10552763819095479
1 0.4833333333333333 0.2788944723618091 0.06 0.11557788944723618
1 0.48 0.15829145728643218 0.046666666666666634 0.08542713567839197
1 0.495 0.42713567839195976 0.10333333333333328 0.15075376884422104
1 0.5683333333333334 0.31909547738693467 0.07000000000000006 0.12562814070351758
1 0.6116666666666667 0.27638190954773867 0.050000000000000044 0.11055276381909546
1 0.6766666666666667 0.1934673366834171 0.053333333333333344 0.09547738693467336
1 0.6616666666666666 0.4221105527638191 0.07666666666666666 0.17085427135678388
1 0.7066666666666667 0.3517587939698492 0.06000000000000005 0.11055276381909546
1 0.76 0.37185929648241206 0.06000000000000005 0.14070351758793975
1 0.75 0.2613065326633166 0.05333333333333323 0.08040201005025122
1 0.8466666666666667 0.1658291457286432 0.16666666666666674 0.3015075376884422
1 0.9783333333333333 0.2613065326633166 0.043333333333333335 0.11055276381909546
1 0.9216666666666666 0.2537688442211055 0.050000000000000044 0.11557788944723621
