1 0.0840080971659919 0.2824956672443674 0.02631578947368421 0.051993067590987874
1 0.28643724696356276 0.231369150779896 0.020242914979757054 0.03292894280762565
1 0.3016194331983806 0.24263431542461006 0.02226720647773278 0.031195840554592708
1 0.3421052631578947 0.18804159445407279 0.016194331983805654 0.03292894280762565
1 0.3623481781376518 0.19324090121317158 0.018218623481781382 0.03292894280762565
1 0.3674089068825911 0.22616984402079723 0.022267206477732837 0.03986135181975736
1 0.38765182186234814 0.23570190641247835 0.02024291497975711 0.041594454072790304
1 0.3866396761133603 0.2001733102253033 0.018218623481781382 0.03292894280762565
1 0.40384615384615385 0.20537261698440207 0.020242914979757054 0.03292894280762565
1 0.3942307692307693 0.17417677642980933 0.017206477732793546 0.029462738301559793
1 0.4159919028340081 0.17244367417677642 0.014170040485829982 0.029462738301559793
1 0.4331983805668016 0.20017331022530327 0.018218623481781382 0.036395147313691506
1 0.41953441295546556 0.23916811091854417 0.023279352226720673 0.03812824956672442
1 0.45799595141700405 0.24436741767764297 0.023279352226720618 0.04506065857885619
1 0.4716599190283401 0.21057192374350087 0.020242914979757054 0.03986135181975736
1 0.4600202429149798 0.2001733102253033 0.017206477732793546 0.03292894280762565
1 0.43775303643724695 0.16291161178509533 0.015182186234817818 0.024263431542460995
1 0.45546558704453444 0.16204506065857885 0.016194331983805654 0.03292894280762565
1 0.5005060728744939 0.1490467937608319 0.015182186234817763 0.02772963604852688
1 0.5116396761133604 0.15337954939341422 0.01720647773279349 0.03292894280762565
1 0.5161943319838056 0.18457538994800693 0.01619433198380571 0.03292894280762565
1 0.5161943319838057 0.1334488734835355 0.012145748987854255 0.024263431542460995
1 0.5268218623481782 0.14991334488734837 0.015182186234817818 0.029462738301559793
1 0.5394736842105263 0.18024263431542462 0.018218623481781382 0.02772963604852685
1 0.5541497975708503 0.1603119584055459 0.019230769230769273 0.029462738301559793
1 0.5374493927125505 0.1386481802426343 0.014170040485829927 0.02079722703639514
1 0.5683198380566802 0.13951473136915077 0.015182186234817818 0.025996533795493937
1 0.5662955465587045 0.12391681109185443 0.011133603238866363 0.015597920277296354
1 0.5845141700404858 0.16204506065857888 0.015182186234817818 0.029462738301559793
1 0.5743927125506073 0.18630849220103987 0.021255060728744946 0.03986135181975736
1 0.5926113360323886 0.14211438474870017 0.013157894736842146 0.02772963604852685
1 0.6244939271255061 0.16637781629116116 0.01619433198380571 0.031195840554592708
1 0.6082995951417004 0.1412478336221837 0.014170040485830038 0.025996533795493937
1 0.6300607287449392 0.12911611785095323 0.015182186234817818 0.029462738301559793
1 0.6427125506072875 0.1386481802426343 0.01619433198380571 0.03119584055459272
1 0.659919028340081 0.12131715771230503 0.014170040485830038 0.027729636048526865
1 0.6766194331983806 0.11265164644714037 0.013157894736842035 0.020797227036395152
1 0.6821862348178138 0.1265164644714038 0.014170040485829927 0.03119584055459272
1 0.6624493927125505 0.15944540727902945 0.013157894736842146 0.031195840554592708
1 0.701417004048583 0.1360485268630849 0.014170040485830038 0.032928942807625636
1 0.7064777327935222 0.11611785095320623 0.012145748987854255 0.02426343154246101
1 0.7282388663967612 0.11871750433275563 0.013157894736842146 0.029462738301559807
1 0.61082995951417 0.2261698440207972 0.0253036437246964 0.04332755632582322
1 0.6422064777327936 0.21057192374350087 0.0253036437246964 0.04332755632582325
1 0.6568825910931174 0.25389948006932406 0.02429149797570851 0.050259965337954904
1 0.6857287449392713 0.18284228769497402 0.019230769230769162 0.03986135181975736
1 0.7034412955465588 0.22357019064124783 0.022267206477732837 0.03812824956672445
1 0.7115384615384616 0.25736568457538994 0.02429149797570851 0.0467937608318891
1 0.7171052631578947 0.3275563258232236 0.03542510121457487 0.0762564991334489
1 0.770748987854251 0.38128249566724437 0.041497975708502 0.0658578856152513
1 0.73582995951417 0.1854419410745234 0.020242914979757054 0.041594454072790304
1 0.7211538461538461 0.18024263431542462 0.0172064777327936 0.031195840554592735
1 0.757085020242915 0.17331022530329288 0.018218623481781382 0.03812824956672442
1 0.7545546558704453 0.1464471403812825 0.0172064777327936 0.03292894280762565
1 0.7834008097165992 0.13778162911611785 0.014170040485830038 0.03292894280762565
1 0.8031376518218624 0.13778162911611785 0.011133603238866474 0.025996533795493937
1 0.8107287449392713 0.14644714038128248 0.012145748987854255 0.02599653379549391
1 0.8193319838056681 0.17157712305025996 0.015182186234817707 0.031195840554592735
1 0.8208502024291497 0.21230502599653378 0.020242914979757054 0.03986135181975739
1 0.7889676113360324 0.24956672443674177 0.0253036437246964 0.048526863084922045
1 0.756578947368421 0.24090121317157712 0.023279352226720618 0.04506065857885616
1 0.7788461538461539 0.1993067590987868 0.019230769230769162 0.03812824956672442
1 0.8183198380566802 0.29462738301559793 0.027327935222672073 0.051993067590987874
1 0.8446356275303644 0.2564991334488735 0.021255060728744946 0.05892547660311956
1 0.8451417004048583 0.20883882149046795 0.018218623481781382 0.03986135181975739
1 0.8552631578947368 0.17764298093587522 0.0161943319838056 0.03292894280762565
1 0.8299595141700404 0.13951473136915077 0.012145748987854255 0.025996533795493937
1 0.8481781376518218 0.14471403812824957 0.012145748987854255 0.029462738301559765
1 0.8643724696356275 0.16204506065857888 0.012145748987854255 0.029462738301559793
1 0.8810728744939271 0.15771230502599654 0.013157894736842035 0.034662045060658564
1 0.9003036437246963 0.16724436741767765 0.01720647773279349 0.03292894280762565
1 0.8932186234817814 0.19324090121317156 0.015182186234817818 0.036395147313691506
1 0.8785425101214575 0.22530329289428075 0.018218623481781382 0.03466204506065859
1 0.8658906882591093 0.2192374350086655 0.0172064777327936 0.04332755632582322
1 0.9418016194331984 0.31975736568457536 0.027327935222672073 0.0606585788561525
1 0.9149797570850202 0.2348353552859619 0.020242914979757054 0.04332755632582322
1 0.9185222672064777 0.20883882149046795 0.019230769230769273 0.036395147313691506
1 0.9291497975708503 0.19324090121317158 0.01821862348178127 0.03292894280762565
1 0.9321862348178138 0.17244367417677642 0.01619433198380571 0.025996533795493937
1 0.938259109311741 0.15424610051993068 0.012145748987854144 0.02772963604852685
1 0.9478744939271255 0.25823223570190645 0.01720647773279349 0.04506065857885616
1 0.9691295546558705 0.23743500866551126 0.015182186234817818 0.03812824956672445
1 0.9615384615384615 0.20883882149046792 0.014170040485829927 0.03292894280762565
1 0.9817813765182186 0.19844020797227035 0.012145748987854255 0.03292894280762565
