1 0.04230769230769231 0.3306010928961749 0.04461538461538461 0.08196721311475413
1 0.13384615384615384 0.38524590163934425 0.04923076923076923 0.09289617486338797
1 0.13692307692307693 0.3224043715846995 0.046153846153846156 0.0655737704918033
1 0.3930769230769231 0.7882513661202186 0.1338461538461539 0.27595628415300555
1 0.39076923076923076 0.6024590163934427 0.1076923076923077 0.17213114754098358
1 0.38 0.49863387978142076 0.0953846153846154 0.1502732240437158
1 0.5069230769230769 0.30327868852459017 0.0692307692307692 0.18032786885245902
1 0.5876923076923077 0.34289617486338797 0.039999999999999925 0.10655737704918034
1 0.61 0.3825136612021858 0.041538461538461524 0.09836065573770492
1 0.6615384615384616 0.3770491803278688 0.058461538461538454 0.1256830601092896
1 0.706923076923077 0.3114754098360656 0.038461538461538436 0.08196721311475408
1 0.7376923076923076 0.5300546448087432 0.0938461538461538 0.18032786885245905
1 0.8500000000000001 0.610655737704918 0.09999999999999998 0.2213114754098361
1 0.9484615384615385 0.7527322404371585 0.10307692307692307 0.319672131147541
1 0.8276923076923077 0.4644808743169399 0.058461538461538454 0.1202185792349727
1 0.7753846153846153 0.32650273224043713 0.0492307692307693 0.09016393442622955
