1 0.18190386427898209 0.27749999999999997 0.020735155513666365 0.041666666666666685
1 0.23185673892554193 0.23666666666666666 0.01696512723845431 0.03666666666666668
1 0.32516493873704055 0.22916666666666669 0.01508011310084828 0.03166666666666665
1 0.3091423185673893 0.23166666666666666 0.01508011310084828 0.026666666666666672
1 0.3454288407163054 0.23333333333333334 0.019792648444863337 0.03666666666666665
1 0.3760603204524034 0.2366666666666667 0.020735155513666337 0.04333333333333336
1 0.3586239396795476 0.30083333333333334 0.021677662582469392 0.04166666666666663
1 0.39066918001885015 0.2866666666666666 0.025447690857681393 0.04666666666666669
1 0.380301602262017 0.18666666666666668 0.01602262016965128 0.033333333333333326
1 0.39585296889726673 0.18166666666666667 0.015080113100848225 0.03666666666666668
1 0.41517436380772854 0.19666666666666666 0.01602262016965128 0.03666666666666665
1 0.45758718190386427 0.19833333333333333 0.019792648444863337 0.026666666666666672
1 0.4613572101790763 0.2325 0.023562676720075393 0.051666666666666694
1 0.4924599434495759 0.2991666666666667 0.029217719132893505 0.05499999999999999
1 0.48727615457115925 0.1975 0.024505183788878393 0.04500000000000001
1 0.44910461828463716 0.17666666666666667 0.01602262016965128 0.033333333333333326
1 0.4886899151743638 0.15333333333333332 0.017907634307257336 0.03666666666666665
1 0.5197926484448634 0.16999999999999998 0.01979264844486328 0.033333333333333354
1 0.5480678605089538 0.16416666666666666 0.019792648444863392 0.03833333333333333
1 0.5885956644674835 0.16666666666666669 0.01979264844486328 0.03
1 0.5749293119698398 0.13083333333333333 0.015080113100848225 0.03166666666666666
1 0.6196983977379831 0.24583333333333335 0.025447690857681393 0.051666666666666666
1 0.6253534401508012 0.20500000000000002 0.017907634307257392 0.04000000000000001
1 0.6649387370405277 0.2125 0.01979264844486328 0.044999999999999984
1 0.6540999057492931 0.27249999999999996 0.024505183788878337 0.05499999999999999
1 0.6960414703110274 0.16166666666666668 0.01602262016965128 0.033333333333333354
1 0.6998114985862394 0.22833333333333333 0.023562676720075393 0.04666666666666666
1 0.7092365692742696 0.2758333333333334 0.023562676720075393 0.044999999999999984
1 0.7554194156456173 0.24083333333333334 0.025447690857681393 0.04833333333333334
1 0.7323279924599435 0.19833333333333333 0.022620169651272337 0.04666666666666669
1 0.769085768143261 0.16083333333333333 0.018850141376060336 0.04166666666666666
1 0.7606032045240338 0.3075 0.02450518378887845 0.05833333333333335
1 0.8350612629594723 0.3241666666666667 0.02827521206409045 0.065
1 0.9081055607917059 0.3141666666666667 0.05183788878416584 0.11166666666666664
1 0.9231856738925541 0.235 0.01979264844486328 0.05666666666666664
1 0.9604147031102733 0.2008333333333333 0.03204524033930256 0.07833333333333334
