1 0.19906542056074766 0.35678807947019864 0.04672897196261683 0.08774834437086093
1 0.25607476635514015 0.2847682119205298 0.022429906542056066 0.039735099337748325
1 0.28598130841121494 0.271523178807947 0.01869158878504673 0.03642384105960261
1 0.2953271028037383 0.26158940397350994 0.020560747663551426 0.039735099337748325
1 0.3037383177570093 0.23509933774834435 0.014953271028037396 0.02980132450331127
1 0.31542056074766356 0.25 0.014018691588785048 0.02980132450331127
1 0.3238317757009346 0.2591059602649007 0.015887850467289688 0.03476821192052981
1 0.33925233644859815 0.2731788079470199 0.01869158878504673 0.039735099337748325
1 0.3672897196261682 0.21274834437086093 0.0130841121495327 0.0314569536423841
1 0.38037383177570094 0.21688741721854304 0.014953271028037396 0.033112582781456956
1 0.3864485981308411 0.19867549668874174 0.015887850467289744 0.02980132450331127
1 0.40654205607476634 0.16887417218543047 0.014953271028037396 0.029801324503311244
1 0.40233644859813084 0.23344370860927152 0.015887850467289688 0.033112582781456956
1 0.42383177570093455 0.27566225165562913 0.023364485981308414 0.04801324503311255
1 0.43598130841121496 0.22847682119205298 0.021495327102803774 0.039735099337748325
1 0.46261682242990654 0.23013245033112584 0.02242990654205612 0.04304635761589404
1 0.4261682242990654 0.19370860927152317 0.01495327102803734 0.03642384105960264
1 0.4570093457943925 0.17135761589403975 0.016822429906542036 0.034768211920529785
1 0.4598130841121495 0.14817880794701987 0.014953271028037396 0.024834437086092703
1 0.4757009345794393 0.16556291390728478 0.0130841121495327 0.03311258278145693
1 0.4873831775700935 0.2044701986754967 0.01962616822429908 0.0380794701986755
1 0.4827102803738318 0.13245033112582782 0.012149532710280353 0.02649006622516556
1 0.5135514018691589 0.14983443708609273 0.0158878504672898 0.024834437086092703
1 0.5200934579439253 0.16390728476821192 0.015887850467289688 0.033112582781456956
1 0.5289719626168224 0.1945364238410596 0.01869158878504673 0.044701986754966894
1 0.5401869158878505 0.16473509933774833 0.01869158878504673 0.034768211920529785
1 0.5317757009345794 0.125 0.014953271028037451 0.024834437086092717
1 0.5476635514018692 0.12748344370860926 0.01869158878504673 0.02649006622516556
1 0.5579439252336449 0.16225165562913907 0.01869158878504673 0.04635761589403975
1 0.5747663551401869 0.15728476821192053 0.01495327102803734 0.029801324503311244
1 0.5883177570093459 0.11920529801324503 0.012149532710280408 0.029801324503311244
1 0.5855140186915888 0.10430463576158941 0.012149532710280408 0.019867549668874177
1 0.6186915887850467 0.13658940397350994 0.016822429906542036 0.03476821192052981
1 0.6074766355140186 0.12251655629139073 0.014953271028037451 0.02649006622516556
1 0.622429906542056 0.10182119205298013 0.01121495327102806 0.024834437086092717
1 0.647196261682243 0.11754966887417219 0.012149532710280297 0.02980132450331127
1 0.6476635514018692 0.09768211920529801 0.016822429906542036 0.023178807947019875
1 0.6630841121495328 0.12003311258278146 0.014018691588785104 0.03476821192052981
1 0.680373831775701 0.10596026490066225 0.01869158878504673 0.033112582781456956
1 0.5691588785046728 0.2367549668874172 0.024299065420560706 0.049668874172185434
1 0.5383177570093458 0.3054635761589404 0.028037383177570097 0.06788079470198677
1 0.4855140186915888 0.29387417218543044 0.025233644859813054 0.054635761589403975
1 0.5873831775700935 0.3526490066225165 0.03457943925233653 0.06953642384105957
1 0.6065420560747663 0.26076158940397354 0.024299065420560706 0.044701986754966894
1 0.6014018691588785 0.20943708609271522 0.01962616822429908 0.04801324503311258
1 0.6411214953271028 0.1879139072847682 0.01869158878504673 0.0380794701986755
1 0.6598130841121496 0.20033112582781457 0.01869158878504673 0.04304635761589404
1 0.6579439252336449 0.26490066225165565 0.020560747663551426 0.05629139072847683
1 0.67196261682243 0.33112582781456956 0.024299065420560706 0.05960264900662254
1 0.7252336448598131 0.3062913907284768 0.024299065420560706 0.05629139072847683
1 0.6864485981308411 0.22433774834437087 0.021495327102803774 0.04801324503311258
1 0.6990654205607476 0.17798013245033112 0.020560747663551315 0.044701986754966894
1 0.6869158878504673 0.15149006622516556 0.01869158878504673 0.03476821192052981
1 0.7042056074766355 0.1432119205298013 0.017757009345794383 0.034768211920529785
1 0.7266355140186915 0.19288079470198677 0.02336448598130836 0.05132450331125829
1 0.741588785046729 0.2367549668874172 0.02336448598130847 0.05298013245033115
1 0.7771028037383179 0.2847682119205298 0.02710280373831775 0.0629139072847682
1 0.8191588785046728 0.2326158940397351 0.017757009345794494 0.04470198675496692
1 0.7967289719626168 0.17880794701986755 0.021495327102803774 0.04304635761589404
1 0.7514018691588785 0.17632450331125826 0.01869158878504673 0.034768211920529785
1 0.7392523364485981 0.13990066225165562 0.016822429906542036 0.04139072847682118
1 0.7327102803738318 0.11754966887417218 0.01495327102803734 0.03311258278145694
1 0.7429906542056075 0.11920529801324503 0.01121495327102806 0.023178807947019875
1 0.7556074766355141 0.13327814569536423 0.014018691588785104 0.0380794701986755
1 0.7747663551401869 0.1216887417218543 0.01121495327102806 0.028145695364238416
1 0.7841121495327104 0.1357615894039735 0.013084112149532756 0.033112582781456956
1 0.8051401869158878 0.12582781456953643 0.014018691588784993 0.033112582781456956
1 0.8289719626168224 0.14155629139072848 0.016822429906542147 0.03476821192052981
1 0.8406542056074766 0.1870860927152318 0.015887850467289688 0.04304635761589404
1 0.8598130841121495 0.15314569536423842 0.01495327102803734 0.0314569536423841
1 0.8864485981308412 0.13410596026490068 0.010280373831775713 0.02980132450331127
1 0.8700934579439252 0.17798013245033112 0.016822429906542036 0.0314569536423841
1 0.8649532710280374 0.22764900662251658 0.017757009345794383 0.04801324503311258
1 0.9093457943925234 0.28311258278145696 0.024299065420560706 0.056291390728476776
1 0.8850467289719626 0.19867549668874174 0.01869158878504673 0.03973509933774835
1 0.8962616822429906 0.1672185430463576 0.013084112149532645 0.029801324503311244
1 0.9205607476635513 0.20364238410596025 0.0261682242990654 0.043046357615894065
1 0.9196261682242991 0.1697019867549669 0.01869158878504673 0.0314569536423841
1 0.9210280373831776 0.1498344370860927 0.010280373831775713 0.02152317880794702
