1 0.04818435754189944 0.5090222408728493 0.054469273743016765 0.10574905581200167
1 0.07583798882681564 0.47293327738145197 0.046648044692737436 0.09232060428031891
1 0.15921787709497207 0.5190935795216114 0.055865921787709494 0.10910616869492235
1 0.14175977653631283 0.5998741082668905 0.07681564245810055 0.13218631976500217
1 0.3269553072625698 0.5306336550566513 0.07402234636871508 0.12798992866135128
1 0.2979050279329609 0.6632396139320185 0.09581005586592178 0.17498950902224086
1 0.4762569832402235 0.3380193033990768 0.08938547486033516 0.16240033571128826
1 0.5416201117318435 0.7450692404532102 0.12793296089385475 0.20268569030633654
1 0.6668994413407822 0.6076374318086446 0.07681564245810057 0.15023080151070078
1 0.7713687150837989 0.7219890893831304 0.10418994413407823 0.18170373478808222
1 0.9476256983240223 0.6147712966848511 0.10474860335195535 0.1871590432228284
