1 0.093 0.5435435435435435 0.09799999999999999 0.13813813813813808
1 0.186 0.5345345345345345 0.055999999999999994 0.07207207207207211
1 0.272 0.5405405405405406 0.10400000000000001 0.1681681681681682
1 0.402 0.5135135135135135 0.03199999999999997 0.06006006006006004
1 0.42400000000000004 0.5225225225225225 0.03999999999999998 0.08408408408408413
1 0.45499999999999996 0.5405405405405406 0.03799999999999998 0.06006006006006004
1 0.589 0.5375375375375375 0.11399999999999999 0.1741741741741742
1 0.681 0.5375375375375375 0.04999999999999993 0.0960960960960961
1 0.752 0.5195195195195195 0.040000000000000036 0.06606606606606602
1 0.827 0.5225225225225225 0.05399999999999994 0.09009009009009006
1 0.9239999999999999 0.5630630630630631 0.128 0.18918918918918926
