1 0.092 0.481981981981982 0.084 0.1351351351351352
1 0.125 0.4264264264264264 0.066 0.10810810810810811
1 0.161 0.38138138138138133 0.05399999999999999 0.0960960960960961
1 0.128 0.3408408408408408 0.052000000000000005 0.0930930930930931
1 0.237 0.3843843843843844 0.05400000000000002 0.09009009009009006
1 0.263 0.36036036036036034 0.04199999999999998 0.07207207207207206
1 0.248 0.3228228228228228 0.032 0.0570570570570571
1 0.20400000000000001 0.545045045045045 0.10400000000000001 0.17117117117117114
1 0.32099999999999995 0.4564564564564565 0.045999999999999985 0.10210210210210208
1 0.368 0.4774774774774775 0.07999999999999996 0.14414414414414417
1 0.41200000000000003 0.5690690690690691 0.10400000000000004 0.1711711711711712
1 0.369 0.29579579579579585 0.03400000000000003 0.05705705705705705
1 0.481 0.2867867867867868 0.10600000000000004 0.1891891891891892
1 0.655 0.7957957957957957 0.15000000000000002 0.2942942942942942
1 0.734 0.4504504504504504 0.04800000000000004 0.10810810810810806
1 0.726 0.3708708708708709 0.04800000000000004 0.06906906906906907
1 0.76 0.34234234234234234 0.03600000000000003 0.06606606606606602
1 0.8260000000000001 0.30930930930930933 0.039999999999999925 0.06606606606606608
1 0.892 0.46096096096096095 0.07600000000000007 0.15315315315315314
1 0.905 0.3843843843843844 0.038000000000000034 0.06006006006006004
