1 0.07734375000000002 0.630281690140845 0.10468750000000002 0.19014084507042261
1 0.017968750000000002 0.45070422535211263 0.029687500000000002 0.06572769953051644
1 0.1203125 0.5176056338028169 0.056249999999999994 0.0821596244131455
1 0.24609375 0.5575117370892019 0.06718749999999998 0.11502347417840375
1 0.4890625 0.3427230046948357 0.05625000000000002 0.11737089201877937
1 0.634375 0.4166666666666667 0.034375000000000044 0.0539906103286385
1 0.6921875 0.42136150234741787 0.03125 0.058685446009389686
1 0.78125 0.43309859154929575 0.03125 0.06338028169014082
1 0.84296875 0.36737089201877937 0.026562499999999933 0.049295774647887314
1 0.95 0.3838028169014085 0.03437499999999993 0.058685446009389686
1 0.9750000000000001 0.244131455399061 0.021874999999999978 0.04694835680751172
1 0.8875 0.5645539906103287 0.05312499999999998 0.09154929577464788
1 0.803125 0.5845070422535211 0.059374999999999956 0.09859154929577474
