1 0.16693483507642798 0.30431754874651806 0.021721641190667745 0.0403899721448468
1 0.17176186645213193 0.2813370473537604 0.020112630732099762 0.04178272980501391
1 0.1979082864038616 0.24860724233983283 0.017699115044247787 0.043175487465181045
1 0.19549477071600965 0.28064066852367686 0.020917135961383726 0.04596100278551535
1 0.23129525341914725 0.2576601671309192 0.01850362027353178 0.04456824512534818
1 0.22888173773129528 0.23676880222841223 0.01850362027353178 0.041782729805013935
1 0.26910699919549474 0.2848189415041783 0.021721641190667718 0.04596100278551535
1 0.2743362831858407 0.2590529247910863 0.020917135961383726 0.03342618384401114
1 0.31174577634754624 0.21309192200557103 0.01528559935639584 0.03621169916434541
1 0.40064360418342715 0.26253481894150416 0.025744167337087676 0.043175487465181045
