0 0.36901408450704226 0.2742616033755274 0.10140845070422533 0.18565400843881857
0 0.2 0.10548523206751054 0.09577464788732395 0.1940928270042194
0 0.04084507042253522 0.2932489451476793 0.07605633802816902 0.19831223628691982
0 0.4535211267605634 0.1518987341772152 0.08450704225352113 0.19409282700421943
0 0.5746478873239437 0.3143459915611814 0.10704225352112684 0.19831223628691982
0 0.643661971830986 0.12025316455696203 0.09295774647887323 0.19831223628691985
0 0.8084507042253521 0.2869198312236287 0.10140845070422533 0.21940928270042193
0 0.9704225352112676 0.3755274261603375 0.05915492957746482 0.19409282700421943
1 0.8323943661971831 0.13924050632911394 0.09295774647887334 0.16033755274261605
1 0.176056338028169 0.3270042194092827 0.09295774647887325 0.189873417721519
