1 0.12798408488063662 0.9097744360902256 0.09946949602122016 0.17042606516290726
1 0.07824933687002653 0.8020050125313283 0.0716180371352785 0.12531328320802004
1 0.09615384615384615 0.48245614035087714 0.033156498673740056 0.06766917293233082
1 0.16047745358090187 0.5401002506265664 0.03448275862068964 0.06265664160400997
1 0.23010610079575597 0.4949874686716792 0.03315649867374004 0.06766917293233088
1 0.3010610079575597 0.5037593984962406 0.03183023872679047 0.07017543859649128
1 0.3673740053050398 0.4799498746867168 0.03183023872679047 0.07268170426065163
1 0.4343501326259947 0.4774436090225564 0.035809018567639295 0.07268170426065168
1 0.5238726790450928 0.5150375939849624 0.02917771883289122 0.06766917293233088
1 0.5908488063660478 0.5137844611528822 0.0305039787798409 0.060150375939849676
1 0.556366047745358 0.7794486215538847 0.0755968169761273 0.15538847117794485
1 0.5775862068965517 0.6654135338345865 0.03846153846153855 0.06766917293233088
1 0.6598143236074271 0.5012531328320802 0.03315649867374004 0.06015037593984962
1 0.73342175066313 0.4799498746867168 0.037135278514588865 0.07268170426065163
1 0.7161803713527851 0.7330827067669172 0.06366047745358094 0.1478696741854636
1 0.8189655172413792 0.49624060150375937 0.035809018567639295 0.08020050125313283
1 0.8859416445623343 0.5288220551378446 0.03183023872679047 0.06516290726817042
