1 0.19945105215004574 0.4814516129032258 0.05489478499542544 0.1016129032258064
1 0.292772186642269 0.47096774193548385 0.0475754803293687 0.10000000000000003
1 0.31564501372369624 0.2217741935483871 0.025617566331198494 0.04999999999999999
1 0.3408051235132662 0.17258064516129032 0.024702653247941464 0.05161290322580647
1 0.42680695333943275 0.14838709677419354 0.017383348581884728 0.03225806451612903
1 0.43504117108874657 0.17096774193548386 0.021043000914913068 0.03548387096774194
1 0.4807868252516011 0.1870967741935484 0.02470265324794141 0.03870967741935483
1 0.4757548032936871 0.15483870967741936 0.020128087831655983 0.03870967741935483
1 0.4990850869167429 0.14516129032258066 0.021043000914913124 0.04516129032258066
1 0.52516010978957 0.15564516129032258 0.018298261665141813 0.04032258064516128
1 0.5475754803293686 0.15403225806451615 0.015553522415370558 0.03709677419354837
1 0.5750228728270814 0.15 0.02104300091491318 0.03870967741935483
1 0.7433668801463862 0.11693548387096774 0.021043000914913068 0.04032258064516128
