1 0.22390396659707723 0.3575418994413408 0.04488517745302714 0.07448789571694603
1 0.3152400835073069 0.2346368715083799 0.0187891440501044 0.03351955307262572
1 0.3230688935281837 0.20949720670391062 0.015657620041753695 0.035381750465549366
1 0.3606471816283925 0.2048417132216015 0.017745302713987443 0.029795158286778395
1 0.41701461377870563 0.16759776536312848 0.011482254697286032 0.0260707635009311
1 0.4337160751565762 0.18063314711359402 0.011482254697285976 0.029795158286778395
1 0.41701461377870563 0.22439478584729983 0.019832985386221247 0.03538175046554934
1 0.4535490605427975 0.17783985102420857 0.01565762004175364 0.04283054003724396
1 0.4650313152400835 0.16759776536312848 0.01565762004175364 0.04096834264432028
1 0.47860125260960334 0.12942271880819367 0.013569937369519836 0.024208566108007437
1 0.48434237995824636 0.16945996275605213 0.0187891440501044 0.03724394785847299
1 0.49843423799582465 0.1378026070763501 0.011482254697285976 0.02979515828677841
1 0.4697286012526096 0.22346368715083798 0.022964509394572008 0.029795158286778395
1 0.5349686847599164 0.13687150837988826 0.01565762004175364 0.03165735567970206
1 0.5427974947807933 0.12104283054003724 0.018789144050104456 0.0260707635009311
1 0.5615866388308977 0.13687150837988826 0.018789144050104345 0.03538175046554935
1 0.5861169102296451 0.0670391061452514 0.011482254697286032 0.0260707635009311
1 0.5694154488517745 0.1908752327746741 0.017745302713987554 0.03165735567970204
1 0.576722338204593 0.1452513966480447 0.019832985386221247 0.03351955307262569
1 0.5970772442588727 0.14711359404096833 0.02087682672233826 0.04469273743016759
1 0.5986430062630481 0.11452513966480447 0.013569937369519836 0.03165735567970204
1 0.5553235908141962 0.18901303538175046 0.022964509394572064 0.02420856610800745
1 0.6163883089770354 0.11824953445065177 0.013569937369519836 0.020484171322160155
1 0.6403966597077244 0.17225325884543763 0.02192066805845516 0.027932960893854747
1 0.6691022964509394 0.10986964618249534 0.01670146137787054 0.011173184357541902
1 0.6377870563674322 0.1378026070763501 0.02087682672233826 0.033519553072625705
1 0.6508350730688935 0.11545623836126628 0.02609603340292277 0.037243947858473
1 0.6602296450939458 0.1499068901303538 0.01565762004175364 0.027932960893854747
1 0.6920668058455115 0.11452513966480447 0.014613778705636737 0.027932960893854747
1 0.7108559498956158 0.12104283054003724 0.02087682672233826 0.0260707635009311
1 0.4921711899791231 0.3361266294227188 0.026096033402922714 0.04283054003724396
1 0.5762004175365345 0.3016759776536313 0.025052192066805756 0.0484171322160149
1 0.6774530271398747 0.18901303538175046 0.01670146137787054 0.03538175046554934
1 0.6372651356993737 0.2905027932960894 0.028183716075156573 0.06331471135940409
1 0.581419624217119 0.25512104283054005 0.025052192066805867 0.04096834264432028
1 0.639874739039666 0.24208566108007448 0.025052192066805867 0.044692737430167606
1 0.6899791231732777 0.21694599627560524 0.01670146137787054 0.03538175046554934
1 0.6831941544885177 0.2905027932960894 0.02609603340292277 0.04096834264432031
1 0.7118997912317327 0.33333333333333337 0.029227557411273475 0.07076350093109868
1 0.7379958246346555 0.239292364990689 0.025052192066805867 0.04283054003724396
1 0.7760960334029228 0.1303538175046555 0.01565762004175364 0.02234636871508379
1 0.744258872651357 0.17318435754189943 0.018789144050104345 0.03351955307262569
1 0.7578288100208768 0.15083798882681565 0.025052192066805756 0.029795158286778395
1 0.7854906054279749 0.186219739292365 0.01565762004175364 0.03351955307262572
1 0.789144050104384 0.148975791433892 0.014613778705636737 0.03351955307262569
1 0.7792275574112735 0.27281191806331473 0.024008350730688965 0.04655493482309128
1 0.8006263048016702 0.21973929236499068 0.01670146137787054 0.04469273743016758
1 0.8282881002087683 0.19646182495344505 0.019832985386221247 0.039106145251396635
1 0.8251565762004176 0.25605214152700184 0.024008350730688854 0.04283054003724393
1 0.8089770354906054 0.3743016759776536 0.03340292275574108 0.08193668528864062
1 0.8669102296450939 0.37337057728119183 0.02609603340292277 0.05772811918063314
1 0.9248434237995825 0.40502793296089384 0.029227557411273475 0.06517690875232773
1 0.8648225469728601 0.186219739292365 0.019832985386221247 0.04096834264432031
1 0.8903966597077244 0.16201117318435754 0.014613778705636737 0.037243947858473014
1 0.8930062630480167 0.20763500931098697 0.024008350730688965 0.04283054003724396
1 0.8935281837160751 0.2988826815642458 0.02713987473903967 0.05027932960893855
1 0.900313152400835 0.23370577281191807 0.017745302713987443 0.035381750465549366
1 0.8549060542797495 0.2495344506517691 0.022964509394571953 0.03724394785847299
1 0.9284968684759916 0.16852886405959033 0.013569937369519836 0.027932960893854747
1 0.9545929018789144 0.18808193668528866 0.024008350730688965 0.03351955307262569
1 0.9551148225469728 0.20949720670391062 0.014613778705636737 0.035381750465549366
1 0.9321503131524009 0.24022346368715083 0.01670146137787054 0.037243947858473014
1 0.9373695198329854 0.3324022346368715 0.04384133611691021 0.046554934823091254
1 0.8997912317327765 0.19646182495344505 0.018789144050104345 0.039106145251396635
1 0.8397703549060542 0.18063314711359404 0.017745302713987443 0.04096834264432031
1 0.8094989561586639 0.1936685288640596 0.01565762004175364 0.03724394785847299
1 0.7186847599164927 0.17504655493482307 0.019832985386221247 0.03351955307262569
1 0.7755741127348643 0.15549348230912477 0.012526096033402934 0.03910614525139666
1 0.5923799582463465 0.17132216014897578 0.019832985386221247 0.029795158286778395
1 0.5062630480167014 0.17504655493482307 0.027139874739039616 0.03724394785847299
1 0.5245302713987474 0.13500931098696461 0.019832985386221247 0.03165735567970206
