1 0.64609375 0.10833333333333334 0.08281249999999996 0.15555555555555556
1 0.5894531249999999 0.08611111111111111 0.03671875000000002 0.08333333333333331
1 0.560546875 0.27361111111111114 0.039843749999999956 0.08333333333333331
1 0.529296875 0.09930555555555556 0.03359375000000009 0.07916666666666666
1 0.43984375 0.08472222222222223 0.0390625 0.06944444444444445
1 0.41093749999999996 0.26180555555555557 0.03437499999999999 0.0736111111111111
1 0.3890625 0.20625 0.02656249999999999 0.0652777777777778
1 0.361328125 0.21875 0.025781249999999978 0.05972222222222223
1 0.33046875 0.2875 0.046875 0.10000000000000003
1 0.299609375 0.25416666666666665 0.025781249999999978 0.07222222222222224
1 0.250390625 0.4305555555555556 0.11796875000000001 0.20555555555555555
1 0.20664062500000002 0.26319444444444445 0.041406250000000006 0.09027777777777779
1 0.159375 0.15625 0.028124999999999983 0.05972222222222223
1 0.141015625 0.27569444444444446 0.03046874999999999 0.0652777777777778
1 0.12656250000000002 0.3138888888888889 0.037500000000000006 0.08055555555555555
1 0.11875 0.3666666666666667 0.0546875 0.11944444444444441
1 0.023046875 0.42569444444444443 0.04296875 0.16249999999999998
1 0.06757812499999999 0.17777777777777778 0.04765625 0.08055555555555555
1 0.01953125 0.18472222222222223 0.0359375 0.06944444444444445
