1 0.05833333333333333 0.4722222222222222 0.09333333333333332 0.1355555555555556
1 0.07166666666666666 0.6666666666666667 0.13999999999999999 0.31999999999999995
1 0.32666666666666666 0.45666666666666667 0.07999999999999996 0.13999999999999996
1 0.28583333333333333 0.3733333333333333 0.05166666666666664 0.08000000000000002
1 0.2683333333333333 0.33333333333333337 0.053333333333333316 0.08000000000000002
1 0.22083333333333333 0.3011111111111111 0.035 0.046666666666666634
1 0.10250000000000001 0.36777777777777776 0.05500000000000001 0.09111111111111109
1 0.12916666666666668 0.36 0.045 0.062222222222222234
1 0.14 0.3288888888888889 0.03333333333333334 0.04888888888888887
1 0.13 0.29666666666666663 0.029999999999999985 0.04222222222222222
1 0.014166666666666668 0.33999999999999997 0.025 0.05777777777777776
1 0.3125 0.2922222222222222 0.02833333333333332 0.05111111111111111
1 0.36 0.22999999999999998 0.05666666666666664 0.09111111111111111
1 0.4508333333333333 0.3422222222222222 0.03833333333333333 0.04888888888888887
1 0.495 0.28444444444444444 0.026666666666666616 0.0444444444444444
1 0.5191666666666667 0.31666666666666665 0.041666666666666685 0.06444444444444447
1 0.5466666666666666 0.2744444444444445 0.030000000000000027 0.04222222222222222
1 0.5491666666666667 0.3211111111111111 0.03833333333333333 0.05555555555555558
1 0.6141666666666667 0.33666666666666667 0.05500000000000005 0.0822222222222222
1 0.61 0.28 0.026666666666666616 0.03555555555555551
1 0.67 0.30000000000000004 0.030000000000000027 0.05777777777777776
1 0.7083333333333334 0.3155555555555556 0.040000000000000036 0.08000000000000002
1 0.7491666666666666 0.36 0.05833333333333335 0.10666666666666669
1 0.7366666666666667 0.29000000000000004 0.030000000000000027 0.04666666666666669
1 0.7641666666666667 0.27666666666666667 0.021666666666666723 0.0377777777777778
1 0.7966666666666666 0.31999999999999995 0.036666666666666625 0.07555555555555554
1 0.59 0.54 0.1833333333333333 0.26666666666666666
1 0.8883333333333334 0.3511111111111111 0.06999999999999995 0.12444444444444447
1 0.8791666666666667 0.2777777777777778 0.03166666666666673 0.03999999999999998
1 0.9216666666666666 0.26666666666666666 0.030000000000000027 0.04888888888888887
1 0.9791666666666667 0.3188888888888889 0.04166666666666663 0.0822222222222222
