1 0.4659090909090909 0.28498293515358364 0.07727272727272727 0.13993174061433447
1 0.045454545454545456 0.5255972696245734 0.08181818181818182 0.1501706484641639
1 0.03409090909090909 0.3907849829351536 0.05 0.09215017064846415
1 0.06590909090909092 0.23890784982935154 0.03636363636363636 0.06825938566552903
1 0.0875 0.27474402730375425 0.04772727272727273 0.07849829351535836
1 0.13295454545454546 0.3395904436860068 0.061363636363636356 0.10580204778156999
1 0.1647727272727273 0.5 0.07954545454545456 0.1399317406143345
1 0.24886363636363637 0.4795221843003413 0.07045454545454549 0.11262798634812282
1 0.20795454545454545 0.38395904436860073 0.04772727272727273 0.08532423208191126
1 0.21363636363636362 0.3327645051194539 0.04090909090909092 0.07167235494880547
1 0.2034090909090909 0.2184300341296928 0.038636363636363635 0.07508532423208189
1 0.25 0.3395904436860068 0.040909090909090895 0.058020477815699634
1 0.25681818181818183 0.44368600682593856 0.06818181818181818 0.10921501706484638
1 0.32386363636363635 0.4146757679180887 0.05227272727272725 0.08532423208191126
1 0.35795454545454547 0.431740614334471 0.07045454545454544 0.09897610921501704
1 0.2863636363636364 0.30375426621160406 0.027272727272727282 0.047781569965870296
1 0.3295454545454546 0.29692832764505117 0.0318181818181818 0.05460750853242319
1 0.36136363636363633 0.3054607508532423 0.027272727272727282 0.05119453924914674
1 0.3931818181818182 0.325938566552901 0.03181818181818186 0.05802047781569969
1 0.4056818181818182 0.30375426621160406 0.02954545454545454 0.06825938566552897
1 0.42613636363636365 0.4146757679180887 0.04318181818181821 0.07849829351535836
1 0.5693181818181818 0.378839590443686 0.020454545454545503 0.040955631399317405
1 0.5886363636363636 0.4249146757679181 0.031818181818181746 0.05119453924914674
1 0.571590909090909 0.3481228668941979 0.025000000000000022 0.047781569965870296
