1 0.9045346062052506 0.23693379790940766 0.012728719172633296 0.031358885017421595
1 0.9872712808273667 0.26742160278745647 0.011137629276054106 0.04006968641114986
1 0.9466984884645983 0.25174216027874563 0.012728719172633296 0.04355400696864109
1 0.9311853619729515 0.2778745644599303 0.011933174224343701 0.04355400696864109
1 0.9761336515513126 0.3423344947735192 0.012728719172633185 0.036585365853658514
1 0.9757358790771679 0.37630662020905925 0.01352426412092278 0.05226480836236935
1 0.9455051710421638 0.39459930313588854 0.019888623707239428 0.0574912891986063
1 0.9610182975338106 0.4686411149825784 0.019093078758949944 0.0662020905923345
1 0.9295942720763724 0.34930313588850176 0.01511535401750197 0.05400696864111498
1 0.8914081145584726 0.2883275261324042 0.01352426412092278 0.05052264808362367
1 0.8806682577565632 0.235191637630662 0.011137629276054106 0.03484320557491288
1 0.8727128082736675 0.2395470383275261 0.011137629276054106 0.0400696864111498
1 0.8448687350835322 0.22038327526132406 0.014319809069212486 0.03658536585365854
1 0.8683373110580748 0.3266550522648084 0.01670644391408116 0.05052264808362367
1 0.8850437549721559 0.42334494773519166 0.01988862370723954 0.0662020905923345
1 0.8504375497215593 0.39372822299651566 0.019093078758949833 0.04878048780487804
1 0.8691328560063644 0.5017421602787456 0.024661893396976886 0.07665505226480834
1 0.7927605409705648 0.4651567944250871 0.026252983293556076 0.08710801393728229
1 0.8166268894192522 0.3066202090592335 0.01829753381066035 0.0522648083623693
1 0.7983293556085919 0.25522648083623695 0.01352426412092278 0.05052264808362372
1 0.8229912490055689 0.2343205574912892 0.013524264120922891 0.03310104529616725
1 0.8114558472553699 0.19773519163763065 0.011137629276054106 0.03658536585365854
1 0.7736674622116149 0.19250871080139373 0.011933174224343701 0.04006968641114983
1 0.7820206841686554 0.20905923344947736 0.014319809069212375 0.04181184668989546
1 0.7517899761336515 0.1994773519163763 0.011137629276054106 0.03310104529616725
1 0.7199681782020684 0.16289198606271776 0.012728719172633185 0.04006968641114983
1 0.7458233890214797 0.2412891986062718 0.01511535401750197 0.04355400696864112
1 0.6937151949085123 0.14634146341463414 0.011137629276054106 0.03484320557491288
1 0.6694510739856803 0.1445993031358885 0.013524264120922891 0.03484320557491288
1 0.692521877486078 0.17073170731707316 0.01352426412092278 0.03832752613240417
1 0.6340493237867939 0.13501742160278746 0.012728719172633185 0.04006968641114983
1 0.6575178997613365 0.1524390243902439 0.011933174224343701 0.04006968641114983
1 0.6607000795544948 0.18554006968641115 0.01352426412092278 0.036585365853658514
1 0.6988862370723946 0.21689895470383275 0.01511535401750197 0.047038327526132406
1 0.6714399363564041 0.24912891986062718 0.020684168655529134 0.05574912891986064
1 0.7322991249005568 0.27177700348432055 0.019888623707239428 0.05923344947735193
1 0.754574383452665 0.3005226480836237 0.01670644391408116 0.05052264808362367
1 0.601829753381066 0.1210801393728223 0.01193317422434359 0.03310104529616725
1 0.611376292760541 0.16376306620209058 0.01352426412092278 0.031358885017421595
1 0.6268894192521878 0.20644599303135888 0.012728719172633296 0.047038327526132406
1 0.605807478122514 0.19686411149825783 0.011933174224343701 0.04181184668989546
1 0.6276849642004774 0.3057491289198606 0.019093078758949944 0.0574912891986063
1 0.6141607000795545 0.3710801393728223 0.023866348448687402 0.0662020905923345
1 0.6670644391408114 0.41114982578397213 0.023070803500397807 0.0662020905923345
1 0.5819411296738266 0.3440766550522648 0.023070803500397807 0.057491289198606244
1 0.5819411296738266 0.13850174216027875 0.011933174224343701 0.03658536585365853
1 0.5855210819411296 0.17247386759581881 0.012728719172633185 0.0383275261324042
1 0.5576770087509945 0.14285714285714285 0.012728719172633296 0.03484320557491288
1 0.5656324582338902 0.16550522648083624 0.012728719172633296 0.04181184668989546
1 0.5560859188544153 0.22560975609756098 0.011137629276054106 0.04006968641114983
1 0.573587907716786 0.21689895470383275 0.014319809069212375 0.04355400696864112
1 0.49960222752585526 0.156794425087108 0.011137629276054162 0.03484320557491291
1 0.5226730310262531 0.17857142857142858 0.014319809069212375 0.04006968641114983
1 0.5326173428798727 0.171602787456446 0.01352426412092278 0.04006968641114983
1 0.4478918058870326 0.1646341463414634 0.01113762927605405 0.029616724738675965
1 0.4618138424821002 0.171602787456446 0.010342084327764511 0.026132404181184676
1 0.4992044550517104 0.2142857142857143 0.01511535401750197 0.03832752613240417
1 0.47653142402545745 0.2578397212543554 0.01909307875894989 0.052264808362369325
1 0.4411296738265712 0.1994773519163763 0.01352426412092278 0.036585365853658514
1 0.4447096260938743 0.3170731707317073 0.0175019888623707 0.05226480836236935
1 0.4053301511535402 0.24303135888501742 0.013524264120922835 0.04006968641114983
1 0.39697692919649963 0.19599303135888502 0.01431980906921243 0.036585365853658514
1 0.35719968178202066 0.21777003484320556 0.01272871917263324 0.03832752613240417
1 0.3794749403341289 0.2691637630662021 0.015910898965791564 0.04703832752613238
1 0.3711217183770883 0.20209059233449478 0.01670644391408116 0.031358885017421595
1 0.2752585521081941 0.25 0.015910898965791564 0.033101045296167225
1 0.3146380270485282 0.21777003484320556 0.01670644391408116 0.03484320557491291
1 0.3158313444709626 0.2508710801393728 0.01272871917263324 0.04181184668989546
1 0.33850437549721557 0.23344947735191637 0.016706443914081104 0.045296167247386776
1 0.20445505171042166 0.3005226480836237 0.017501988862370726 0.047038327526132406
1 0.23428798727128083 0.2952961672473868 0.01670644391408116 0.05400696864111498
1 0.10620525059665872 0.5688153310104529 0.04534606205250598 0.11672473867595812
1 0.7251392203659507 0.4189895470383275 0.024661893396976886 0.07491289198606277
