1 0.12348178137651822 0.49594320486815413 0.05263157894736842 0.08722109533468564
1 0.14979757085020243 0.4006085192697769 0.04858299595141702 0.08316430020283977
1 0.12145748987854252 0.3509127789046653 0.02968960863697706 0.056795131845841784
1 0.1039136302294197 0.3062880324543611 0.032388663967611336 0.052738336713995915
1 0.08636977058029689 0.33772819472616633 0.03778677462887989 0.07099391480730222
1 0.0398110661268556 0.26369168356997974 0.028340080971659923 0.04056795131845842
1 0.11336032388663968 0.24543610547667344 0.026990553306342785 0.04056795131845839
1 0.14035087719298245 0.2464503042596349 0.021592442645074233 0.03448275862068967
1 0.17273954116059378 0.2484787018255578 0.02429149797570851 0.03853955375253548
1 0.17341430499325236 0.3062880324543611 0.02834008097165991 0.052738336713995915
1 0.21727395411605938 0.3235294117647059 0.026990553306342785 0.05476673427991885
1 0.24426450742240216 0.3509127789046653 0.032388663967611364 0.0486815415821501
1 0.2300944669365722 0.41379310344827586 0.04723346828609987 0.0851926977687627
1 0.29014844804318485 0.4726166328600405 0.04318488529014847 0.08519269776876265
1 0.32253711201079627 0.486815415821501 0.05398110661268557 0.09330628803245439
1 0.3609986504723347 0.48275862068965514 0.05263157894736842 0.10547667342799188
1 0.45883940620782726 0.4421906693711968 0.04318488529014841 0.08924949290060852
1 0.5418353576248314 0.46855983772819476 0.04993252361673417 0.09736308316430026
1 0.5195681511470985 0.40466531440162273 0.045883940620782715 0.08722109533468558
1 0.41632928475033737 0.3874239350912779 0.04723346828609987 0.09330628803245439
1 0.3508771929824561 0.4016227180527383 0.03778677462887986 0.07302231237322515
1 0.3900134952766532 0.42089249492900604 0.040485829959514164 0.0669371196754564
1 0.3097165991902834 0.38336713995943206 0.04453441295546562 0.07707910750507097
1 0.2759784075573549 0.34888438133874244 0.031039136302294157 0.056795131845841784
1 0.27530364372469635 0.31643002028397565 0.021592442645074206 0.0365111561866126
1 0.3083670715249663 0.3235294117647059 0.022941970310391357 0.03853955375253548
1 0.33805668016194335 0.3235294117647059 0.02024291497975711 0.03853955375253548
1 0.3265856950067476 0.28498985801217036 0.018893387314439958 0.03448275862068967
1 0.29217273954116063 0.2535496957403651 0.02024291497975711 0.032454361054766734
1 0.296221322537112 0.21906693711967545 0.014844804318488503 0.028397565922920892
1 0.2584345479082321 0.2302231237322515 0.020242914979757054 0.030425963488843827
1 0.2624831309041835 0.2647058823529412 0.017543859649122806 0.030425963488843827
1 0.26450742240215924 0.29411764705882354 0.01619433198380571 0.0365111561866126
1 0.23954116059379216 0.30831643002028397 0.025641025641025633 0.04056795131845842
1 0.22807017543859648 0.28498985801217036 0.021592442645074233 0.03853955375253554
1 0.20782726045883942 0.2839756592292089 0.01889338731443993 0.032454361054766734
1 0.21794871794871795 0.24746450304259637 0.020242914979757082 0.03245436105476676
1 0.21390013495276655 0.21501014198782964 0.01484480431848853 0.028397565922920892
1 0.23819163292847503 0.2525354969574036 0.017543859649122806 0.03448275862068967
1 0.33333333333333337 0.25050709939148075 0.018893387314439958 0.0304259634888438
1 0.3373819163292847 0.218052738336714 0.01349527665317135 0.030425963488843827
1 0.37044534412955465 0.22920892494929007 0.014844804318488558 0.028397565922920892
1 0.38124156545209176 0.2363083164300203 0.017543859649122806 0.03448275862068967
1 0.34952766531713897 0.2931034482758621 0.016194331983805654 0.0304259634888438
1 0.3616734143049932 0.3062880324543611 0.018893387314439958 0.03651115618661255
1 0.38191632928475033 0.3103448275862069 0.021592442645074206 0.04462474645030423
1 0.41970310391363025 0.2829614604462475 0.02429149797570851 0.046653144016227166
1 0.41228070175438597 0.2210953346855984 0.020242914979757054 0.032454361054766734
1 0.4244264507422402 0.1795131845841785 0.014844804318488558 0.0304259634888438
1 0.44534412955465585 0.35801217038539557 0.03508771929824561 0.06288032454361053
1 0.46963562753036436 0.3448275862068966 0.02429149797570851 0.04462474645030429
1 0.4946018893387315 0.3519269776876268 0.033738191632928516 0.050709939148073035
1 0.48717948717948717 0.3103448275862069 0.021592442645074206 0.0365111561866126
1 0.4581646423751687 0.29918864097363085 0.022941970310391357 0.03853955375253548
1 0.45276653171390013 0.27281947261663286 0.020242914979757054 0.030425963488843855
1 0.4534412955465587 0.2525354969574036 0.018893387314439902 0.026369168356997957
1 0.4574898785425101 0.21095334685598377 0.02429149797570851 0.036511156186612576
1 0.4966261808367072 0.2129817444219067 0.018893387314439958 0.032454361054766734
1 0.4946018893387314 0.2647058823529412 0.017543859649122806 0.03448275862068964
1 0.5128205128205128 0.27281947261663286 0.021592442645074206 0.03853955375253548
1 0.5161943319838056 0.3286004056795132 0.020242914979757054 0.03651115618661255
1 0.5317139001349528 0.3488843813387424 0.026990553306342813 0.04462474645030423
1 0.5479082321187585 0.3661257606490872 0.03238866396761131 0.054766734279918905
1 0.5728744939271255 0.359026369168357 0.04183535762483137 0.0851926977687627
1 0.5472334682860999 0.32352941176470584 0.01754385964912286 0.03448275862068967
1 0.5499325236167342 0.2525354969574036 0.014844804318488558 0.0304259634888438
1 0.5937921727395412 0.39858012170385393 0.045883940620782826 0.08722109533468564
1 0.5951417004048583 0.3144016227180527 0.021592442645074206 0.04056795131845842
1 0.5991902834008097 0.2302231237322515 0.0161943319838056 0.03853955375253551
1 0.5823211875843455 0.22413793103448276 0.01754385964912286 0.0304259634888438
1 0.5755735492577598 0.1764705882352941 0.020242914979757054 0.028397565922920892
1 0.5654520917678812 0.13691683569979715 0.018893387314439902 0.034482758620689655
1 0.6140350877192982 0.16734279918864098 0.01619433198380571 0.0304259634888438
1 0.6167341430499325 0.1419878296146045 0.01619433198380571 0.028397565922920892
1 0.6423751686909582 0.2210953346855984 0.018893387314440013 0.032454361054766734
1 0.6383265856950068 0.3549695740365112 0.026990553306342813 0.056795131845841784
1 0.6282051282051282 0.3275862068965517 0.020242914979757165 0.03448275862068967
1 0.6578947368421053 0.2565922920892495 0.020242914979757054 0.03853955375253548
1 0.650472334682861 0.4330628803245436 0.04858299595141702 0.09127789046653145
1 0.6639676113360324 0.5070993914807302 0.05937921727395412 0.10547667342799194
1 0.6916329284750338 0.41784989858012167 0.03913630229419707 0.09330628803245439
1 0.7206477732793523 0.4300202839756592 0.04858299595141702 0.10141987829614607
1 0.7692307692307692 0.47971602434077076 0.06747638326585703 0.11561866125760645
1 0.7968960863697706 0.5649087221095335 0.07962213225371118 0.12373225152129819
1 0.8495276653171391 0.359026369168357 0.06612685560053977 0.0973630831643002
1 0.951417004048583 0.511156186612576 0.09716599190283404 0.1582150101419878
1 0.7739541160593792 0.39858012170385393 0.052631578947368474 0.08722109533468564
1 0.7429149797570851 0.3275862068965517 0.04723346828609987 0.08316430020283977
1 0.6943319838056681 0.34279918864097364 0.02564102564102566 0.0365111561866126
1 0.6875843454790823 0.3022312373225152 0.02564102564102555 0.0365111561866126
1 0.6963562753036437 0.26267748478701824 0.018893387314439902 0.03448275862068967
1 0.6970310391363023 0.22210953346855983 0.014844804318488558 0.030425963488843827
1 0.6653171390013495 0.13184584178498987 0.021592442645074317 0.028397565922920892
1 0.7186234817813766 0.13387423935091278 0.01754385964912275 0.02434077079107505
1 0.7300944669365722 0.18864097363083165 0.018893387314439902 0.032454361054766734
1 0.7577597840755735 0.20486815415821502 0.01754385964912286 0.032454361054766734
1 0.7699055330634278 0.22718052738336714 0.01754385964912286 0.032454361054766734
1 0.7941970310391363 0.29107505070993916 0.02294197031039147 0.04259634888438135
1 0.8022941970310391 0.2383367139959432 0.022941970310391357 0.042596348884381324
1 0.791497975708502 0.15821501014198786 0.014844804318488558 0.028397565922920892
1 0.7746288798920378 0.11561866125760649 0.0161943319838056 0.028397565922920892
1 0.8130904183535763 0.13184584178498987 0.01754385964912275 0.028397565922920892
1 0.8272604588394062 0.23225152129817445 0.021592442645074206 0.046653144016227194
1 0.9318488529014844 0.26774847870182555 0.03913630229419707 0.0608519269776876
1 0.9163292847503374 0.21602434077079108 0.02429149797570851 0.046653144016227166
