1 0.03909090909090909 0.2863013698630137 0.052727272727272734 0.07945205479452055
1 0.09272727272727273 0.28356164383561644 0.04000000000000001 0.07397260273972606
1 0.24363636363636365 0.373972602739726 0.05090909090909093 0.0904109589041096
1 0.23454545454545456 0.28356164383561644 0.05090909090909093 0.07397260273972606
1 0.22545454545454546 0.22876712328767124 0.03636363636363635 0.05205479452054795
1 0.2609090909090909 0.24794520547945204 0.034545454545454574 0.052054794520547926
1 0.3418181818181818 0.2123287671232877 0.02909090909090911 0.052054794520547926
1 0.38 0.22328767123287674 0.032727272727272716 0.05753424657534248
1 0.40909090909090906 0.23835616438356164 0.03999999999999998 0.07123287671232875
1 0.43272727272727274 0.20410958904109588 0.025454545454545452 0.05205479452054795
1 0.4581818181818182 0.2534246575342466 0.036363636363636376 0.073972602739726
1 0.519090909090909 0.2547945205479452 0.10363636363636364 0.1808219178082192
1 0.5954545454545455 0.2232876712328767 0.045454545454545414 0.0684931506849315
1 0.5790909090909091 0.1780821917808219 0.023636363636363678 0.0273972602739726
1 0.6145454545454545 0.1917808219178082 0.025454545454545507 0.04383561643835618
1 0.6854545454545455 0.22465753424657536 0.043636363636363584 0.05479452054794523
1 0.739090909090909 0.1986301369863014 0.027272727272727226 0.052054794520547926
1 0.7672727272727273 0.1863013698630137 0.021818181818181848 0.04383561643835618
1 0.8036363636363637 0.19452054794520549 0.029090909090909167 0.0547945205479452
1 0.8281818181818181 0.1726027397260274 0.019999999999999907 0.05479452054794523
1 0.7618181818181818 0.3136986301369863 0.06909090909090909 0.13424657534246576
1 0.86 0.2534246575342466 0.047272727272727355 0.09041095890410958
1 0.9218181818181819 0.34794520547945207 0.09090909090909094 0.14246575342465756
1 0.9727272727272727 0.27808219178082194 0.050909090909090904 0.1013698630136986
1 0.9154545454545455 0.23561643835616436 0.038181818181818206 0.07671232876712328
1 0.9527272727272726 0.23013698630136986 0.043636363636363584 0.0876712328767123
