1 0.17578125 0.5395833333333333 0.09843750000000001 0.15833333333333338
1 0.11875 0.43333333333333335 0.046875 0.0625
1 0.16640624999999998 0.43125 0.045312500000000006 0.06666666666666671
1 0.19453125 0.42291666666666666 0.0390625 0.06666666666666665
1 0.39609375 0.4166666666666667 0.04218749999999999 0.0625
1 0.5375 0.434375 0.03125 0.05625000000000002
1 0.60078125 0.5041666666666667 0.08281250000000007 0.12916666666666665
1 0.6578125 0.428125 0.050000000000000044 0.07708333333333334
1 0.5671875 0.321875 0.03125 0.04375000000000001
1 0.7390625 0.40625 0.04062500000000002 0.05833333333333335
1 0.8 0.44791666666666663 0.05312499999999998 0.07500000000000001
1 0.85625 0.3979166666666667 0.03437499999999993 0.04583333333333334
1 0.9109375 0.44895833333333335 0.04999999999999993 0.07708333333333334
1 0.9171875 0.4083333333333333 0.028125000000000067 0.04166666666666663
1 0.98515625 0.41874999999999996 0.029687499999999978 0.041666666666666685
1 0.96953125 0.4145833333333333 0.0234375 0.04583333333333334
1 0.7390625 0.5322916666666666 0.10312500000000002 0.14791666666666664
1 0.65703125 0.8583333333333334 0.18281249999999993 0.275
