1 0.12947368421052632 0.5428370786516854 0.06947368421052631 0.11938202247191004
1 0.2005263157894737 0.5540730337078652 0.05368421052631578 0.0800561797752809
1 0.17421052631578948 0.5098314606741573 0.0368421052631579 0.05337078651685395
1 0.1994736842105263 0.4901685393258427 0.02631578947368421 0.04775280898876405
1 0.1663157894736842 0.4789325842696629 0.02105263157894735 0.02808988764044945
1 0.18736842105263157 0.4768258426966292 0.01894736842105263 0.03230337078651685
1 0.2263157894736842 0.4768258426966292 0.02105263157894735 0.03230337078651685
1 0.2705263157894737 0.4789325842696629 0.02105263157894738 0.03370786516853935
1 0.30736842105263157 0.49297752808988765 0.025263157894736876 0.0449438202247191
1 0.30473684210526314 0.5428370786516854 0.05157894736842106 0.07162921348314599
1 0.3505263157894737 0.5428370786516854 0.07157894736842108 0.11938202247191004
1 0.3336842105263158 0.4683988764044944 0.02105263157894738 0.03230337078651685
1 0.3510526315789474 0.48174157303370785 0.01578947368421052 0.030898876404494402
1 0.3684210526315789 0.476123595505618 0.01473684210526316 0.02808988764044945
1 0.3757894736842105 0.4712078651685393 0.01473684210526316 0.023876404494382053
1 0.39263157894736844 0.5042134831460674 0.02526315789473682 0.044943820224719155
1 0.41947368421052633 0.4810393258426966 0.01789473684210524 0.03230337078651685
1 0.4336842105263158 0.4691011235955056 0.01473684210526316 0.02808988764044945
1 0.4536842105263158 0.476123595505618 0.0189473684210526 0.03651685393258425
1 0.47421052631578947 0.5133426966292135 0.032631578947368456 0.05196629213483145
1 0.4978947368421053 0.5526685393258427 0.05263157894736842 0.0941011235955056
1 0.49105263157894735 0.4803370786516854 0.02210526315789474 0.0337078651685393
1 0.5063157894736843 0.4691011235955056 0.012631578947368438 0.03651685393258425
1 0.5273684210526316 0.4866573033707865 0.023157894736842044 0.04073033707865176
1 0.5521052631578947 0.5337078651685394 0.0368421052631579 0.0758426966292135
1 0.5810526315789474 0.4887640449438202 0.03368421052631576 0.047752808988763995
1 0.5678947368421052 0.4740168539325843 0.017894736842105297 0.03230337078651685
1 0.64 0.48314606741573035 0.023157894736842044 0.047752808988764106
1 0.6942105263157894 0.5161516853932584 0.0557894736842105 0.08567415730337075
1 0.7794736842105263 0.4817415730337079 0.030526315789473735 0.04775280898876405
1 0.858421052631579 0.4845505617977528 0.03894736842105262 0.06179775280898875
1 0.8847368421052632 0.5449438202247191 0.049473684210526336 0.0786516853932584
1 0.9568421052631579 0.5196629213483146 0.039999999999999925 0.0702247191011236
1 0.976842105263158 0.5112359550561798 0.03368421052631587 0.06741573033707865
