1 0.06899999999999999 0.6441441441441441 0.09799999999999999 0.15315315315315314
1 0.064 0.4804804804804805 0.056 0.08408408408408408
1 0.019999999999999997 0.4519519519519519 0.036 0.08108108108108109
1 0.123 0.4339339339339339 0.045999999999999985 0.06306306306306309
1 0.19 0.45495495495495497 0.043999999999999984 0.06906906906906907
1 0.18 0.542042042042042 0.07200000000000001 0.11111111111111105
1 0.33199999999999996 0.5015015015015015 0.05199999999999999 0.08408408408408402
1 0.23099999999999998 0.4144144144144144 0.034 0.05405405405405406
1 0.29000000000000004 0.42042042042042044 0.035999999999999976 0.05405405405405406
1 0.299 0.3813813813813814 0.03400000000000003 0.048048048048048075
1 0.363 0.4084084084084084 0.03400000000000003 0.05405405405405406
1 0.404 0.3768768768768769 0.02799999999999997 0.04504504504504503
1 0.426 0.3963963963963964 0.028000000000000025 0.048048048048048075
1 0.46299999999999997 0.37537537537537535 0.021999999999999964 0.03603603603603606
1 0.556 0.28978978978978975 0.03199999999999992 0.06306306306306303
1 0.5700000000000001 0.42492492492492495 0.039999999999999925 0.06306306306306303
1 0.479 0.4279279279279279 0.045999999999999985 0.05705705705705705
1 0.406 0.46996996996997 0.04799999999999999 0.06906906906906901
1 0.321 0.5990990990990991 0.08199999999999996 0.11111111111111116
1 0.287 0.7942942942942943 0.12999999999999998 0.18318318318318316
1 0.509 0.6231231231231231 0.07800000000000007 0.14114114114114118
1 0.492 0.503003003003003 0.055999999999999994 0.09309309309309316
1 0.534 0.47597597597597596 0.040000000000000036 0.08708708708708701
1 0.537 0.40990990990990994 0.030000000000000027 0.05705705705705705
1 0.653 0.49549549549549554 0.04600000000000004 0.07207207207207206
1 0.5920000000000001 0.557057057057057 0.05999999999999994 0.10510510510510518
1 0.755 0.6681681681681682 0.1060000000000001 0.1351351351351351
1 0.64 0.9174174174174174 0.15599999999999992 0.15915915915915912
1 0.755 0.5645645645645646 0.062000000000000055 0.10810810810810811
1 0.8029999999999999 0.5360360360360361 0.04599999999999993 0.08708708708708712
1 0.821 0.463963963963964 0.04599999999999993 0.0750750750750751
1 0.815 0.43093093093093093 0.03799999999999992 0.04504504504504503
1 0.8280000000000001 0.4084084084084084 0.03199999999999992 0.04204204204204204
1 0.683 0.4429429429429429 0.03399999999999992 0.051051051051051066
1 0.66 0.4039039039039039 0.028000000000000025 0.05105105105105101
1 0.716 0.4219219219219219 0.03200000000000003 0.051051051051051066
1 0.74 0.4129129129129129 0.028000000000000025 0.045045045045045085
1 0.738 0.25225225225225223 0.03200000000000003 0.04804804804804805
