1 0.16378482228626323 0.488135593220339 0.04899135446685879 0.10169491525423735
1 0.35830931796349663 0.20254237288135593 0.019212295869356355 0.03898305084745762
1 0.39913544668587897 0.21525423728813559 0.018251681075888593 0.033898305084745756
1 0.3573487031700288 0.23389830508474574 0.01729106628242072 0.033898305084745756
1 0.38760806916426516 0.2728813559322034 0.024015369836695444 0.040677966101694885
1 0.457252641690682 0.22627118644067795 0.021133525456292046 0.04237288135593223
1 0.41450528338136405 0.16271186440677965 0.020172910662824173 0.033898305084745756
1 0.4855907780979827 0.14152542372881355 0.016330451488952902 0.03559322033898303
1 0.5086455331412103 0.12966101694915255 0.01440922190201721 0.028813559322033902
1 0.532180595581172 0.12457627118644068 0.013448607108549449 0.028813559322033902
1 0.56388088376561 0.13050847457627118 0.013448607108549449 0.03050847457627119
1 0.5811719500480308 0.12372881355932203 0.011527377521613924 0.03389830508474577
1 0.5600384245917387 0.18135593220338983 0.019212295869356355 0.03389830508474578
1 0.4750240153698367 0.34067796610169493 0.03170028818443804 0.057627118644067776
1 0.521613832853026 0.326271186440678 0.02497598463016326 0.05254237288135594
1 0.6147934678194045 0.25 0.026897214217099008 0.06610169491525422
1 0.6512968299711815 0.22033898305084748 0.023054755043227626 0.057627118644067804
1 0.6983669548511047 0.2627118644067796 0.032660902977905804 0.07457627118644067
1 0.670509125840538 0.36101694915254234 0.03458213256484155 0.07118644067796615
1 0.7800192122958693 0.2728813559322034 0.032660902977905915 0.06779661016949151
1 0.8583093179634966 0.13050847457627118 0.016330451488952846 0.03050847457627119
1 0.824687800192123 0.3008474576271186 0.03170028818443804 0.06610169491525425
1 0.899135446685879 0.30254237288135594 0.028818443804034644 0.06271186440677967
1 0.8938520653218059 0.0847457627118644 0.018251681075888593 0.04067796610169491
1 0.920749279538905 0.1559322033898305 0.012487992315081686 0.033898305084745756
