1 0.10181818181818182 0.9200968523002422 0.19636363636363638 0.15980629539951574
1 0.06181818181818182 0.8099273607748184 0.10181818181818182 0.12832929782082325
1 0.07454545454545455 0.7191283292978208 0.05090909090909092 0.06295399515738498
1 0.16454545454545455 0.7627118644067796 0.07454545454545455 0.09685230024213076
1 0.20454545454545453 0.7215496368038741 0.03818181818181818 0.06295399515738498
1 0.1590909090909091 0.6949152542372881 0.023636363636363622 0.03874092009685237
1 0.3145454545454546 0.7215496368038741 0.05454545454545451 0.07263922518159804
1 0.3745454545454545 0.8825665859564165 0.11636363636363639 0.18159806295399517
1 0.41181818181818186 0.7360774818401937 0.06363636363636366 0.10169491525423724
1 0.49909090909090914 0.7627118644067796 0.05272727272727279 0.06779661016949157
1 0.5618181818181818 0.7639225181598063 0.0763636363636363 0.12348668280871666
1 0.47545454545454546 0.7239709443099274 0.030909090909090886 0.04358353510895885
1 0.4381818181818182 0.6113801452784504 0.021818181818181848 0.03147699757869249
1 0.6 0.7130750605326877 0.032727272727272716 0.060532687651331685
1 0.6554545454545455 0.7142857142857143 0.034545454545454546 0.05811138014527839
1 0.6354545454545455 0.698547215496368 0.023636363636363567 0.041162227602905554
1 0.7118181818181819 0.7179176755447942 0.030909090909090886 0.05569007263922521
1 0.7736363636363637 0.7651331719128329 0.07818181818181824 0.12106537530266337
1 0.8345454545454545 0.7058111380145278 0.029090909090909167 0.04600484261501203
1 0.8627272727272728 0.6924939467312348 0.030909090909090886 0.053268765133171914
1 0.9263636363636363 0.7094430992736077 0.030909090909090886 0.03874092009685226
1 0.9390909090909091 0.6900726392251816 0.027272727272727337 0.03874092009685226
1 0.9781818181818182 0.7106537530266344 0.029090909090909056 0.04600484261501214
