1 0.039375 0.3 0.03375 0.033333333333333326
1 0.035625 0.41500000000000004 0.01875 0.03666666666666668
1 0.059375 0.42083333333333334 0.033749999999999995 0.03833333333333333
1 0.109375 0.4291666666666667 0.04375000000000001 0.051666666666666694
1 0.078125 0.43833333333333335 0.026249999999999996 0.02999999999999997
1 0.16875 0.3433333333333333 0.01999999999999999 0.030000000000000027
1 0.206875 0.3416666666666667 0.016249999999999987 0.026666666666666672
1 0.258125 0.34833333333333333 0.018750000000000017 0.030000000000000027
1 0.2825 0.3525 0.019999999999999962 0.02833333333333332
1 0.32625 0.34833333333333333 0.020000000000000018 0.033333333333333326
1 0.22625 0.5416666666666666 0.07999999999999999 0.09666666666666662
1 0.193125 0.49333333333333335 0.06125 0.09333333333333338
1 0.1575 0.42833333333333334 0.034999999999999976 0.04999999999999999
1 0.14375 0.4033333333333333 0.024999999999999994 0.033333333333333326
1 0.19 0.4166666666666667 0.0325 0.053333333333333344
1 0.213125 0.39916666666666667 0.023749999999999993 0.03500000000000003
1 0.239375 0.4475 0.04125000000000001 0.065
1 0.278125 0.43833333333333335 0.04125000000000001 0.053333333333333344
1 0.26749999999999996 0.4058333333333333 0.034999999999999976 0.03833333333333333
1 0.2975 0.4141666666666667 0.025000000000000022 0.034999999999999976
1 0.31875 0.39916666666666667 0.02250000000000002 0.03166666666666662
1 0.3275 0.44333333333333336 0.034999999999999976 0.05333333333333329
1 0.37 0.42833333333333334 0.03249999999999997 0.046666666666666634
1 0.39812499999999995 0.40166666666666667 0.023749999999999993 0.036666666666666625
1 0.426875 0.5675 0.14125 0.22166666666666668
1 0.45875 0.4575 0.05499999999999999 0.07500000000000001
1 0.4525 0.4083333333333333 0.030000000000000027 0.043333333333333335
1 0.5075000000000001 0.39749999999999996 0.025000000000000022 0.031666666666666676
1 0.5387500000000001 0.44666666666666666 0.039999999999999925 0.053333333333333344
1 0.588125 0.45416666666666666 0.04875000000000007 0.07166666666666666
1 0.5631250000000001 0.4116666666666666 0.026249999999999996 0.03666666666666668
1 0.525625 0.39249999999999996 0.018750000000000044 0.031666666666666676
1 0.62 0.41583333333333333 0.030000000000000027 0.03500000000000003
1 0.6837500000000001 0.4241666666666667 0.02749999999999997 0.03833333333333333
1 0.66625 0.41333333333333333 0.022499999999999964 0.030000000000000027
1 0.7050000000000001 0.445 0.02749999999999997 0.043333333333333335
1 0.74625 0.45999999999999996 0.05249999999999999 0.08000000000000002
1 0.643125 0.53 0.06874999999999998 0.09999999999999998
1 0.7581249999999999 0.6008333333333333 0.10625000000000007 0.16166666666666663
1 0.8262499999999999 0.5458333333333334 0.07750000000000001 0.11833333333333329
1 0.9199999999999999 0.48583333333333334 0.06999999999999995 0.08499999999999996
1 0.846875 0.45916666666666667 0.05125000000000002 0.06166666666666665
1 0.78625 0.44333333333333336 0.03499999999999992 0.05333333333333329
1 0.771875 0.4191666666666667 0.023749999999999938 0.034999999999999976
1 0.7262500000000001 0.4116666666666667 0.022500000000000075 0.033333333333333326
1 0.8556250000000001 0.41083333333333333 0.028749999999999942 0.03833333333333333
1 0.835 0.39583333333333337 0.022499999999999964 0.024999999999999967
1 0.884375 0.435 0.03374999999999995 0.043333333333333335
1 0.96125 0.6266666666666667 0.07250000000000001 0.16333333333333333
1 0.99 0.4525 0.020000000000000018 0.044999999999999984
1 0.965 0.43 0.030000000000000027 0.043333333333333335
1 0.934375 0.43833333333333335 0.03125 0.04666666666666669
1 0.919375 0.4 0.018749999999999933 0.02999999999999997
1 0.9450000000000001 0.4066666666666667 0.019999999999999907 0.030000000000000027
1 0.9881249999999999 0.405 0.016249999999999987 0.026666666666666672
