1 0.04875 0.6391666666666667 0.0525 0.06166666666666676
1 0.07 0.6858333333333333 0.05 0.05166666666666664
1 0.114375 0.75 0.06874999999999999 0.08666666666666667
1 0.173125 0.8233333333333333 0.09875 0.10999999999999999
1 0.30937499999999996 0.7591666666666667 0.08124999999999999 0.08833333333333337
1 0.244375 0.6683333333333333 0.05625000000000002 0.08666666666666667
1 0.16999999999999998 0.6625 0.05750000000000002 0.07499999999999996
1 0.166875 0.6000000000000001 0.04625000000000001 0.06333333333333335
1 0.226875 0.61 0.04375000000000001 0.06000000000000005
1 0.3 0.6641666666666667 0.04749999999999999 0.05499999999999994
1 0.38187499999999996 0.6691666666666667 0.05375000000000002 0.06499999999999995
1 0.406875 0.6483333333333334 0.048750000000000016 0.053333333333333344
1 0.35375 0.6008333333333333 0.040000000000000036 0.04499999999999993
1 0.451875 0.6000000000000001 0.04375000000000001 0.053333333333333344
1 0.546875 0.6483333333333334 0.04875000000000007 0.06333333333333335
1 0.524375 0.6791666666666667 0.04874999999999996 0.05500000000000005
1 0.488125 0.7433333333333333 0.07874999999999999 0.09666666666666668
1 0.496875 0.8175 0.10625000000000007 0.1416666666666666
1 0.5375 0.5908333333333333 0.03249999999999997 0.04166666666666674
1 0.604375 0.4475 0.023749999999999938 0.04166666666666663
1 0.64 0.6058333333333333 0.03499999999999992 0.05499999999999994
1 0.6712499999999999 0.6441666666666667 0.04749999999999999 0.06499999999999995
1 0.670625 0.6875 0.05874999999999997 0.05499999999999994
1 0.69 0.7416666666666667 0.07500000000000007 0.10333333333333339
1 0.731875 0.6041666666666666 0.036250000000000004 0.05833333333333335
1 0.7525 0.65 0.04500000000000004 0.06666666666666665
1 0.8225 0.6875 0.0625 0.07499999999999996
1 0.87 0.7266666666666667 0.07000000000000006 0.08666666666666667
1 0.84625 0.8041666666666667 0.125 0.17500000000000004
