1 0.20251937984496127 0.3555363321799308 0.046511627906976744 0.08477508650519028
1 0.29215116279069764 0.22491349480968859 0.02228682170542634 0.03806228373702422
1 0.3299418604651163 0.23529411764705882 0.020348837209302306 0.04152249134948094
1 0.33284883720930236 0.21280276816608995 0.016472868217054237 0.031141868512110732
1 0.3522286821705426 0.19723183391003463 0.014534883720930203 0.031141868512110732
1 0.3478682170542636 0.1773356401384083 0.013565891472868241 0.02941176470588236
1 0.37742248062015504 0.1980968858131488 0.016472868217054293 0.03633217993079585
1 0.3585271317829457 0.24567474048442905 0.021317829457364323 0.04152249134948094
1 0.3798449612403101 0.2482698961937716 0.019379844961240345 0.03633217993079582
1 0.4161821705426356 0.2413494809688581 0.024224806201550375 0.04325259515570931
1 0.4118217054263566 0.2179930795847751 0.019379844961240345 0.031141868512110732
1 0.3982558139534884 0.19117647058823528 0.017441860465116255 0.03287197231833908
1 0.4249031007751938 0.1453287197231834 0.010658914728682134 0.024221453287197242
1 0.436531007751938 0.16695501730103807 0.016472868217054293 0.025951557093425615
1 0.4481589147286822 0.14792387543252594 0.014534883720930203 0.02941176470588236
1 0.46608527131782945 0.16435986159169552 0.01744186046511631 0.03460207612456748
1 0.4694767441860465 0.1366782006920415 0.01065891472868219 0.024221453287197242
1 0.4815891472868217 0.17560553633217993 0.01550387596899222 0.032871972318339104
1 0.45155038759689925 0.2179930795847751 0.021317829457364323 0.03806228373702422
1 0.47965116279069764 0.22664359861591693 0.01937984496124029 0.04152249134948097
1 0.49224806201550386 0.14965397923875431 0.017441860465116255 0.032871972318339104
1 0.49224806201550386 0.13062283737024222 0.013565891472868241 0.02249134948096887
1 0.501937984496124 0.11591695501730104 0.015503875968992276 0.031141868512110718
1 0.5101744186046512 0.14013840830449825 0.014534883720930258 0.031141868512110732
1 0.5242248062015504 0.12456747404844291 0.013565891472868241 0.031141868512110732
1 0.5329457364341086 0.1782006920415225 0.015503875968992165 0.03460207612456748
1 0.49612403100775193 0.2828719723183391 0.027131782945736427 0.06055363321799312
1 0.5479651162790697 0.29411764705882354 0.03197674418604657 0.06574394463667821
1 0.5663759689922481 0.23356401384083042 0.02422480620155043 0.04498269896193771
1 0.5566860465116279 0.1764705882352941 0.016472868217054293 0.031141868512110732
1 0.5528100775193798 0.15570934256055363 0.014534883720930258 0.031141868512110704
1 0.565406976744186 0.1505190311418685 0.012596899224806224 0.03460207612456748
1 0.5838178294573644 0.16608996539792387 0.018410852713178327 0.03806228373702422
1 0.5469961240310077 0.1453287197231834 0.01065891472868219 0.024221453287197242
1 0.5489341085271318 0.1254325259515571 0.014534883720930258 0.025951557093425615
1 0.5833333333333334 0.11678200692041521 0.011627906976744207 0.03287197231833909
1 0.5949612403100775 0.13321799307958476 0.01356589147286813 0.031141868512110732
1 0.6182170542635659 0.16349480968858132 0.01744186046511631 0.032871972318339104
1 0.623546511627907 0.1254325259515571 0.012596899224806224 0.02941176470588236
1 0.6065891472868217 0.11332179930795847 0.013565891472868241 0.029411764705882346
1 0.6375968992248062 0.1046712802768166 0.011627906976744207 0.0259515570934256
1 0.6463178294573644 0.1323529411764706 0.013565891472868241 0.032871972318339104
1 0.6521317829457365 0.1185121107266436 0.01356589147286813 0.022491349480968842
1 0.6642441860465116 0.10380622837370243 0.008720930232558155 0.024221453287197228
1 0.6821705426356589 0.11764705882352941 0.011627906976744207 0.024221453287197228
1 0.687984496124031 0.10034602076124569 0.013565891472868241 0.020761245674740483
1 0.6124031007751938 0.2422145328719723 0.023255813953488413 0.04844290657439443
1 0.6182170542635659 0.22491349480968859 0.019379844961240345 0.03460207612456748
1 0.6114341085271318 0.3209342560553633 0.029069767441860517 0.057093425605536374
1 0.7034883720930233 0.3140138408304498 0.029069767441860517 0.060553633217993064
1 0.686531007751938 0.24567474048442908 0.022286821705426396 0.055363321799307974
1 0.6705426356589147 0.17993079584775085 0.019379844961240345 0.04152249134948097
1 0.6967054263565892 0.157439446366782 0.015503875968992276 0.031141868512110704
1 0.7136627906976745 0.1782006920415225 0.018410852713178216 0.04152249134948097
1 0.7175387596899225 0.11072664359861592 0.010658914728682078 0.027681660899653973
1 0.747093023255814 0.13494809688581316 0.015503875968992276 0.03460207612456748
1 0.7698643410852714 0.15657439446366783 0.014534883720930258 0.03287197231833908
1 0.7577519379844961 0.185121107266436 0.01744186046511631 0.03806228373702422
1 0.7175387596899225 0.23183391003460208 0.02422480620155032 0.048442906574394456
1 0.7281976744186046 0.19463667820069205 0.016472868217054293 0.039792387543252594
1 0.7592054263565892 0.27249134948096887 0.022286821705426396 0.05017301038062286
1 0.7315891472868217 0.28633217993079585 0.025193798449612448 0.05363321799307963
1 0.751453488372093 0.3685121107266436 0.0339147286821706 0.06574394463667821
1 0.7776162790697674 0.3105536332179931 0.026162790697674354 0.053633217993079574
1 0.812015503875969 0.2828719723183391 0.023255813953488413 0.06055363321799312
1 0.8328488372093024 0.3070934256055363 0.026162790697674354 0.06401384083044981
1 0.8008720930232558 0.21885813148788927 0.018410852713178327 0.04325259515570934
1 0.7916666666666666 0.17214532871972318 0.01744186046511631 0.03633217993079585
1 0.873062015503876 0.26038062283737023 0.019379844961240345 0.05017301038062283
1 0.876453488372093 0.22491349480968859 0.018410852713178327 0.048442906574394456
1 0.9176356589147288 0.3304498269896194 0.023255813953488302 0.05882352941176472
1 0.9195736434108527 0.28806228373702425 0.02131782945736438 0.050173010380622884
1 0.8948643410852712 0.41435986159169547 0.03779069767441856 0.07785467128027684
1 0.8158914728682171 0.39446366782006925 0.03875968992248069 0.07612456747404844
1 0.9292635658914729 0.2110726643598616 0.013565891472868241 0.03806228373702422
