1 0.19905771495877503 0.34937238493723854 0.044758539458186086 0.08786610878661089
1 0.29917550058892817 0.2405857740585774 0.014134275618374548 0.029288702928870286
1 0.3168433451118964 0.22280334728033474 0.01177856301531216 0.027196652719665287
1 0.3409893992932862 0.2290794979079498 0.01531213191990577 0.03138075313807531
1 0.3462897526501767 0.2615062761506276 0.01648998822143699 0.03347280334728031
1 0.37809187279151946 0.22175732217573224 0.01648998822143699 0.03347280334728034
1 0.3828032979976443 0.200836820083682 0.018845700824499434 0.02510460251046026
1 0.4210836277974087 0.18410041841004185 0.01531213191990577 0.02510460251046026
1 0.43934040047114253 0.19246861924686193 0.014134275618374548 0.02510460251046026
1 0.4216725559481743 0.21652719665271966 0.01648998822143699 0.03138075313807531
1 0.45288574793875147 0.22071129707112971 0.017667844522968212 0.03138075313807531
1 0.425206124852768 0.2803347280334728 0.023557126030624265 0.04602510460251047
1 0.464075382803298 0.19979079497907948 0.014134275618374548 0.023012552301255235
1 0.45229681978798586 0.17050209205020922 0.014134275618374548 0.027196652719665287
1 0.4758539458186101 0.17154811715481172 0.014134275618374548 0.02510460251046026
1 0.49764428739693756 0.19979079497907948 0.015312131919905825 0.027196652719665287
1 0.513545347467609 0.2112970711297071 0.01648998822143699 0.037656903765690364
1 0.46819787985865724 0.15481171548117156 0.012956419316843326 0.025104602510460233
1 0.4829210836277974 0.13598326359832635 0.011778563015312105 0.025104602510460247
1 0.5212014134275618 0.14958158995815898 0.01531213191990577 0.03138075313807531
1 0.5412249705535925 0.16422594142259414 0.01531213191990577 0.035564853556485365
1 0.5665488810365136 0.17991631799163182 0.01648998822143699 0.03347280334728034
1 0.5736160188457009 0.16004184100418412 0.014134275618374548 0.027196652719665287
1 0.5530035335689045 0.12343096234309622 0.010600706713780883 0.025104602510460247
1 0.5830388692579505 0.1087866108786611 0.011778563015312105 0.02092050209205021
1 0.6089517078916372 0.10564853556485355 0.009422850412249772 0.023012552301255235
1 0.6042402826855124 0.12343096234309622 0.011778563015312105 0.020920502092050194
1 0.6142520612485276 0.14330543933054393 0.01531213191990577 0.03138075313807531
1 0.6366313309776208 0.10251046025104602 0.010600706713780883 0.025104602510460247
1 0.6307420494699647 0.11610878661087866 0.010600706713780883 0.023012552301255235
1 0.6531213191990577 0.12656903765690378 0.01531213191990577 0.027196652719665274
1 0.6101295641931684 0.20815899581589958 0.018845700824499323 0.03974895397489542
1 0.5571260306242638 0.2510460251046025 0.021201413427561877 0.04184100418410042
1 0.5977620730270907 0.2635983263598326 0.020023557126030656 0.04602510460251047
1 0.5400471142520613 0.3075313807531381 0.024734982332155542 0.05439330543933052
1 0.48468786808009423 0.3096234309623431 0.027090694935217874 0.05020920502092047
1 0.5983510011778563 0.33054393305439334 0.028268551236749095 0.054393305439330575
1 0.6554770318021201 0.26359832635983266 0.022379269729092988 0.041841004184100444
1 0.667844522968198 0.3284518828451883 0.02355712603062432 0.06276150627615062
1 0.7096584216725559 0.2845188284518828 0.0223792697290931 0.05020920502092047
1 0.7061248527679623 0.22698744769874477 0.022379269729092988 0.04811715481171547
1 0.6554770318021201 0.20606694560669458 0.020023557126030544 0.04393305439330544
1 0.6489988221436984 0.17782426778242677 0.01648998822143699 0.029288702928870286
1 0.6819787985865724 0.10355648535564854 0.014134275618374548 0.03556485355648535
1 0.7114252061248527 0.14330543933054393 0.014134275618374548 0.03138075313807531
1 0.6855123674911661 0.18200836820083682 0.01648998822143699 0.04184100418410042
1 0.7243816254416962 0.16631799163179917 0.014134275618374548 0.03138075313807531
1 0.7385159010600706 0.19142259414225943 0.018845700824499434 0.05230125523012555
1 0.7391048292108362 0.1506276150627615 0.012956419316843326 0.029288702928870286
1 0.7555948174322733 0.16736401673640167 0.01531213191990577 0.037656903765690364
1 0.7296819787985867 0.12343096234309624 0.012956419316843326 0.029288702928870286
1 0.7426383981154299 0.11401673640167365 0.012956419316843326 0.03138075313807531
1 0.759128386336867 0.13493723849372385 0.012956419316843326 0.03138075313807531
1 0.7897526501766785 0.13807531380753138 0.010600706713780883 0.033472803347280325
1 0.8015312131919905 0.13702928870292888 0.010600706713780883 0.031380753138075326
1 0.7897526501766785 0.17782426778242677 0.01531213191990577 0.04602510460251047
1 0.8133097762073027 0.17364016736401672 0.012956419316843437 0.03347280334728034
1 0.8221436984687869 0.14435146443514646 0.011778563015312105 0.03347280334728034
1 0.8421672555948174 0.15794979079497906 0.014134275618374548 0.03556485355648534
1 0.8539458186101296 0.1401673640167364 0.009422850412249661 0.02092050209205021
1 0.8574793875147233 0.15376569037656904 0.014134275618374548 0.03138075313807531
1 0.8816254416961131 0.16527196652719667 0.012956419316843326 0.029288702928870286
1 0.892226148409894 0.1401673640167364 0.010600706713780994 0.029288702928870286
1 0.919316843345112 0.16004184100418412 0.012956419316843326 0.03556485355648534
1 0.875736160188457 0.19560669456066945 0.0176678445229681 0.035564853556485365
1 0.9098939929328622 0.20502092050209206 0.017667844522968212 0.04184100418410042
1 0.8339222614840989 0.19246861924686193 0.014134275618374548 0.03347280334728034
1 0.8604240282685512 0.23221757322175732 0.020023557126030544 0.04602510460251047
1 0.9045936395759717 0.2834728033472803 0.021201413427561766 0.05648535564853557
1 0.7608951707891638 0.2897489539748954 0.02355712603062432 0.05648535564853557
