1 0.14058106841611995 0.43327841845140036 0.048734770384254916 0.08566721581548603
1 0.2563261480787254 0.26441515650741354 0.019681349578256818 0.03459637561779244
1 0.3134957825679475 0.2355848434925865 0.023430178069353325 0.02965403624382207
1 0.3022492970946579 0.2660626029654036 0.023430178069353325 0.04448105436573313
1 0.2755388940955951 0.26935749588138386 0.026241799437675684 0.03789126853377267
1 0.33317713214620426 0.214168039538715 0.01968134957825679 0.02635914332784184
1 0.35895032802249294 0.1985172981878089 0.02061855670103091 0.028006589785831953
1 0.3880037488284911 0.17792421746293247 0.016869728209934376 0.029654036243822096
1 0.44845360824742264 0.1672158154859967 0.01780693533270855 0.0411861614497529
1 0.48922211808809746 0.1326194398682043 0.016869728209934376 0.028006589785831953
1 0.4990627928772259 0.15321252059308071 0.019681349578256846 0.036243822075782556
1 0.4095595126522962 0.19028006589785834 0.014995313964386137 0.028006589785831953
1 0.39550140581068416 0.21911037891268534 0.024367385192127444 0.03624382207578253
1 0.366447985004686 0.2545304777594728 0.03561387066541705 0.0411861614497529
1 0.3889409559512652 0.2883031301482702 0.02624179943767574 0.04612850082372322
1 0.4329896907216495 0.24464579901153213 0.02624179943767574 0.04777594728171336
1 0.4690721649484536 0.2397034596375618 0.021555763823805085 0.04118616144975287
1 0.43767572633552015 0.2026359143327842 0.026241799437675684 0.04283360790774299
1 0.5098406747891284 0.19439868204283361 0.024367385192127444 0.04283360790774299
1 0.5304592314901593 0.21087314662273476 0.024367385192127444 0.04942339373970345
1 0.5412371134020618 0.15733113673805602 0.023430178069353325 0.03459637561779244
1 0.57029053420806 0.12191103789126853 0.019681349578256846 0.03624382207578253
1 0.563730084348641 0.15156507413509063 0.021555763823805085 0.039538714991762786
1 0.5805998125585754 0.17380560131795716 0.014058106841612017 0.02471169686985175
1 0.5571696344892221 0.2553542009884679 0.027179006560449914 0.052718286655683705
1 0.49250234301780693 0.3130148270181219 0.03092783505154645 0.05930807248764419
1 0.5679475164011246 0.2932454695222405 0.03186504217432051 0.0658978583196046
1 0.6213683223992502 0.15650741350906094 0.020618556701030855 0.036243822075782556
1 0.6354264292408622 0.12767710049423392 0.014995313964386137 0.021416803953871494
1 0.6752577319587629 0.1186161449752883 0.014058106841612017 0.02965403624382207
1 0.6588566073102156 0.18451400329489293 0.014995313964386137 0.036243822075782556
1 0.626991565135895 0.20181219110378912 0.020618556701030855 0.04118616144975287
1 0.6213683223992503 0.24958813838550248 0.022492970946579205 0.04118616144975287
1 0.6640112464854733 0.22075782537067545 0.027179006560449803 0.05271828665568368
1 0.6771321462043112 0.2602965403624382 0.027179006560449803 0.056013179571663935
1 0.689784442361762 0.20098846787479407 0.022492970946579094 0.04612850082372322
1 0.7085285848172447 0.15403624382207579 0.018744142455482726 0.03459637561779244
1 0.7403936269915652 0.128500823723229 0.018744142455482726 0.0329489291598023
1 0.7188378631677601 0.17957166392092255 0.018744142455482615 0.029654036243822096
1 0.7235238987816308 0.22817133443163098 0.020618556701030966 0.05436573311367382
1 0.7343017806935332 0.2652388797364086 0.027179006560449803 0.059308072487644165
1 0.7778819119025304 0.28088962108731463 0.024367385192127444 0.06754530477759474
1 0.7553889409559513 0.2257001647446458 0.024367385192127444 0.04283360790774299
1 0.7656982193064668 0.17051070840197693 0.016869728209934376 0.03130148270181221
1 0.767104029990628 0.13920922570016475 0.015932521087160256 0.03459637561779241
1 0.8097469540768509 0.12602965403624383 0.014995313964386137 0.03789126853377264
1 0.7881911902530458 0.1556836902800659 0.018744142455482726 0.03459637561779244
1 0.7797563261480787 0.2026359143327842 0.018744142455482726 0.04283360790774299
1 0.8083411433926898 0.18369028006589785 0.021555763823805085 0.03459637561779244
1 0.8406747891283974 0.14332784184514002 0.024367385192127444 0.04283360790774299
1 0.8327085285848173 0.214168039538715 0.019681349578256846 0.04283360790774299
1 0.8383317713214621 0.3187808896210873 0.025304592314901564 0.0741350906095552
1 0.8500468603561386 0.1985172981878089 0.018744142455482726 0.03789126853377264
1 0.8561387066541706 0.16639209225700163 0.015932521087160256 0.039538714991762786
1 0.8959700093720713 0.14991762767710048 0.020618556701030966 0.02965403624382207
1 0.89456419868791 0.18533772652388797 0.021555763823805085 0.0411861614497529
1 0.8641049671977508 0.26359143327841844 0.028116213683223923 0.04612850082372322
1 0.9184629803186504 0.2586490939044481 0.024367385192127444 0.04942339373970345
1 0.9245548266166823 0.23228995057660626 0.015932521087160256 0.04942339373970345
1 0.47516401124648544 0.1985172981878089 0.02624179943767574 0.0444810543657331
1 0.3486410496719775 0.23476112026359142 0.020618556701030966 0.028006589785831953
1 0.31537019681349576 0.2907742998352554 0.023430178069353325 0.044481054365733075
1 0.8894095595126523 0.2042833607907743 0.016869728209934376 0.04283360790774299
