1 0.12457337883959045 0.5795454545454546 0.09897610921501707 0.12272727272727268
1 0.1962457337883959 0.5272727272727273 0.07167235494880547 0.09090909090909094
1 0.2235494880546075 0.6409090909090909 0.08532423208191128 0.11818181818181817
1 0.2901023890784983 0.7181818181818183 0.08191126279863481 0.13636363636363635
1 0.05460750853242321 0.55 0.06825938566552901 0.09999999999999998
1 0.325938566552901 0.5363636363636364 0.06484641638225258 0.09090909090909088
1 0.36860068259385664 0.575 0.07508532423208192 0.10454545454545461
1 0.44880546075085326 0.7295454545454545 0.10580204778156999 0.17727272727272736
1 0.4897610921501706 0.5863636363636364 0.07849829351535836 0.11818181818181828
1 0.7201365187713311 0.7613636363636364 0.1023890784982936 0.15909090909090917
1 0.6962457337883959 0.6681818181818182 0.10238907849829348 0.11818181818181817
1 0.8805460750853242 0.6386363636363637 0.11604095563139927 0.1681818181818182
1 0.764505119453925 0.3 0.06825938566552903 0.09999999999999998
