1 0.16620111731843576 0.35126050420168065 0.03817504655493481 0.08067226890756302
1 0.2611731843575419 0.280672268907563 0.01955307262569833 0.030252100840336138
1 0.29655493482309125 0.2647058823529412 0.023277467411545627 0.03529411764705881
1 0.3175046554934823 0.22016806722689075 0.01675977653631283 0.03361344537815125
1 0.33100558659217877 0.23865546218487393 0.02141527001862198 0.03361344537815125
1 0.34543761638733705 0.21092436974789916 0.01862197392923648 0.031932773109243695
1 0.3542830540037244 0.23529411764705882 0.019553072625698276 0.03361344537815125
1 0.3761638733705773 0.21932773109243697 0.01862197392923648 0.02857142857142858
1 0.3845437616387337 0.19411764705882353 0.020484171322160183 0.03529411764705881
1 0.4106145251396648 0.17058823529411765 0.01675977653631283 0.02857142857142858
1 0.4213221601489758 0.18571428571428572 0.02141527001862198 0.02857142857142858
1 0.4539106145251397 0.1722689075630252 0.01955307262569833 0.03529411764705881
1 0.4478584729981378 0.18571428571428572 0.016759776536312887 0.02857142857142858
1 0.43109869646182497 0.21092436974789916 0.01675977653631283 0.025210084033613467
1 0.4688081936685289 0.1495798319327731 0.013966480446927387 0.026890756302521024
1 0.4851024208566108 0.13277310924369748 0.011173184357541888 0.023529411764705896
1 0.5004655493482308 0.14789915966386555 0.013966480446927387 0.026890756302521024
1 0.5232774674115457 0.12352941176470587 0.01303538175046548 0.02521008403361344
1 0.5563314711359404 0.11092436974789915 0.012104283054003684 0.020168067226890754
1 0.5679702048417132 0.12184873949579832 0.01862197392923648 0.02521008403361344
1 0.5945065176908753 0.11260504201680671 0.012104283054003684 0.020168067226890754
1 0.6256983240223464 0.08907563025210084 0.011173184357541888 0.023529411764705882
1 0.6317504655493482 0.10840336134453782 0.01582867783985109 0.03529411764705882
1 0.6461824953445066 0.09159663865546219 0.011173184357541888 0.025210084033613453
1 0.6606145251396648 0.05126050420168067 0.01582867783985109 0.028571428571428574
1 0.6149906890130354 0.14369747899159663 0.019553072625698387 0.03529411764705884
1 0.5726256983240223 0.17142857142857143 0.022346368715083775 0.040336134453781536
1 0.5158286778398511 0.19915966386554623 0.02607076350093107 0.04873949579831935
1 0.48277467411545627 0.20252100840336135 0.017690875232774628 0.031932773109243695
1 0.45716945996275604 0.2226890756302521 0.022346368715083775 0.03529411764705884
1 0.46834264432029793 0.24873949579831933 0.026070763500931127 0.04369747899159662
1 0.43854748603351956 0.24789915966386555 0.027932960893854775 0.03865546218487395
1 0.3505586592178771 0.2739495798319328 0.027001862197392923 0.03697478991596642
1 0.5055865921787709 0.2823529411764706 0.02793296089385472 0.05378151260504205
1 0.5684357541899441 0.24537815126050422 0.02141527001862198 0.04369747899159662
1 0.5330540037243948 0.346218487394958 0.025139664804469275 0.05042016806722688
1 0.590316573556797 0.3487394957983193 0.029795158286778367 0.06554621848739495
1 0.6066108007448789 0.26638655462184874 0.023277467411545683 0.05546218487394958
1 0.6340782122905028 0.20756302521008402 0.020484171322160183 0.042016806722689065
1 0.6615456238361266 0.20504201680672268 0.02141527001862198 0.047058823529411764
1 0.6708566108007449 0.1764705882352941 0.019553072625698276 0.036974789915966394
1 0.6871508379888268 0.18235294117647058 0.020484171322160183 0.031932773109243695
1 0.6871508379888268 0.21176470588235294 0.022346368715083775 0.04369747899159665
1 0.6727188081936686 0.11680672268907563 0.01582867783985098 0.02857142857142858
1 0.7211359404096834 0.1403361344537815 0.017690875232774683 0.03529411764705882
1 0.7355679702048417 0.12100840336134455 0.014897579143389295 0.033613445378151266
1 0.75512104283054 0.10252100840336134 0.014897579143389184 0.03697478991596638
1 0.7583798882681565 0.1226890756302521 0.012104283054003795 0.023529411764705882
1 0.7793296089385475 0.11848739495798319 0.011173184357541888 0.031932773109243695
1 0.7900372439478585 0.13445378151260506 0.01582867783985109 0.036974789915966394
1 0.8063314711359404 0.13277310924369748 0.014897579143389184 0.023529411764705896
1 0.8282122905027933 0.13529411764705884 0.013966480446927387 0.03865546218487395
1 0.8496275605214153 0.14621848739495796 0.012104283054003684 0.04033613445378151
1 0.8598696461824953 0.13949579831932774 0.01582867783985098 0.03697478991596638
1 0.8817504655493482 0.1546218487394958 0.011173184357541888 0.030252100840336138
1 0.8952513966480447 0.13949579831932774 0.010242085661080091 0.033613445378151266
1 0.9259776536312849 0.15294117647058825 0.01582867783985109 0.026890756302520996
1 0.888268156424581 0.16806722689075632 0.016759776536312776 0.036974789915966394
1 0.8491620111731844 0.19159663865546217 0.020484171322160183 0.03025210084033611
1 0.9231843575418994 0.18823529411764706 0.01582867783985109 0.03361344537815125
1 0.9166666666666666 0.2184873949579832 0.017690875232774683 0.036974789915966366
1 0.8715083798882681 0.24117647058823533 0.016759776536312887 0.03529411764705884
1 0.9092178770949721 0.25966386554621845 0.02327746741154557 0.04537815126050421
1 0.8044692737430168 0.2546218487394958 0.020484171322160072 0.04873949579831935
1 0.7886405959031657 0.1823529411764706 0.020484171322160183 0.03529411764705884
1 0.7532588454376163 0.1722689075630252 0.016759776536312887 0.031932773109243695
1 0.7425512104283054 0.1957983193277311 0.025139664804469275 0.04201680672268909
1 0.7537243947858473 0.2579831932773109 0.027001862197392867 0.052100840336134435
1 0.7341713221601489 0.2957983193277311 0.02700186219739298 0.05378151260504205
1 0.7849162011173184 0.3100840336134454 0.027932960893854775 0.05210084033613449
1 0.6731843575418994 0.3378151260504202 0.033519553072625774 0.057142857142857106
1 0.3770949720670391 0.25126050420168067 0.018621973929236535 0.02857142857142858
1 0.6587523277467411 0.29915966386554627 0.030726256983240163 0.04369747899159665
