1 0.082 0.27477477477477474 0.060000000000000005 0.10510510510510512
1 0.198 0.31081081081081086 0.06 0.1111111111111111
1 0.234 0.36786786786786785 0.07600000000000001 0.12912912912912916
1 0.32799999999999996 0.31681681681681684 0.064 0.10510510510510512
1 0.41500000000000004 0.43093093093093093 0.07400000000000001 0.11711711711711714
1 0.41600000000000004 0.32432432432432434 0.06 0.10810810810810811
1 0.511 0.3288288288288288 0.07000000000000006 0.11711711711711709
1 0.5569999999999999 0.43843843843843844 0.06999999999999995 0.12012012012012008
1 0.589 0.3078078078078078 0.050000000000000044 0.10510510510510507
1 0.6739999999999999 0.3228228228228228 0.05599999999999994 0.10510510510510507
1 0.722 0.5015015015015015 0.06800000000000006 0.12012012012012013
1 0.868 0.45045045045045046 0.08000000000000007 0.14414414414414412
1 0.7909999999999999 0.33183183183183185 0.05799999999999994 0.10510510510510512
1 0.9 0.2942942942942943 0.06400000000000006 0.12012012012012013
