1 0.1372626582278481 0.46468144044321325 0.04034810126582279 0.08171745152354565
1 0.21439873417721517 0.34349030470914127 0.015822784810126583 0.027700831024930705
1 0.25395569620253167 0.3559556786703601 0.0253164556962025 0.03324099722991691
1 0.28045886075949367 0.30055401662049863 0.01661392405063289 0.03047091412742381
1 0.3113132911392405 0.3317174515235457 0.02136075949367089 0.04016620498614959
1 0.3267405063291139 0.35041551246537395 0.023734177215189833 0.055401662049861466
1 0.346123417721519 0.32271468144044324 0.015031645569620278 0.03047091412742381
1 0.3488924050632911 0.2880886426592798 0.01582278481012661 0.03047091412742381
1 0.377373417721519 0.3254847645429363 0.017405063291139222 0.03601108033240996
1 0.40466772151898733 0.3254847645429363 0.018196202531645556 0.03601108033240996
1 0.3975474683544304 0.2991689750692521 0.01661392405063289 0.03047091412742381
1 0.3801424050632911 0.2659279778393352 0.015031645569620278 0.03047091412742381
1 0.41930379746835444 0.2583102493074792 0.014240506329113944 0.020775623268698057
1 0.4284018987341772 0.2991689750692521 0.013449367088607556 0.03047091412742381
1 0.442246835443038 0.2472299168975069 0.011075949367088611 0.020775623268698057
1 0.461629746835443 0.26038781163434904 0.016613924050632944 0.03324099722991691
1 0.4873417721518988 0.2541551246537396 0.012658227848101278 0.029085872576177285
1 0.49367088607594933 0.24584487534626037 0.011075949367088611 0.01800554016620501
1 0.5106803797468354 0.24030470914127422 0.015031645569620222 0.023545706371191105
1 0.5102848101265822 0.27008310249307477 0.014240506329113889 0.02770083102493076
1 0.49169303797468356 0.31994459833795014 0.018196202531645556 0.03601108033240996
1 0.45530063291139244 0.3074792243767313 0.015031645569620278 0.024930747922437657
1 0.4410601265822785 0.3421052631578947 0.02136075949367089 0.02770083102493076
1 0.4513449367088608 0.41066481994459836 0.024525316455696167 0.048476454293628846
1 0.526503164556962 0.4009695290858726 0.022943037974683556 0.04293628808864269
1 0.5450949367088607 0.34556786703601106 0.020569620253164556 0.04293628808864264
1 0.5625 0.2770083102493075 0.015822784810126667 0.02770083102493076
1 0.5344145569620253 0.24376731301939059 0.013449367088607556 0.027700831024930733
1 0.5431170886075949 0.22160664819944598 0.011867088607595 0.019390581717451533
1 0.5581487341772151 0.2167590027700831 0.010284810126582333 0.01800554016620501
1 0.5573575949367089 0.23961218836565099 0.011867088607594889 0.02770083102493076
1 0.5783227848101267 0.24445983379501385 0.014240506329113889 0.02631578947368418
1 0.5850474683544304 0.2229916897506925 0.011867088607595 0.024930747922437685
1 0.596123417721519 0.20221606648199447 0.010284810126582222 0.019390581717451533
1 0.6040348101265822 0.21537396121883656 0.011867088607595 0.020775623268698057
1 0.6087816455696202 0.20914127423822715 0.010284810126582333 0.016620498614958457
1 0.6182753164556962 0.24376731301939059 0.011867088607594889 0.02216066481994461
1 0.634493670886076 0.21537396121883656 0.011075949367088556 0.01800554016620498
1 0.6352848101265822 0.2347645429362881 0.011075949367088556 0.023545706371191133
1 0.6408227848101266 0.22437673130193908 0.009493670886076 0.019390581717451533
1 0.6534810126582278 0.22714681440443213 0.011075949367088556 0.02770083102493076
1 0.6629746835443038 0.2257617728531856 0.011075949367088667 0.027700831024930733
1 0.6574367088607596 0.2610803324099723 0.012658227848101222 0.03185595567867039
1 0.6147151898734178 0.2894736842105263 0.015822784810126556 0.03047091412742381
1 0.5810917721518988 0.3157894736842105 0.019778481012658222 0.041551246537396114
1 0.6356803797468354 0.32617728531855955 0.015031645569620222 0.03185595567867039
1 0.6428006329113924 0.35526315789473684 0.022943037974683556 0.054016620498615
1 0.6673259493670886 0.342797783933518 0.019778481012658222 0.040166204986149534
1 0.5625 0.4245152354570637 0.028481012658227778 0.059556786703601095
1 0.6238132911392404 0.45914127423822715 0.02927215189873411 0.059556786703601095
1 0.5727848101265822 0.40927977839335183 0.01898734177215189 0.031855955678670334
1 0.6791930379746836 0.5096952908587258 0.027689873417721556 0.06371191135734078
1 0.7147943037974683 0.39404432132963985 0.02136075949367089 0.04293628808864264
1 0.7492088607594938 0.42243767313019387 0.022151898734177222 0.05263157894736842
1 0.788370253164557 0.5152354570637119 0.024525316455696222 0.06925207756232682
1 0.8168512658227848 0.4335180055401662 0.022943037974683556 0.04986149584487537
1 0.7832278481012658 0.3691135734072022 0.01898734177215189 0.048476454293628846
1 0.8813291139240507 0.4508310249307479 0.02373417721518989 0.051246537396121894
1 0.8690664556962026 0.40443213296398894 0.02136075949367089 0.041551246537396114
1 0.8338607594936709 0.3691135734072022 0.020569620253164556 0.05401662049861494
1 0.8512658227848102 0.3490304709141274 0.01898734177215189 0.04155124653739617
1 0.8983386075949367 0.3469529085872576 0.01661392405063289 0.04016620498614959
1 0.8710443037974684 0.32409972299168976 0.015822784810126556 0.03324099722991691
1 0.8939873417721519 0.31301939058171746 0.012658227848101333 0.024930747922437657
1 0.9046677215189873 0.30817174515235457 0.013449367088607556 0.029085872576177285
1 0.9018987341772151 0.26869806094182824 0.014240506329113889 0.03047091412742381
1 0.8674841772151899 0.2853185595567867 0.015031645569620222 0.03878116343490301
1 0.8180379746835442 0.31786703601108035 0.01898734177215189 0.03739612188365654
1 0.8018196202531646 0.342797783933518 0.019778481012658222 0.03462603878116344
1 0.7792721518987342 0.2998614958448753 0.015822784810126556 0.029085872576177285
1 0.7931170886075949 0.27008310249307477 0.015031645569620333 0.02770083102493076
1 0.8132911392405063 0.2583102493074792 0.012658227848101333 0.020775623268698057
1 0.8259493670886076 0.2804709141274238 0.012658227848101222 0.023545706371191133
1 0.8330696202531646 0.26038781163434904 0.011075949367088667 0.02216066481994461
1 0.84375 0.25207756232686984 0.011867088607594889 0.02770083102493076
1 0.7412974683544304 0.2832409972299169 0.012658227848101222 0.037396121883656486
1 0.7519778481012658 0.2596952908587258 0.013449367088607667 0.031855955678670334
1 0.7575158227848101 0.22922437673130194 0.015031645569620222 0.029085872576177285
1 0.7310126582278481 0.22506925207756232 0.012658227848101333 0.029085872576177285
1 0.7183544303797469 0.2409972299168975 0.012658227848101222 0.03047091412742381
1 0.723496835443038 0.25761772853185594 0.013449367088607556 0.02770083102493076
1 0.7013449367088608 0.27977839335180055 0.01661392405063289 0.03601108033240996
1 0.6855221518987342 0.2569252077562327 0.015031645569620333 0.03462603878116344
