1 0.09523809523809523 0.6499999999999999 0.09831029185867896 0.15714285714285714
1 0.016129032258064516 0.5178571428571428 0.029185867895545316 0.0976190476190476
1 0.14055299539170507 0.5190476190476191 0.03533026113671274 0.05714285714285722
1 0.1697388632872504 0.5059523809523809 0.02918586789554531 0.04999999999999999
1 0.22119815668202764 0.5357142857142857 0.04301075268817203 0.0714285714285714
1 0.22734254992319508 0.5821428571428572 0.03993855606758834 0.06428571428571428
1 0.34024577572964665 0.5833333333333333 0.05376344086021506 0.09047619047619049
1 0.34178187403993854 0.5214285714285715 0.02918586789554528 0.05714285714285716
1 0.4039938556067588 0.5380952380952381 0.03379416282642089 0.05714285714285716
1 0.44930875576036866 0.5523809523809524 0.03533026113671278 0.06190476190476191
1 0.5714285714285714 0.3869047619047619 0.02457757296466978 0.030952380952380953
1 0.6996927803379416 0.4630952380952381 0.02304147465437778 0.035714285714285754
1 0.7150537634408602 0.4261904761904762 0.02611367127496156 0.03809523809523807
1 0.7334869431643625 0.4726190476190476 0.02611367127496156 0.0404761904761905
1 0.7795698924731183 0.4869047619047619 0.02304147465437789 0.04523809523809519
1 0.7995391705069124 0.4476190476190476 0.02611367127496156 0.047619047619047616
1 0.8079877112135176 0.39880952380952384 0.027649769585253448 0.035714285714285754
1 0.8563748079877112 0.3880952380952381 0.019969278033794224 0.033333333333333326
1 0.8317972350230415 0.611904761904762 0.041474654377880116 0.06190476190476191
1 0.9339477726574501 0.5928571428571429 0.05837173579109067 0.09047619047619038
1 0.9854070660522274 0.5583333333333333 0.029185867895545337 0.05476190476190479
1 0.922427035330261 0.46190476190476193 0.029185867895545337 0.05238095238095236
1 0.8870967741935484 0.4476190476190476 0.02611367127496167 0.04285714285714287
1 0.9032258064516129 0.39880952380952384 0.02457757296466978 0.0404761904761905
1 0.9592933947772657 0.3952380952380953 0.02304147465437789 0.047619047619047616
