1 0.016981132075471698 0.25824175824175827 0.026415094339622643 0.038461538461538464
1 0.052830188679245285 0.2623626373626374 0.01886792452830189 0.035714285714285726
1 0.07169811320754717 0.25824175824175827 0.02264150943396226 0.03296703296703299
1 0.08962264150943397 0.2554945054945055 0.020754716981132085 0.03846153846153849
1 0.09811320754716982 0.23763736263736263 0.01509433962264152 0.02472527472527472
1 0.0858490566037736 0.23214285714285715 0.016981132075471708 0.02472527472527472
1 0.11037735849056604 0.22664835164835165 0.013207547169811318 0.02472527472527475
1 0.12264150943396226 0.2348901098901099 0.018867924528301883 0.030219780219780223
1 0.1481132075471698 0.25274725274725274 0.0320754716981132 0.043956043956043966
1 0.1650943396226415 0.23626373626373626 0.02075471698113207 0.03296703296703296
1 0.14622641509433962 0.22252747252747251 0.016981132075471694 0.021978021978021983
1 0.17452830188679244 0.22252747252747251 0.013207547169811318 0.021978021978021983
1 0.1849056603773585 0.21565934065934067 0.015094339622641534 0.02472527472527472
1 0.2037735849056604 0.260989010989011 0.04905660377358492 0.07142857142857142
1 0.2320754716981132 0.25961538461538464 0.03396226415094339 0.06318681318681321
1 0.20471698113207548 0.2142857142857143 0.013207547169811318 0.021978021978021983
1 0.22169811320754718 0.21703296703296704 0.016981132075471694 0.021978021978021983
1 0.2160377358490566 0.20054945054945056 0.013207547169811318 0.021978021978021983
1 0.22924528301886793 0.20879120879120877 0.013207547169811318 0.021978021978021983
1 0.25 0.21153846153846154 0.013207547169811318 0.021978021978021955
1 0.2481132075471698 0.20054945054945056 0.013207547169811318 0.021978021978021983
1 0.2650943396226415 0.20879120879120877 0.013207547169811318 0.021978021978021983
1 0.2858490566037736 0.20192307692307693 0.016981132075471694 0.02472527472527472
1 0.280188679245283 0.2760989010989011 0.04339622641509433 0.06868131868131869
1 0.35754716981132073 0.28296703296703296 0.04716981132075476 0.0714285714285714
1 0.39716981132075474 0.26785714285714285 0.0320754716981132 0.05769230769230768
1 0.36886792452830186 0.22664835164835165 0.01698113207547175 0.0357142857142857
1 0.3481132075471698 0.22802197802197802 0.02075471698113207 0.03296703296703296
1 0.3433962264150943 0.20604395604395603 0.01132075471698113 0.021978021978021983
1 0.32075471698113206 0.22115384615384615 0.018867924528301883 0.035714285714285726
1 0.3150943396226415 0.1978021978021978 0.01132075471698113 0.01648351648351648
1 0.3311320754716981 0.18956043956043955 0.009433962264150941 0.01648351648351648
1 0.3783018867924528 0.2074175824175824 0.013207547169811373 0.019230769230769246
1 0.3858490566037736 0.22527472527472525 0.013207547169811318 0.021978021978021983
1 0.4056603773584906 0.22252747252747251 0.02264150943396226 0.03296703296703299
1 0.39811320754716983 0.19505494505494506 0.015094339622641506 0.027472527472527486
1 0.41132075471698115 0.1826923076923077 0.01132075471698113 0.019230769230769246
1 0.47452830188679246 0.2678571428571429 0.03962264150943395 0.07417582417582419
1 0.4547169811320755 0.22527472527472528 0.018867924528301883 0.03296703296703296
1 0.4226415094339623 0.25 0.018867924528301883 0.03296703296703296
1 0.4235849056603774 0.1991758241758242 0.016981132075471694 0.02472527472527472
1 0.44245283018867926 0.19642857142857145 0.013207547169811318 0.02472527472527472
1 0.469811320754717 0.2142857142857143 0.01132075471698113 0.021978021978021983
1 0.47264150943396227 0.19642857142857145 0.009433962264150941 0.02472527472527472
1 0.45943396226415095 0.1771978021978022 0.009433962264150941 0.013736263736263743
1 0.4820754716981132 0.1813186813186813 0.009433962264150941 0.01648351648351648
1 0.4867924528301887 0.20192307692307693 0.01132075471698113 0.019230769230769218
1 0.5084905660377359 0.22115384615384615 0.016981132075471694 0.030219780219780223
1 0.49528301886792453 0.2458791208791209 0.02075471698113207 0.0412087912087912
1 0.5047169811320755 0.19368131868131866 0.016981132075471694 0.02472527472527472
1 0.49433962264150944 0.18406593406593408 0.01132075471698113 0.021978021978021983
1 0.5273584905660378 0.18406593406593408 0.013207547169811318 0.021978021978021983
1 0.55 0.19505494505494506 0.016981132075471694 0.027472527472527486
1 0.5556603773584905 0.2623626373626373 0.05094339622641508 0.07967032967032966
1 0.5962264150943396 0.21291208791208793 0.018867924528301883 0.02472527472527472
1 0.5858490566037735 0.1991758241758242 0.013207547169811318 0.02472527472527472
1 0.5896226415094339 0.1813186813186813 0.009433962264150941 0.01648351648351648
1 0.6037735849056604 0.17032967032967034 0.01132075471698113 0.021978021978021983
1 0.6150943396226415 0.21153846153846154 0.018867924528301883 0.03296703296703296
1 0.6122641509433961 0.25274725274725274 0.02075471698113207 0.043956043956043966
1 0.6584905660377358 0.2596153846153846 0.049056603773584895 0.07967032967032966
1 0.6415094339622641 0.21016483516483517 0.02264150943396226 0.0357142857142857
1 0.6330188679245283 0.19368131868131866 0.013207547169811318 0.02472527472527472
1 0.6396226415094339 0.17445054945054944 0.015094339622641506 0.02472527472527472
1 0.6226415094339622 0.17857142857142855 0.01132075471698113 0.021978021978021983
1 0.6537735849056603 0.19505494505494506 0.013207547169811318 0.03296703296703296
1 0.7094339622641509 0.21703296703296704 0.02264150943396226 0.03296703296703296
1 0.7254716981132074 0.2623626373626374 0.0320754716981132 0.06868131868131869
1 0.7915094339622641 0.2664835164835165 0.06603773584905659 0.09340659340659341
1 0.7264150943396226 0.1826923076923077 0.015094339622641506 0.02472527472527472
1 0.7084905660377359 0.17719780219780218 0.013207547169811318 0.02472527472527472
1 0.7433962264150944 0.16895604395604397 0.015094339622641617 0.02472527472527472
1 0.7632075471698114 0.18131868131868134 0.016981132075471694 0.021978021978021983
1 0.7726415094339623 0.19368131868131866 0.016981132075471694 0.02472527472527472
1 0.7867924528301887 0.17857142857142855 0.015094339622641506 0.021978021978021983
1 0.7716981132075472 0.16346153846153846 0.015094339622641506 0.02472527472527475
1 0.8037735849056604 0.16483516483516486 0.015094339622641506 0.021978021978021983
1 0.8169811320754717 0.18269230769230768 0.018867924528301883 0.030219780219780223
1 0.8311320754716982 0.17445054945054944 0.013207547169811318 0.019230769230769246
1 0.909433962264151 0.2129120879120879 0.03396226415094339 0.046703296703296704
1 0.8867924528301887 0.18269230769230768 0.018867924528301883 0.030219780219780223
1 0.8500000000000001 0.18956043956043955 0.016981132075471694 0.027472527472527458
1 0.8518867924528302 0.17032967032967034 0.013207547169811318 0.021978021978021983
1 0.838679245283019 0.1607142857142857 0.013207547169811318 0.019230769230769246
1 0.9122641509433962 0.18956043956043955 0.013207547169811318 0.021978021978021983
1 0.9386792452830188 0.18818681318681318 0.016981132075471694 0.030219780219780223
1 0.9613207547169811 0.20192307692307693 0.02075471698113207 0.02472527472527472
1 0.9660377358490566 0.2733516483516484 0.06792452830188678 0.11263736263736263
1 0.9792452830188679 0.22115384615384615 0.03396226415094339 0.0412087912087912
1 0.9886792452830189 0.18543956043956045 0.018867924528301883 0.02472527472527472
