0 0.662303664921466 0.3957871396895787 0.15445026178010468 0.29933481152993346
0 0.8108638743455497 0.38913525498891355 0.10340314136125661 0.26385809312638586
0 0.9168848167539267 0.3747228381374723 0.14790575916230375 0.30598669623059865
0 0.8920157068062827 0.2982261640798226 0.11649214659685869 0.26385809312638586
0 0.8095549738219895 0.07649667405764966 0.10078534031413611 0.14855875831485588
0 0.6197643979057592 0.17516629711751663 0.1138743455497383 0.2660753880266076
0 0.7074607329842932 0.15299334811529933 0.07984293193717285 0.19955654101995562
0 0.9273560209424083 0.1008869179600887 0.09816753926701571 0.14855875831485588
0 0.5785340314136126 0.08980044345898004 0.08900523560209428 0.1662971175166297
0 0.47447643979057585 0.22172949002217296 0.09554973821989526 0.19512195121951217
0 0.2879581151832461 0.07427937915742792 0.07853403141361254 0.1441241685144124
0 0.3599476439790576 0.06097560975609757 0.07853403141361259 0.11751662971175167
0 0.0693717277486911 0.06651884700665188 0.08115183246073299 0.1286031042128603
1 0.2833769633507853 0.3337028824833703 0.1112565445026178 0.25055432372505543
1 0.3743455497382199 0.23392461197339245 0.10471204188481675 0.2106430155210643
1 0.0549738219895288 0.4900221729490022 0.10732984293193717 0.2217294900221729
1 0.462696335078534 0.5354767184035477 0.13481675392670156 0.25055432372505543
