1 0.14459930313588848 0.6146666666666667 0.14982578397212543 0.2533333333333333
1 0.10714285714285715 0.512 0.15156794425087108 0.24
1 0.04529616724738676 0.41466666666666663 0.08710801393728224 0.14666666666666667
1 0.3362369337979094 0.16933333333333334 0.09407665505226481 0.16800000000000004
1 0.35365853658536583 0.30533333333333335 0.06968641114982577 0.136
1 0.3780487804878049 0.5946666666666667 0.17421602787456447 0.272
1 0.46602787456445993 0.27599999999999997 0.0714285714285714 0.09866666666666665
1 0.5522648083623694 0.29733333333333334 0.0766550522648084 0.13066666666666668
1 0.6376306620209059 0.33866666666666667 0.07317073170731714 0.1333333333333333
1 0.5993031358885017 0.08266666666666667 0.04181184668989546 0.07466666666666666
1 0.7569686411149825 0.32133333333333336 0.08885017421602781 0.16799999999999998
1 0.8780487804878049 0.4026666666666667 0.08710801393728218 0.17066666666666663
1 0.9494773519163764 0.5253333333333333 0.10104529616724733 0.256
