1 0.08225508317929758 0.5332778702163061 0.06469500924214416 0.1281198003327787
1 0.26109057301293903 0.2861896838602329 0.02125693160813308 0.036605657237936795
1 0.28927911275415896 0.2703826955074875 0.01663585951940849 0.04492512479201333
1 0.30175600739371533 0.2637271214642263 0.019408502772643277 0.041597337770382714
1 0.32255083179297594 0.27703826955074873 0.018484288354898293 0.0382695507487521
1 0.344731977818854 0.281198003327787 0.02033271719038815 0.036605657237936795
1 0.40064695009242146 0.29118136439267883 0.024953789279112792 0.05324459234608986
1 0.31608133086876156 0.22545757071547423 0.01663585951940849 0.038269550748752074
1 0.32670979667282807 0.2512479201331115 0.01571164510166362 0.029950083194675514
1 0.3479667282809612 0.2279534109816972 0.01940850277264322 0.033277870216306155
1 0.3743068391866913 0.23460898502495842 0.02033271719038815 0.03660565723793677
1 0.3752310536044362 0.21630615640599 0.01478743068391869 0.029950083194675542
1 0.3775415896487985 0.19966722129783693 0.01201478743068396 0.023294509151414317
1 0.40942698706099817 0.22878535773710484 0.01848428835489835 0.03161397670549085
1 0.449630314232902 0.2221297836938436 0.01756007393715342 0.04492512479201333
1 0.40988909426987064 0.17554076539101499 0.01571164510166362 0.03494176372712146
1 0.4228280961182994 0.19217970049916805 0.01940850277264322 0.024958402662229623
1 0.4625693160813309 0.19384359400998336 0.01571164510166362 0.03161397670549085
1 0.4856746765249538 0.1930116472545757 0.023105360443622935 0.03993344425956738
1 0.46765249537892795 0.15973377703826958 0.01478743068391869 0.029950083194675542
1 0.4487060998151571 0.15224625623960064 0.01571164510166362 0.028286189683860236
1 0.48105360443622924 0.13810316139767054 0.012014787430683904 0.02662229617304493
1 0.5314232902033271 0.13643926788685523 0.020332717190388094 0.039933444259567394
1 0.5466728280961184 0.1572379367720466 0.01756007393715342 0.03494176372712149
1 0.5660813308687616 0.16722129783693845 0.019408502772643166 0.038269550748752074
1 0.5808687615526802 0.15058236272878534 0.015711645101663563 0.028286189683860236
1 0.5646950092421442 0.10981697171381032 0.01663585951940849 0.02662229617304493
1 0.5850277264325323 0.09983361064891846 0.014787430683918634 0.029950083194675542
1 0.5905730129390019 0.11813643926788686 0.012939001848428888 0.026622296173044915
1 0.5873382624768946 0.13394342762063227 0.013863216266173706 0.03161397670549085
1 0.6173752310536045 0.11564059900166389 0.01663585951940849 0.028286189683860236
1 0.6210720887245841 0.09650582362728785 0.014787430683918634 0.029950083194675542
1 0.6363216266173752 0.12562396006655574 0.015711645101663674 0.03161397670549086
1 0.649260628465804 0.10066555740432612 0.01756007393715342 0.03161397670549085
1 0.6853049907578559 0.10399334442595674 0.013863216266173706 0.03494176372712146
1 0.6658964879852125 0.12396006655574043 0.012014787430683849 0.02495840266222961
1 0.6247689463955638 0.15058236272878534 0.01848428835489835 0.03494176372712146
1 0.533271719038817 0.2054908485856905 0.022181146025878062 0.0449251247920133
1 0.49121996303142335 0.23044925124792015 0.024953789279112792 0.0449251247920133
1 0.4898336414048059 0.31114808652246256 0.031423290203327126 0.06988352745424298
1 0.5531423290203328 0.3186356073211315 0.032347504621072054 0.06156405990016639
1 0.6044362292051756 0.3311148086522463 0.03327171903881698 0.06655574043261231
1 0.6728280961182994 0.34276206322795344 0.0369685767097967 0.06988352745424292
1 0.5633086876155268 0.2454242928452579 0.02310536044362288 0.04825291181364391
1 0.6030499075785583 0.2612312811980033 0.026802218114602594 0.0565723793677205
1 0.599815157116451 0.19966722129783693 0.020332717190388094 0.04326123128119799
1 0.6414048059149723 0.1821963394342762 0.02402957486136792 0.04825291181364394
1 0.6589648798521257 0.2612312811980033 0.02402957486136792 0.0565723793677205
1 0.6585027726432533 0.20798668885191346 0.02310536044362299 0.046589018302828605
1 0.6959334565619224 0.22628951747088186 0.02402957486136781 0.05324459234608986
1 0.7079482439926064 0.2903494176372712 0.027726432532347522 0.05158069883527455
1 0.7763401109057302 0.2903494176372712 0.02957486136783738 0.064891846921797
1 0.7486136783733826 0.22795341098169716 0.025878003696857665 0.06988352745424292
1 0.7402957486136783 0.18302828618968386 0.025878003696857665 0.04658901830282863
1 0.7111829944547134 0.18552412645590682 0.019408502772643277 0.05158069883527455
1 0.6839186691312384 0.15973377703826955 0.025878003696857665 0.049916805324459246
1 0.7204251386321627 0.1439267886855241 0.021256931608133134 0.041597337770382686
1 0.7347504621072088 0.12562396006655574 0.01663585951940849 0.034941763727121475
1 0.743992606284658 0.1264559068219634 0.014787430683918634 0.03327787021630617
1 0.7661737523105361 0.1281198003327787 0.014787430683918745 0.03327787021630617
1 0.7735674676524954 0.12146422628951747 0.014787430683918634 0.03327787021630614
1 0.7906654343807764 0.13727121464226288 0.013863216266173706 0.03494176372712146
1 0.7971349353049908 0.17637271214642264 0.026802218114602594 0.04991680532445922
1 0.7573937153419594 0.16139767054908488 0.01756007393715342 0.033277870216306155
1 0.810536044362292 0.24459234608985025 0.027726432532347522 0.04991680532445922
1 0.8202402957486137 0.16888519134775376 0.01756007393715342 0.038269550748752074
1 0.8100739371534196 0.1314475873544093 0.015711645101663563 0.03327787021630617
1 0.8299445471349353 0.14975041597337768 0.01663585951940849 0.03660565723793677
1 0.844731977818854 0.18635607321131448 0.01848428835489835 0.03993344425956741
1 0.8646025878003697 0.22628951747088186 0.02310536044362288 0.05324459234608986
1 0.922365988909427 0.2895174708818635 0.02957486136783727 0.0632279534109817
1 0.8817005545286507 0.19633943427620631 0.020332717190388094 0.04326123128119799
1 0.8604436229205176 0.16139767054908488 0.01663585951940849 0.029950083194675542
1 0.8664510166358594 0.12895174708818635 0.015711645101663563 0.034941763727121475
1 0.8923290203327172 0.13227953410981697 0.01201478743068396 0.034941763727121475
1 0.8909426987060998 0.17138103161397672 0.01663585951940849 0.04326123128119799
1 0.9186691312384473 0.2088186356073211 0.01848428835489835 0.041597337770382686
1 0.9214417744916821 0.1821963394342762 0.014787430683918634 0.028286189683860236
1 0.9191312384473198 0.1572379367720466 0.013863216266173706 0.024958402662229595
