1 0.0909722222222222 0.6564814814814814 0.09027777777777776 0.12407407407407411
1 0.07847222222222222 0.5064814814814815 0.03194444444444444 0.046296296296296335
1 0.10972222222222222 0.47685185185185186 0.027777777777777776 0.042592592592592626
1 0.12152777777777779 0.5083333333333333 0.031944444444444456 0.04999999999999999
1 0.15 0.4925925925925926 0.04722222222222222 0.05555555555555558
1 0.17222222222222222 0.49351851851851847 0.030555555555555558 0.04999999999999999
1 0.20347222222222222 0.4759259259259259 0.03194444444444444 0.040740740740740744
1 0.22986111111111113 0.5064814814814815 0.029166666666666646 0.0537037037037037
1 0.27222222222222225 0.512962962962963 0.03888888888888892 0.05925925925925929
1 0.2534722222222222 0.47685185185185186 0.02361111111111111 0.02777777777777779
1 0.27847222222222223 0.4712962962962963 0.018055555555555547 0.03518518518518515
1 0.2875 0.4962962962962963 0.024999999999999967 0.04814814814814816
1 0.3138888888888889 0.5092592592592593 0.030555555555555558 0.05185185185185187
1 0.3534722222222222 0.4898148148148148 0.02638888888888885 0.04629629629629628
1 0.37222222222222223 0.5101851851851852 0.036111111111111094 0.05370370370370375
1 0.41041666666666665 0.5472222222222223 0.05138888888888887 0.07592592592592584
1 0.43680555555555556 0.512962962962963 0.03194444444444444 0.04814814814814822
1 0.48333333333333334 0.500925925925926 0.02777777777777779 0.05740740740740746
1 0.5277777777777777 0.4842592592592593 0.02777777777777779 0.03518518518518521
1 0.5743055555555556 0.4722222222222222 0.026388888888888906 0.037037037037037035
1 0.5138888888888888 0.5694444444444444 0.05277777777777776 0.06851851851851853
1 0.6 0.5268518518518518 0.04444444444444451 0.0759259259259259
1 0.648611111111111 0.4898148148148148 0.030555555555555558 0.05370370370370375
1 0.6784722222222223 0.5555555555555556 0.056944444444444464 0.07777777777777772
1 0.6819444444444445 0.5203703703703704 0.04166666666666663 0.04814814814814811
1 0.7222222222222223 0.47962962962962963 0.02777777777777779 0.040740740740740744
1 0.7694444444444444 0.5425925925925926 0.04999999999999993 0.08888888888888885
1 0.7965277777777777 0.5083333333333333 0.043055555555555514 0.05740740740740746
1 0.8298611111111112 0.49722222222222223 0.03194444444444444 0.05370370370370364
1 0.8652777777777778 0.5574074074074074 0.061111111111111116 0.07777777777777783
1 0.9708333333333333 0.5259259259259259 0.050000000000000044 0.07037037037037036
