1 0.8723662884927066 0.25274725274725274 0.010534846029173317 0.027472527472527458
1 0.8338735818476499 0.2534340659340659 0.011345218800648205 0.028846153846153827
1 0.8460291734197731 0.26717032967032966 0.011345218800648316 0.03159340659340659
1 0.8881685575364668 0.2760989010989011 0.012965964343598091 0.030219780219780223
1 0.8792544570502432 0.3090659340659341 0.011345218800648316 0.03296703296703296
1 0.8654781199351702 0.3317307692307692 0.01620745542949753 0.03159340659340659
1 0.8399513776337115 0.3042582417582418 0.013776337115072979 0.034340659340659385
1 0.84967585089141 0.37706043956043955 0.02025931928687197 0.05631868131868134
1 0.9027552674230146 0.2980769230769231 0.01296596434359798 0.02472527472527475
1 0.9039708265802269 0.32623626373626374 0.018638573743922193 0.03159340659340659
1 0.9254457050243112 0.3482142857142857 0.01620745542949764 0.0425824175824176
1 0.9242301458670988 0.30425824175824173 0.013776337115072979 0.03159340659340659
1 0.9307131280388978 0.271978021978022 0.012155591572123092 0.02747252747252743
1 0.8030794165316045 0.24313186813186816 0.014586709886547755 0.03021978021978025
1 0.807131280388979 0.2774725274725275 0.012965964343598091 0.027472527472527486
1 0.8038897893030794 0.29464285714285715 0.01296596434359798 0.03708791208791207
1 0.9055915721231766 0.40315934065934067 0.018638573743922193 0.05082417582417581
1 0.9128849270664505 0.45123626373626374 0.028363047001620734 0.061813186813186816
1 0.8026742301458671 0.3331043956043956 0.013776337115072868 0.03159340659340659
1 0.8063209076175041 0.35027472527472525 0.01944894651539708 0.046703296703296704
1 0.8391410048622366 0.4429945054945055 0.025121555915721183 0.05906593406593408
1 0.8132090761750406 0.4993131868131868 0.03160453808752017 0.07005494505494503
1 0.7799837925445705 0.415521978021978 0.028363047001620734 0.05357142857142855
1 0.7759319286871961 0.239010989010989 0.012155591572123203 0.030219780219780196
1 0.7816045380875203 0.26373626373626374 0.013776337115072979 0.035714285714285726
1 0.7694489465153971 0.27197802197802196 0.013776337115072979 0.030219780219780223
1 0.7406807131280388 0.23626373626373626 0.011345218800648316 0.027472527472527486
1 0.726904376012966 0.24931318681318682 0.01296596434359798 0.03434065934065933
1 0.7005672609400324 0.24725274725274726 0.013776337115072979 0.030219780219780223
1 0.690032414910859 0.2980769230769231 0.015397082658022754 0.0357142857142857
1 0.6831442463533225 0.353021978021978 0.01944894651539708 0.043956043956043966
1 0.7183954619124797 0.39217032967032966 0.02674230145867096 0.05631868131868134
1 0.6564019448946515 0.3557692307692308 0.024311183144246407 0.05494505494505497
1 0.6304700162074555 0.3001373626373626 0.017828200972447306 0.03708791208791207
1 0.6381685575364668 0.2438186813186813 0.012155591572123092 0.02609890109890106
1 0.6673419773095624 0.2726648351648352 0.015397082658022643 0.034340659340659385
1 0.6689627228525121 0.2081043956043956 0.008914100486223653 0.023351648351648352
1 0.6693679092382496 0.22733516483516483 0.011345218800648316 0.026098901098901117
1 0.679902755267423 0.22458791208791207 0.011345218800648316 0.020604395604395614
1 0.6341166936790924 0.22115384615384615 0.010534846029173428 0.021978021978021983
1 0.5984602917341977 0.21016483516483514 0.008914100486223764 0.02472527472527472
1 0.600486223662885 0.22184065934065933 0.011345218800648316 0.02609890109890109
1 0.6017017828200972 0.24725274725274726 0.010534846029173428 0.02472527472527475
1 0.6000810372771475 0.3214285714285714 0.02025931928687197 0.046703296703296704
1 0.630064829821718 0.45467032967032966 0.02674230145867096 0.0714285714285714
1 0.6912479740680713 0.529532967032967 0.027552674230145846 0.06456043956043955
1 0.5903565640194489 0.43612637362637363 0.02674230145867096 0.06456043956043955
1 0.5786061588330632 0.4052197802197802 0.024311183144246407 0.04120879120879117
1 0.5437601296596435 0.3983516483516484 0.02269043760129652 0.057692307692307654
1 0.5542949756888169 0.2760989010989011 0.014586709886547866 0.03296703296703296
1 0.5790113452188006 0.26304945054945056 0.012155591572123092 0.028846153846153855
1 0.5818476499189627 0.23557692307692307 0.011345218800648316 0.026098901098901117
1 0.5684764991896272 0.21153846153846154 0.010534846029173317 0.019230769230769218
1 0.5526742301458671 0.22527472527472528 0.011345218800648316 0.027472527472527486
1 0.5393030794165317 0.25137362637362637 0.012155591572123092 0.03296703296703296
1 0.5364667747163695 0.34958791208791207 0.01944894651539708 0.04807692307692307
1 0.5016207455429498 0.31936813186813184 0.01458670988654781 0.034340659340659385
1 0.5198541329011346 0.2733516483516484 0.013776337115072868 0.030219780219780168
1 0.5064829821717991 0.25824175824175827 0.014586709886547866 0.03296703296703299
1 0.5182333873581848 0.24519230769230768 0.010534846029173428 0.023351648351648324
1 0.47771474878444087 0.3914835164835165 0.02512155591572124 0.05494505494505497
1 0.47325769854132904 0.301510989010989 0.01458670988654781 0.03159340659340659
1 0.47244732576985415 0.26098901098901095 0.012965964343598035 0.024725274725274693
1 0.46434359805510533 0.239010989010989 0.011345218800648316 0.027472527472527458
1 0.4258508914100486 0.25618131868131866 0.012155591572123203 0.023351648351648352
1 0.4088330632090762 0.2960164835164835 0.013776337115072923 0.03159340659340659
1 0.42179902755267423 0.2864010989010989 0.012155591572123203 0.026098901098901117
1 0.4112641815235008 0.32623626373626374 0.02350081037277152 0.03708791208791207
1 0.43354943273906 0.30494505494505497 0.01458670988654781 0.032967032967033016
1 0.44327390599675853 0.32554945054945056 0.01944894651539708 0.04120879120879117
1 0.3905996758508914 0.2596153846153846 0.011345218800648316 0.027472527472527458
1 0.353322528363047 0.2918956043956044 0.01458670988654781 0.028846153846153855
1 0.33427876823338737 0.3537087912087912 0.02025931928687197 0.045329670329670335
1 0.3525121555915721 0.32554945054945056 0.01458670988654781 0.03296703296703296
1 0.3820907617504052 0.3337912087912088 0.017017828200972418 0.03846153846153849
1 0.2872771474878444 0.3021978021978022 0.013776337115072923 0.030219780219780223
1 0.26539708265802264 0.33722527472527475 0.015397082658022698 0.03983516483516486
1 0.2791734197730956 0.3701923076923077 0.013776337115072979 0.03708791208791207
1 0.23095623987034036 0.334478021978022 0.01458670988654781 0.034340659340659385
1 0.09521880064829821 0.5494505494505495 0.03808752025931929 0.07417582417582425
1 0.7013776337115073 0.290521978021978 0.013776337115072979 0.034340659340659385
1 0.646677471636953 0.3385989010989011 0.021069692058346856 0.05082417582417581
