1 0.10498046875 0.7401960784313726 0.0390625 0.06601307189542482
1 0.133544921875 0.7313725490196079 0.03076171875 0.05228758169934633
1 0.22314453125 0.7784313725490195 0.0751953125 0.09281045751633987
1 0.255126953125 0.723202614379085 0.05322265625 0.06993464052287579
1 0.4130859375 0.7003267973856209 0.033203125 0.05947712418300655
1 0.454833984375 0.7019607843137254 0.03369140625 0.05228758169934633
1 0.509033203125 0.7150326797385621 0.04443359375 0.06274509803921569
1 0.57958984375 0.7094771241830066 0.0458984375 0.06732026143790848
1 0.617431640625 0.7091503267973857 0.04052734375 0.06274509803921569
1 0.68212890625 0.75 0.0634765625 0.09346405228758159
1 0.6611328125 0.6898692810457516 0.0302734375 0.042483660130719025
1 0.7099609375 0.7065359477124183 0.044921875 0.06928104575163396
1 0.782470703125 0.6977124183006536 0.03662109375 0.05032679738562085
1 0.8017578125 0.7277777777777777 0.0458984375 0.07516339869281041
1 0.8369140625 0.7555555555555555 0.0673828125 0.09150326797385622
1 0.970947265625 0.7173202614379085 0.05810546875 0.09738562091503278
