1 0.057999999999999996 0.3664772727272727 0.076 0.10795454545454547
1 0.203 0.36505681818181823 0.05000000000000002 0.08806818181818182
1 0.33199999999999996 0.3295454545454546 0.03999999999999998 0.07954545454545453
1 0.41000000000000003 0.3210227272727273 0.03999999999999998 0.0625
1 0.46599999999999997 0.3125 0.02799999999999997 0.05681818181818177
1 0.484 0.31392045454545453 0.020000000000000018 0.042613636363636354
1 0.537 0.31534090909090906 0.030000000000000027 0.05681818181818182
1 0.516 0.3039772727272727 0.020000000000000018 0.03977272727272724
1 0.609 0.3181818181818182 0.026000000000000023 0.051136363636363646
1 0.7050000000000001 0.2215909090909091 0.04599999999999993 0.07954545454545453
1 0.778 0.2272727272727273 0.040000000000000036 0.08522727272727273
1 0.808 0.24857954545454544 0.03599999999999992 0.059659090909090884
1 0.772 0.40340909090909094 0.07600000000000007 0.09659090909090912
1 0.786 0.48153409090909094 0.07599999999999996 0.09375000000000006
1 0.737 0.5553977272727273 0.07000000000000006 0.09375
1 0.10200000000000001 0.20170454545454547 0.039999999999999994 0.04545454545454544
1 0.093 0.234375 0.021999999999999992 0.03125
1 0.084 0.2670454545454546 0.027999999999999997 0.034090909090909116
1 0.033 0.24573863636363635 0.030000000000000002 0.036931818181818205
1 0.014 0.2713068181818182 0.024 0.04829545454545456
1 0.027000000000000003 0.19460227272727273 0.026000000000000002 0.042613636363636354
1 0.061 0.19176136363636365 0.021999999999999992 0.025568181818181823
1 0.14800000000000002 0.2002840909090909 0.01999999999999999 0.019886363636363646
1 0.14900000000000002 0.2414772727272727 0.021999999999999992 0.02840909090909091
1 0.155 0.23011363636363635 0.014000000000000012 0.022727272727272735
1 0.14800000000000002 0.1789772727272727 0.01999999999999999 0.02840909090909091
1 0.193 0.20170454545454547 0.018000000000000016 0.02840909090909091
1 0.236 0.24431818181818182 0.01999999999999999 0.03409090909090909
1 0.20600000000000002 0.26136363636363635 0.023999999999999994 0.03409090909090906
1 0.199 0.296875 0.021999999999999992 0.042613636363636354
1 0.29600000000000004 0.23579545454545453 0.03199999999999997 0.05113636363636362
1 0.265 0.24715909090909094 0.02200000000000002 0.022727272727272735
1 0.263 0.18892045454545456 0.02200000000000002 0.03125
1 0.228 0.21448863636363635 0.01200000000000001 0.01988636363636362
1 0.33799999999999997 0.21448863636363635 0.011999999999999955 0.025568181818181823
1 0.41600000000000004 0.2102272727272727 0.023999999999999966 0.039772727272727265
1 0.491 0.2528409090909091 0.02200000000000002 0.03409090909090909
1 0.451 0.2372159090909091 0.02200000000000002 0.03693181818181818
1 0.444 0.20170454545454547 0.016000000000000014 0.022727272727272735
1 0.498 0.21732954545454544 0.01200000000000001 0.03125
1 0.478 0.22585227272727273 0.01200000000000001 0.025568181818181823
1 0.5680000000000001 0.22869318181818182 0.019999999999999907 0.03125
1 0.538 0.234375 0.016000000000000014 0.025568181818181823
1 0.521 0.24715909090909094 0.014000000000000012 0.022727272727272735
1 0.588 0.234375 0.020000000000000018 0.025568181818181823
1 0.649 0.24005681818181818 0.014000000000000012 0.02556818181818185
1 0.621 0.2372159090909091 0.014000000000000012 0.025568181818181823
1 0.633 0.296875 0.014000000000000012 0.03125
1 0.609 0.28267045454545453 0.014000000000000012 0.019886363636363646
1 0.361 0.24005681818181818 0.02200000000000002 0.03125
1 0.364 0.2059659090909091 0.01200000000000001 0.025568181818181823
1 0.378 0.19318181818181818 0.01200000000000001 0.022727272727272735
1 0.395 0.19886363636363635 0.010000000000000009 0.022727272727272735
