1 0.5 0.4699248120300752 0.10000000000000003 0.18045112781954886
1 0.735 0.7669172932330828 0.06499999999999995 0.10526315789473684
1 0.8075 0.7838345864661653 0.08000000000000007 0.14661654135338342
1 0.9675 0.7744360902255639 0.06000000000000005 0.1278195488721805
1 0.93875 0.7067669172932332 0.05249999999999999 0.08270676691729328
1 0.44499999999999995 0.7556390977443609 0.07 0.09774436090225569
1 0.36624999999999996 0.8796992481203008 0.10249999999999998 0.13533834586466165
1 0.16749999999999998 0.8270676691729324 0.07999999999999999 0.10526315789473684
1 0.11249999999999999 0.7838345864661654 0.06999999999999999 0.10150375939849621
1 0.03875 0.8552631578947368 0.0725 0.16917293233082709
