1 0.11616847826086957 0.2246376811594203 0.03940217391304347 0.06159420289855075
1 0.18546195652173914 0.24547101449275363 0.044836956521739135 0.06340579710144928
1 0.2649456521739131 0.23007246376811596 0.043478260869565244 0.06884057971014493
1 0.33491847826086957 0.2391304347826087 0.04755434782608692 0.06521739130434781
1 0.16304347826086957 0.3523550724637681 0.0516304347826087 0.08152173913043481
1 0.25883152173913043 0.4809782608695652 0.07744565217391305 0.13224637681159418
1 0.33220108695652173 0.3423913043478261 0.052989130434782594 0.10144927536231885
1 0.516983695652174 0.3115942028985507 0.04755434782608697 0.07608695652173914
1 0.39877717391304346 0.4492753623188406 0.07472826086956524 0.10869565217391308
1 0.5373641304347826 0.43568840579710144 0.07744565217391303 0.1141304347826087
1 0.6698369565217391 0.4030797101449275 0.07336956521739135 0.1141304347826087
