1 0.02441860465116279 0.478 0.020930232558139535 0.05199999999999999
1 0.046511627906976744 0.486 0.03255813953488373 0.06
1 0.08255813953488372 0.498 0.034883720930232565 0.06
1 0.11744186046511629 0.516 0.03953488372093024 0.06400000000000006
1 0.1569767441860465 0.526 0.0488372093023256 0.09199999999999997
1 0.21046511627906977 0.548 0.048837209302325574 0.09599999999999997
1 0.25465116279069766 0.488 0.034883720930232565 0.055999999999999994
1 0.31744186046511624 0.5980000000000001 0.07209302325581396 0.124
1 0.29186046511627906 0.444 0.020930232558139528 0.04800000000000004
1 0.33837209302325577 0.44599999999999995 0.030232558139534904 0.05199999999999999
1 0.3546511627906977 0.41800000000000004 0.016279069767441867 0.043999999999999984
1 0.3674418604651163 0.474 0.032558139534883734 0.068
1 0.39651162790697675 0.47 0.03023255813953485 0.07600000000000001
1 0.4023255813953488 0.42200000000000004 0.023255813953488358 0.043999999999999984
1 0.44418604651162785 0.41000000000000003 0.018604651162790697 0.02799999999999997
1 0.4744186046511628 0.45199999999999996 0.02790697674418602 0.064
1 0.47093023255813954 0.41800000000000004 0.016279069767441867 0.035999999999999976
1 0.5 0.41800000000000004 0.018604651162790697 0.043999999999999984
1 0.55 0.42200000000000004 0.020930232558139528 0.043999999999999984
1 0.5209302325581395 0.498 0.032558139534883734 0.068
1 0.5732558139534885 0.496 0.0488372093023256 0.08000000000000002
1 0.6058139534883721 0.44799999999999995 0.03023255813953485 0.07200000000000001
1 0.6313953488372093 0.43999999999999995 0.020930232558139528 0.064
1 0.6476744186046512 0.432 0.025581395348837188 0.04800000000000004
1 0.6965116279069767 0.47 0.03023255813953485 0.07600000000000001
1 0.7674418604651163 0.436 0.027906976744186074 0.05600000000000005
1 0.7430232558139536 0.658 0.09999999999999998 0.21199999999999997
1 0.877906976744186 0.5760000000000001 0.0720930232558139 0.14400000000000002
1 0.8465116279069766 0.41800000000000004 0.027906976744186074 0.06
1 0.9860465116279069 0.406 0.027906976744186074 0.06
