1 0.092 0.5375375375375375 0.084 0.1321321321321322
1 0.186 0.5360360360360361 0.043999999999999984 0.08708708708708712
1 0.272 0.542042042042042 0.11600000000000002 0.17117117117117114
1 0.42200000000000004 0.5255255255255256 0.03999999999999998 0.06606606606606602
1 0.397 0.509009009009009 0.025999999999999968 0.05105105105105112
1 0.45 0.53003003003003 0.03200000000000003 0.04504504504504503
1 0.5900000000000001 0.5330330330330331 0.12 0.1711711711711712
1 0.6779999999999999 0.5360360360360361 0.05599999999999994 0.08708708708708712
1 0.749 0.5195195195195196 0.038000000000000034 0.060060060060060094
1 0.8240000000000001 0.524024024024024 0.051999999999999935 0.08108108108108114
1 0.9099999999999999 0.5615615615615616 0.09999999999999998 0.1861861861861862
