1 0.12152501985702938 0.6114982578397212 0.030182684670373314 0.07317073170731703
1 0.08061953931691819 0.46602787456445993 0.021445591739475772 0.07491289198606271
1 0.08220810166799047 0.4189895470383275 0.024622716441620326 0.05400696864111498
1 0.18625893566322477 0.4250871080139373 0.02303415409054807 0.06968641114982577
1 0.23391580619539315 0.3493031358885017 0.02303415409054807 0.06445993031358882
1 0.24741858617950752 0.289198606271777 0.019857029388403474 0.0383275261324042
1 0.17474185861795075 0.26480836236933797 0.019062748212867353 0.04181184668989546
1 0.1620333598093725 0.22038327526132406 0.017474185861795083 0.050522648083623695
1 0.12629070691024624 0.23693379790940766 0.015885623510722785 0.04529616724738675
1 0.12430500397140588 0.21254355400696864 0.011914217633042096 0.03484320557491288
1 0.17593328038125497 0.1872822299651568 0.015091342335186664 0.03658536585365854
1 0.15329626687847497 0.15331010452961674 0.012708498808578245 0.031358885017421595
1 0.054011119936457505 0.29006968641114983 0.0158856235107228 0.04006968641114983
1 0.04686258935663225 0.24651567944250868 0.014297061159650515 0.0400696864111498
1 0.04606830818109611 0.21951219512195122 0.011119936457505954 0.024390243902439046
1 0.04567116759332804 0.19686411149825783 0.011914217633042096 0.031358885017421595
1 0.20492454328832405 0.13066202090592335 0.011119936457505947 0.02787456445993032
1 0.21803018268467037 0.13066202090592335 0.010325655281969826 0.0348432055749129
1 0.24861000794281174 0.1254355400696864 0.012708498808578245 0.04529616724738676
1 0.28673550436854645 0.15766550522648082 0.01747418586179511 0.03658536585365854
1 0.29586973788721205 0.13414634146341464 0.011914217633042068 0.02787456445993032
1 0.2887212073073868 0.20731707317073172 0.016679904686258906 0.04181184668989549
1 0.3105639396346307 0.23519163763066203 0.015885623510722813 0.0383275261324042
1 0.3439237490071485 0.2264808362369338 0.019062748212867353 0.04181184668989546
1 0.37688641779189835 0.17334494773519166 0.019857029388403502 0.03658536585365854
1 0.4110405083399523 0.16986062717770034 0.015091342335186664 0.04355400696864112
1 0.4785544082605242 0.2865853658536585 0.019857029388403447 0.05400696864111498
1 0.5333598093725178 0.4564459930313589 0.024622716441620285 0.06620209059233445
1 0.3582208101667991 0.08710801393728224 0.014297061159650515 0.0348432055749129
1 0.3733121525019857 0.09059233449477352 0.014297061159650515 0.038327526132404185
1 0.3987291501191422 0.08449477351916376 0.012708498808578272 0.03310104529616725
1 0.42295472597299444 0.08449477351916376 0.011914217633042123 0.03310104529616725
1 0.45710881652104846 0.12804878048780488 0.011914217633042123 0.02961672473867595
1 0.4749801429706116 0.08797909407665505 0.009531374106433677 0.03310104529616725
1 0.47736298649722003 0.06707317073170732 0.011119936457505974 0.026132404181184662
1 0.4876886417791898 0.12630662020905922 0.012708498808578217 0.03310104529616724
1 0.46584590945194604 0.16550522648083624 0.013502779984114366 0.03484320557491288
1 0.4948371723590151 0.1750871080139373 0.012708498808578272 0.03310104529616725
1 0.49324861000794284 0.2264808362369338 0.02065131056393965 0.04878048780487804
1 0.5532168387609213 0.31271777003484325 0.02144559173947569 0.05052264808362367
1 0.5214455917394758 0.08710801393728224 0.010325655281969826 0.024390243902439032
1 0.5039714058776807 0.11149825783972125 0.013502779984114366 0.03135888501742161
1 0.5571882446386021 0.1803135888501742 0.015091342335186608 0.04006968641114983
1 0.5687053216838761 0.20731707317073172 0.015885623510722757 0.04181184668989549
1 0.56791104050834 0.13501742160278746 0.01429706115965046 0.03310104529616725
1 0.5857823669579032 0.1289198606271777 0.010325655281969826 0.03135888501742161
1 0.5833995234312948 0.10017421602787457 0.010325655281969826 0.02961672473867595
1 0.6147736298649722 0.1210801393728223 0.015885623510722757 0.03658536585365853
1 0.6370135027799841 0.15418118466898956 0.012708498808578272 0.03310104529616725
1 0.625099285146942 0.2412891986062718 0.019062748212867353 0.04355400696864112
1 0.6755361397934869 0.3327526132404181 0.019857029388403502 0.05574912891986061
1 0.7017474185861795 0.2726480836236934 0.016679904686258906 0.043554006968641146
1 0.6942017474185862 0.2229965156794425 0.011119936457505974 0.0383275261324042
1 0.7196187450357426 0.21080139372822299 0.01429706115965046 0.03832752613240417
1 0.7283558379666402 0.16202090592334495 0.01429706115965057 0.0383275261324042
1 0.7656870532168387 0.1951219512195122 0.01429706115965057 0.03832752613240417
1 0.7855440826052422 0.21080139372822299 0.012708498808578272 0.04181184668989549
1 0.8260524225575854 0.25609756097560976 0.015885623510722757 0.04529616724738675
1 0.7716441620333598 0.36585365853658536 0.024622716441620285 0.06271777003484319
1 0.9050833995234313 0.3397212543554007 0.0214455917394758 0.05574912891986061
