1 0.23333333333333334 0.3446808510638298 0.05999999999999997 0.08936170212765959
1 0.17833333333333334 0.30851063829787234 0.05000000000000002 0.06808510638297871
1 0.29666666666666663 0.3457446808510638 0.04999999999999999 0.06595744680851062
1 0.30333333333333334 0.298936170212766 0.033333333333333326 0.04893617021276597
1 0.35833333333333334 0.3393617021276596 0.046666666666666634 0.05744680851063827
1 0.37 0.4138297872340425 0.07333333333333336 0.09574468085106386
1 0.44833333333333336 0.33297872340425533 0.04999999999999999 0.0617021276595745
1 0.4 0.3531914893617021 0.03666666666666668 0.05106382978723406
1 0.3775 0.30851063829787234 0.03500000000000003 0.04255319148936165
1 0.4141666666666667 0.2170212765957447 0.031666666666666676 0.04255319148936171
1 0.4766666666666667 0.31170212765957445 0.026666666666666672 0.044680851063829796
1 0.49666666666666665 0.3829787234042553 0.04999999999999993 0.07659574468085106
1 0.5283333333333333 0.4425531914893617 0.09000000000000002 0.12765957446808507
1 0.6866666666666666 0.45744680851063835 0.08666666666666667 0.11063829787234042
1 0.6166666666666667 0.37127659574468086 0.053333333333333344 0.07872340425531915
1 0.5466666666666666 0.32872340425531915 0.046666666666666634 0.0617021276595745
1 0.5233333333333334 0.275531914893617 0.033333333333333326 0.044680851063829796
1 0.5808333333333333 0.30319148936170215 0.02833333333333332 0.05744680851063827
1 0.6425000000000001 0.31063829787234043 0.03166666666666662 0.051063829787234005
1 0.6699999999999999 0.3180851063829787 0.036666666666666736 0.057446808510638325
1 0.7 0.3574468085106383 0.056666666666666754 0.07659574468085106
1 0.7691666666666667 0.38085106382978723 0.06166666666666676 0.09361702127659577
1 0.8025 0.3223404255319149 0.04166666666666674 0.057446808510638325
1 0.86 0.3702127659574468 0.05666666666666664 0.08510638297872342
1 0.9425 0.3414893617021276 0.04833333333333334 0.07446808510638298
1 0.9466666666666667 0.5468085106382978 0.10666666666666669 0.17021276595744678
