1 0.025 0.5702576112412179 0.046875 0.09133489461358313
1 0.109375 0.5433255269320842 0.04375000000000001 0.05620608899297419
1 0.16171875000000002 0.5269320843091334 0.032812499999999994 0.051522248243559665
1 0.23125 0.6182669789227166 0.04374999999999998 0.060889929742388826
1 0.16328125 0.5901639344262295 0.0390625 0.07025761124121788
1 0.3421875 0.5913348946135832 0.05312500000000003 0.0866510538641686
1 0.365625 0.5679156908665106 0.03125 0.06323185011709598
1 0.3703125 0.5398126463700235 0.025000000000000022 0.06323185011709598
1 0.39296875 0.540983606557377 0.02656249999999999 0.07025761124121777
1 0.49921875000000004 0.38524590163934425 0.03593750000000001 0.05386416861826698
1 0.6968749999999999 0.5433255269320842 0.04062500000000002 0.07025761124121777
1 0.7640625000000001 0.5831381733021077 0.05312499999999998 0.08430913348946134
1 0.73046875 0.5843091334894615 0.035937499999999956 0.07728337236533955
1 0.86796875 0.5421545667447307 0.0703125 0.12880562060889933
