1 0.246875 0.60375 0.04125000000000001 0.0558333333333334
1 0.271875 0.6275 0.048750000000000016 0.053333333333333344
1 0.31937499999999996 0.6625 0.065 0.11499999999999999
1 0.3771875 0.6670833333333333 0.111875 0.1825
1 0.365 0.5791666666666666 0.036250000000000004 0.05166666666666664
1 0.41874999999999996 0.6033333333333333 0.044999999999999984 0.06500000000000006
1 0.5303125 0.46208333333333335 0.030625000000000013 0.05249999999999999
1 0.5484375 0.6045833333333334 0.06687500000000002 0.10250000000000004
1 0.620625 0.5970833333333334 0.05499999999999994 0.08583333333333332
1 0.73 0.5216666666666667 0.026249999999999996 0.04166666666666663
1 0.8396874999999999 0.7175 0.32062500000000005 0.5316666666666666
