1 0.09895833333333333 0.594140625 0.08958333333333332 0.08671874999999996
1 0.1828125 0.530859375 0.04270833333333332 0.038281250000000044
1 0.22239583333333332 0.5093749999999999 0.046875 0.03749999999999998
1 0.26666666666666666 0.553125 0.06666666666666665 0.0625
1 0.37031250000000004 0.56171875 0.09270833333333334 0.06562499999999993
1 0.3875 0.657421875 0.12083333333333335 0.10390624999999998
1 0.5843750000000001 0.584765625 0.07291666666666663 0.06484374999999998
1 0.8239583333333333 0.651171875 0.10833333333333339 0.09453125000000007
1 0.5114583333333333 0.548046875 0.06458333333333327 0.05234375000000002
1 0.4822916666666667 0.51015625 0.03750000000000003 0.035937499999999956
1 0.41927083333333337 0.511328125 0.03854166666666664 0.038281250000000044
1 0.4552083333333333 0.495703125 0.033333333333333326 0.030468750000000044
1 0.42604166666666665 0.48046875 0.029166666666666674 0.021874999999999978
1 0.4395833333333333 0.464453125 0.02083333333333337 0.017968750000000033
1 0.45677083333333335 0.4625 0.019791666666666652 0.017187499999999967
1 0.4921875 0.46406250000000004 0.028124999999999956 0.02656249999999999
1 0.5458333333333334 0.4609375 0.025000000000000022 0.020312499999999956
1 0.5635416666666667 0.47421875 0.03125 0.0234375
1 0.6463541666666667 0.480859375 0.030208333333333393 0.025781250000000033
1 0.6671875 0.49179687499999997 0.03437499999999993 0.025781249999999978
1 0.6937500000000001 0.494140625 0.029166666666666674 0.025781250000000033
1 0.6937500000000001 0.468359375 0.02083333333333337 0.01640625000000001
1 0.71875 0.46406250000000004 0.022916666666666696 0.02031250000000001
1 0.7359375 0.470703125 0.028124999999999956 0.01953125
1 0.7729166666666667 0.501953125 0.04166666666666663 0.04140625000000003
1 0.7489583333333334 0.499609375 0.027083333333333237 0.02734375
1 0.7958333333333334 0.464453125 0.033333333333333326 0.02265624999999999
1 0.7692708333333333 0.46640625 0.019791666666666652 0.01874999999999999
1 0.7786458333333333 0.43359375 0.017708333333333326 0.017187500000000022
1 0.8505208333333334 0.490625 0.03020833333333328 0.029687500000000033
1 0.8427083333333334 0.52421875 0.04999999999999993 0.04531249999999998
1 0.9046875000000001 0.505078125 0.048958333333333326 0.03671875000000002
1 0.9182291666666667 0.480859375 0.03645833333333326 0.03046874999999999
1 0.8833333333333333 0.478515625 0.027083333333333348 0.025781249999999978
1 0.8421875 0.47109375 0.028124999999999956 0.021875000000000033
1 0.8260416666666667 0.48515625 0.03125 0.029687499999999978
1 0.4197916666666667 0.43671875 0.01874999999999999 0.014062499999999978
1 0.3828125 0.43085937500000004 0.019791666666666652 0.014843749999999989
1 0.33854166666666663 0.50859375 0.04375000000000001 0.03281250000000002
1 0.36875 0.48906249999999996 0.027083333333333293 0.02031250000000001
1 0.384375 0.474609375 0.024999999999999967 0.021093750000000022
1 0.36354166666666665 0.469140625 0.02291666666666664 0.021093749999999967
1 0.34895833333333337 0.46757812499999996 0.02291666666666664 0.01640625000000001
1 0.25364583333333335 0.476171875 0.036458333333333315 0.03203125000000001
1 0.13541666666666669 0.4625 0.02291666666666667 0.015625
1 0.13958333333333334 0.4265625 0.027083333333333348 0.0234375
1 0.09375 0.484375 0.037500000000000006 0.026562500000000044
1 0.10677083333333334 0.4625 0.02604166666666667 0.021875000000000033
1 0.13177083333333334 0.487890625 0.030208333333333337 0.02421875000000001
1 0.159375 0.49726562500000004 0.03541666666666668 0.027343750000000056
1 0.19270833333333331 0.49140625 0.024999999999999994 0.021874999999999978
1 0.1890625 0.468359375 0.019791666666666652 0.01953125
1 0.215625 0.473046875 0.02291666666666667 0.021093749999999967
1 0.15989583333333335 0.47109375 0.01979166666666668 0.01874999999999999
1 0.04635416666666667 0.480078125 0.03020833333333333 0.021093749999999967
1 0.05 0.465234375 0.020833333333333336 0.01640625000000001
1 0.0703125 0.46875 0.026041666666666664 0.025000000000000022
1 0.016666666666666666 0.488671875 0.03125 0.04609374999999999
