1 0.20165208940719145 0.4472318339100346 0.03984450923226435 0.07439446366782004
1 0.35179786200194363 0.2491349480968858 0.023323615160349864 0.03460207612456745
1 0.3843537414965986 0.2673010380622837 0.018464528668610314 0.04671280276816611
1 0.4217687074829932 0.27941176470588236 0.02332361516034981 0.039792387543252594
1 0.35762876579203107 0.2093425605536332 0.013605442176870708 0.024221453287197242
1 0.40476190476190477 0.19636678200692043 0.01846452866861026 0.025951557093425587
1 0.39310009718172984 0.12197231833910036 0.01846452866861026 0.02941176470588236
1 0.4577259475218659 0.22058823529411764 0.021379980563654033 0.039792387543252594
1 0.5 0.2370242214532872 0.03012633624878519 0.038062283737024194
1 0.5286686103012634 0.17993079584775085 0.017492711370262426 0.03460207612456748
1 0.4839650145772595 0.14273356401384082 0.01749271137026237 0.032871972318339104
1 0.5199222546161322 0.12889273356401384 0.011661807580174877 0.025951557093425615
1 0.5354713313896988 0.12629757785467127 0.0097181729834791 0.027681660899653987
1 0.5597667638483965 0.12024221453287198 0.017492711370262426 0.029411764705882373
1 0.587463556851312 0.1254325259515571 0.014577259475218596 0.03633217993079585
1 0.640913508260447 0.1384083044982699 0.01263362487852282 0.017301038062283752
1 0.5592808551992225 0.2050173010380623 0.024295432458697697 0.03633217993079585
1 0.6064139941690962 0.19377162629757785 0.021379980563653977 0.03460207612456745
1 0.5879494655004859 0.25346020761245674 0.027210884353741527 0.03979238754325262
1 0.65354713313897 0.25519031141868515 0.024295432458697808 0.05017301038062286
1 0.662779397473275 0.2093425605536332 0.02526724975704575 0.03806228373702422
1 0.6822157434402332 0.19636678200692043 0.01554907677356654 0.032871972318339104
1 0.684645286686103 0.2698961937716263 0.024295432458697697 0.041522491349480994
1 0.7380952380952381 0.23356401384083042 0.016520894071914483 0.04498269896193771
1 0.7526724975704567 0.28546712802768165 0.024295432458697697 0.05190311418685123
1 0.781827016520894 0.2742214532871972 0.03401360544217691 0.05709342560553632
1 0.8425655976676385 0.3122837370242214 0.0194363459669582 0.053633217993079574
1 0.869290573372206 0.3174740484429066 0.026239067055393583 0.053633217993079574
1 0.8882410106899903 0.2820069204152249 0.027210884353741527 0.03806228373702425
1 0.9402332361516035 0.3615916955017301 0.01846452866861026 0.055363321799307974
1 0.9567541302235181 0.3088235294117647 0.02235179786200192 0.046712802768166084
1 0.956754130223518 0.21972318339100344 0.014577259475218707 0.03806228373702422
1 0.913022351797862 0.21972318339100344 0.016520894071914483 0.031141868512110732
1 0.8600583090379008 0.23529411764705882 0.021379980563653977 0.04152249134948094
1 0.8683187560738581 0.19896193771626297 0.016520894071914483 0.031141868512110732
1 0.8522837706511176 0.17906574394463667 0.013605442176870763 0.032871972318339104
1 0.7560738581146744 0.1453287197231834 0.017492711370262315 0.031141868512110732
