1 0.2407063197026022 0.25441412520064205 0.020446096654275075 0.049759229534510396
1 0.26301115241635686 0.2102728731942215 0.018587360594795543 0.041733547351524874
1 0.2857806691449814 0.2086677367576244 0.01951672862453535 0.0449438202247191
1 0.3238847583643123 0.2174959871589085 0.019516728624535296 0.040128410914927776
1 0.35176579925650553 0.2102728731942215 0.023234200743494415 0.0449438202247191
1 0.35966542750929364 0.1853932584269663 0.022304832713754663 0.040128410914927776
1 0.4052044609665427 0.16613162118780095 0.026022304832713783 0.05296950240770468
1 0.3815055762081785 0.2030497592295345 0.023234200743494415 0.040128410914927776
1 0.3745353159851301 0.2680577849117175 0.03345724907063197 0.06741573033707862
1 0.4437732342007435 0.2070626003210273 0.02695167286245348 0.05136436597110752
1 0.5534386617100372 0.20064205457463885 0.025092936802973975 0.054574638844301776
1 0.6054832713754648 0.2520064205457464 0.02695167286245359 0.05457463884430175
1 0.629182156133829 0.24157303370786518 0.018587360594795488 0.04975922953451045
