1 0.21136363636363636 0.4567307692307693 0.03727272727272729 0.08333333333333331
1 0.27636363636363637 0.25560897435897434 0.023636363636363678 0.05288461538461539
1 0.3336363636363636 0.1482371794871795 0.018181818181818188 0.033653846153846145
1 0.4036363636363636 0.11137820512820512 0.014545454545454528 0.030448717948717938
1 0.42000000000000004 0.1482371794871795 0.012727272727272754 0.027243589743589758
1 0.44499999999999995 0.16266025641025642 0.015454545454545443 0.033653846153846145
1 0.4690909090909091 0.17147435897435898 0.018181818181818188 0.038461538461538464
1 0.48909090909090913 0.14022435897435898 0.012727272727272754 0.027243589743589758
1 0.5145454545454545 0.14102564102564102 0.012727272727272698 0.028846153846153855
1 0.535 0.15144230769230768 0.013636363636363669 0.03044871794871795
1 0.5622727272727273 0.1482371794871795 0.015454545454545388 0.03044871794871795
1 0.7613636363636364 0.10737179487179488 0.01727272727272733 0.035256410256410256
