1 0.346 0.23374340949033393 0.01799999999999996 0.03514938488576452
1 0.3825 0.2565905096660809 0.019000000000000017 0.03866432337434095
1 0.424 0.1625659050966608 0.018000000000000016 0.03339191564147628
1 0.4795 0.13708260105448156 0.015000000000000013 0.03163444639718806
1 0.5055000000000001 0.1634446397188049 0.017000000000000015 0.035149384885764495
1 0.5055000000000001 0.19507908611599295 0.02100000000000002 0.035149384885764495
1 0.5655 0.19156414762741653 0.018999999999999906 0.03866432337434095
1 0.8765000000000001 0.19068541300527242 0.02300000000000002 0.04745166959578209
1 0.9255 0.19156414762741653 0.017000000000000015 0.03866432337434095
1 0.938 0.2478031634446397 0.015999999999999903 0.04569420035149385
1 0.953 0.21704745166959577 0.016000000000000014 0.03690685413005271
