1 0.1598101265822785 0.2747875354107649 0.033227848101265806 0.050991501416430635
1 0.18156645569620256 0.4036827195467422 0.03718354430379747 0.07365439093484422
1 0.6412183544303798 0.09985835694050992 0.015031645569620222 0.029745042492917845
1 0.6930379746835442 0.10764872521246459 0.014240506329113889 0.025495750708215303
1 0.7274525316455697 0.11614730878186968 0.018196202531645556 0.031161473087818692
1 0.7772943037974683 0.11898016997167138 0.011867088607594889 0.02549575070821529
1 0.8073575949367089 0.12393767705382436 0.010284810126582333 0.03257790368271955
1 0.836629746835443 0.12393767705382436 0.018196202531645556 0.03541076487252125
1 0.5613132911392404 0.12960339943342775 0.011867088607595 0.024079320113314456
1 0.5249208860759493 0.14022662889518414 0.011867088607595 0.028328611898016998
1 0.5917721518987342 0.10339943342776203 0.007911392405063222 0.0198300283286119
1 0.6079905063291139 0.11756373937677053 0.013449367088607556 0.028328611898016998
1 0.5035601265822784 0.14022662889518414 0.015031645569620222 0.028328611898016998
1 0.45688291139240506 0.14660056657223797 0.018196202531645556 0.029745042492917845
1 0.34810126582278483 0.21175637393767704 0.020569620253164556 0.038243626062322955
1 0.3192246835443038 0.24787535410764872 0.022943037974683556 0.03682719546742208
1 0.3136867088607595 0.2754957507082153 0.01661392405063289 0.038243626062322955
1 0.4113924050632911 0.1968838526912181 0.02056962025316461 0.03682719546742211
1 0.43908227848101267 0.17209631728045327 0.015822784810126556 0.03257790368271954
1 0.39280063291139244 0.2641643059490085 0.0276898734177215 0.04957507082152973
1 0.4513449367088608 0.21813031161473087 0.018196202531645556 0.031161473087818692
1 0.46795886075949367 0.24291784702549576 0.022943037974683556 0.038243626062322955
1 0.5015822784810127 0.1905099150141643 0.017405063291139278 0.038243626062322955
1 0.5589398734177216 0.1813031161473088 0.018196202531645556 0.033994334277620386
1 0.6068037974683544 0.14730878186968838 0.015822784810126556 0.028328611898016998
1 0.6400316455696202 0.13456090651558075 0.017405063291139222 0.031161473087818706
1 0.5348101265822784 0.30028328611898014 0.03164556962025322 0.06232294617563744
1 0.5636867088607594 0.2443342776203966 0.02136075949367089 0.052407932011331454
1 0.6024525316455696 0.25991501416430596 0.026107594936708778 0.04674220963172804
1 0.603243670886076 0.2209631728045326 0.02452531645569611 0.04532577903682719
1 0.6313291139240507 0.31090651558073656 0.026898734177215222 0.05807365439093487
1 0.6511075949367089 0.26558073654390935 0.02373417721518989 0.04390934844192637
1 0.6534810126582278 0.2245042492917847 0.022151898734177222 0.04107648725212465
1 0.6768196202531646 0.1905099150141643 0.018196202531645556 0.038243626062322955
1 0.7049050632911393 0.2223796033994334 0.01898734177215189 0.04532577903682719
1 0.7203322784810127 0.18130311614730876 0.01661392405063289 0.03682719546742211
1 0.7772943037974683 0.1678470254957507 0.013449367088607556 0.03257790368271954
1 0.8176424050632911 0.1558073654390935 0.02136075949367089 0.039660056657223774
1 0.8583860759493671 0.15864022662889518 0.01898734177215189 0.03682719546742208
1 0.8928006329113924 0.15368271954674223 0.011867088607595 0.029745042492917845
1 0.8350474683544304 0.32223796033994334 0.026107594936708778 0.08073654390934848
1 0.7958860759493671 0.38172804532577903 0.030063291139240444 0.09206798866855526
1 0.875 0.4249291784702549 0.034810126582278444 0.08498583569405099
1 0.903876582278481 0.3038243626062323 0.02610759493670889 0.060906515580736564
1 0.8619462025316456 0.26274787535410765 0.019778481012658222 0.04957507082152976
1 0.9149525316455697 0.24645892351274787 0.022943037974683556 0.0538243626062323
1 0.7638449367088608 0.23441926345609065 0.02136075949367089 0.055240793201133176
1 0.8117088607594937 0.25 0.017405063291139333 0.04390934844192637
1 0.803006329113924 0.18130311614730876 0.020569620253164556 0.0396600566572238
1 0.37143987341772156 0.24362606232294617 0.026107594936708833 0.033994334277620386
1 0.40506329113924056 0.23866855524079322 0.03322784810126583 0.04107648725212468
1 0.5478639240506329 0.14376770538243627 0.013449367088607556 0.029745042492917845
1 0.5427215189873418 0.16288951841359772 0.022151898734177222 0.048158640226628885
1 0.5862341772151898 0.14660056657223797 0.022151898734177222 0.03541076487252126
1 0.6693037974683544 0.1246458923512748 0.011075949367088667 0.02832861189801701
1 0.7496044303797469 0.14730878186968838 0.018196202531645667 0.03682719546742211
1 0.7622626582278481 0.2988668555240793 0.022943037974683556 0.04249291784702547
1 0.8840981012658228 0.1791784702549575 0.015031645569620222 0.03541076487252126
1 0.34810126582278483 0.2471671388101983 0.020569620253164556 0.04957507082152976
1 0.584256329113924 0.12393767705382436 0.015031645569620333 0.026912181303116164
1 0.7729430379746836 0.21742209631728046 0.015822784810126667 0.038243626062322955
1 0.8710443037974684 0.23371104815864022 0.015822784810126556 0.04532577903682716
