1 0.0873046875 0.6122395833333334 0.068359375 0.09739583333333324
1 0.223828125 0.7604166666666667 0.16328125000000002 0.23541666666666672
1 0.33964843749999996 0.7846354166666667 0.08320312499999999 0.13906249999999998
1 0.305078125 0.66484375 0.06406249999999997 0.09010416666666665
1 0.25625 0.634375 0.08046875000000003 0.09687500000000004
1 0.3373046875 0.6166666666666667 0.06210937499999997 0.08020833333333333
1 0.5044921874999999 0.6604166666666667 0.07070312499999998 0.09895833333333326
1 0.548046875 0.6429687500000001 0.04375000000000007 0.06406250000000002
1 0.6990234375 0.6479166666666667 0.05429687500000002 0.08020833333333333
1 0.743359375 0.6760416666666667 0.06484374999999998 0.10416666666666674
1 0.90546875 0.6846354166666667 0.07968750000000002 0.1171875
1 0.4443359375 0.47421875 0.026953125000000022 0.041145833333333326
