1 0.2089473684210526 0.3537037037037037 0.04105263157894737 0.07407407407407407
1 0.3152631578947368 0.22777777777777777 0.01578947368421052 0.033333333333333326
1 0.3236842105263158 0.19907407407407407 0.017894736842105297 0.0314814814814815
1 0.3489473684210527 0.2074074074074074 0.01578947368421052 0.029629629629629617
1 0.4147368421052632 0.1925925925925926 0.016842105263157936 0.033333333333333326
1 0.4242105263157895 0.17592592592592593 0.01473684210526316 0.025925925925925908
1 0.42263157894736847 0.15000000000000002 0.013684210526315799 0.025925925925925936
1 0.45999999999999996 0.14351851851851852 0.010526315789473661 0.02407407407407408
1 0.47 0.1324074074074074 0.011578947368421078 0.024074074074074067
1 0.48473684210526313 0.14166666666666666 0.013684210526315799 0.02407407407407408
1 0.49421052631578943 0.12777777777777777 0.011578947368421078 0.025925925925925936
1 0.4473684210526316 0.20925925925925926 0.0189473684210526 0.037037037037037035
1 0.4557894736842105 0.17962962962962964 0.01684210526315788 0.033333333333333326
1 0.48157894736842105 0.18796296296296294 0.015789473684210575 0.03148148148148147
1 0.4826315789473684 0.21481481481481482 0.017894736842105297 0.033333333333333326
1 0.5036842105263158 0.14814814814814814 0.013684210526315799 0.025925925925925936
1 0.5042105263157894 0.13425925925925924 0.010526315789473661 0.020370370370370358
1 0.523157894736842 0.12222222222222222 0.012631578947368438 0.022222222222222227
1 0.5394736842105263 0.13518518518518519 0.011578947368421133 0.022222222222222213
1 0.5452631578947369 0.12407407407407407 0.010526315789473606 0.022222222222222227
1 0.5278947368421052 0.1564814814814815 0.013684210526315854 0.027777777777777762
1 0.5484210526315789 0.15925925925925927 0.01473684210526316 0.025925925925925936
1 0.5421052631578946 0.18425925925925926 0.01684210526315788 0.0314814814814815
1 0.5647368421052632 0.14814814814814814 0.013684210526315854 0.029629629629629645
1 0.5931578947368421 0.1111111111111111 0.0094736842105263 0.022222222222222213
1 0.6026315789473684 0.12129629629629629 0.011578947368421133 0.027777777777777776
1 0.5952631578947368 0.14537037037037037 0.013684210526315743 0.02407407407407408
1 0.5921052631578947 0.16666666666666666 0.015789473684210464 0.033333333333333326
1 0.6210526315789473 0.1 0.012631578947368438 0.022222222222222213
1 0.6426315789473684 0.09907407407407408 0.0094736842105263 0.020370370370370372
1 0.638421052631579 0.11388888888888889 0.009473684210526412 0.020370370370370372
1 0.6478947368421053 0.12592592592592594 0.011578947368421022 0.022222222222222227
1 0.6610526315789473 0.10648148148148148 0.012631578947368438 0.020370370370370372
1 0.6668421052631579 0.11296296296296296 0.011578947368421133 0.022222222222222227
1 0.6289473684210527 0.13796296296296295 0.011578947368421022 0.027777777777777776
1 0.6389473684210527 0.14814814814814814 0.012631578947368438 0.022222222222222227
1 0.6842105263157894 0.12407407407407407 0.012631578947368438 0.022222222222222227
1 0.6994736842105262 0.12037037037037038 0.013684210526315854 0.02592592592592592
1 0.5157894736842106 0.26481481481481484 0.023157894736842155 0.04074074074074077
1 0.5873684210526315 0.28055555555555556 0.023157894736842155 0.042592592592592626
1 0.5942105263157895 0.23425925925925928 0.019999999999999907 0.03888888888888889
1 0.6468421052631579 0.1962962962962963 0.017894736842105186 0.037037037037037035
1 0.6394736842105263 0.24351851851851852 0.017894736842105186 0.03888888888888889
1 0.6289473684210526 0.29814814814814816 0.02421052631578946 0.05185185185185187
1 0.6694736842105263 0.2111111111111111 0.0189473684210526 0.037037037037037035
1 0.6689473684210526 0.17314814814814816 0.015789473684210575 0.03148148148148147
1 0.7121052631578948 0.1574074074074074 0.013684210526315854 0.033333333333333326
1 0.6942105263157894 0.30648148148148147 0.02631578947368418 0.05740740740740741
1 0.6889473684210525 0.2601851851851852 0.02210526315789474 0.03518518518518521
1 0.7257894736842105 0.22592592592592592 0.020000000000000018 0.04444444444444445
1 0.7 0.21203703703703702 0.01473684210526316 0.027777777777777762
1 0.7252631578947368 0.14074074074074072 0.01473684210526316 0.029629629629629645
1 0.7457894736842106 0.1648148148148148 0.013684210526315743 0.029629629629629645
1 0.7573684210526316 0.125 0.013684210526315743 0.02407407407407408
1 0.7694736842105263 0.12037037037037038 0.012631578947368327 0.02592592592592592
1 0.7678947368421052 0.14444444444444443 0.013684210526315854 0.029629629629629645
1 0.7868421052631579 0.13518518518518519 0.011578947368421133 0.02962962962962963
1 0.7710526315789474 0.17962962962962964 0.015789473684210464 0.037037037037037035
1 0.763157894736842 0.32037037037037036 0.027368421052631597 0.059259259259259234
1 0.8063157894736842 0.27685185185185185 0.025263157894736876 0.050000000000000044
1 0.8226315789473684 0.24351851851851852 0.017894736842105297 0.03888888888888889
1 0.7957894736842106 0.19814814814814816 0.01684210526315788 0.037037037037037035
1 0.8126315789473684 0.18796296296296294 0.01473684210526316 0.03148148148148147
1 0.8031578947368421 0.16018518518518518 0.01473684210526316 0.0314814814814815
1 0.8315789473684211 0.175 0.01473684210526316 0.03148148148148147
1 0.8468421052631578 0.15 0.013684210526315854 0.029629629629629617
1 0.8731578947368421 0.1527777777777778 0.013684210526315743 0.03518518518518518
1 0.88 0.1527777777777778 0.010526315789473717 0.027777777777777762
1 0.8542105263157895 0.18981481481481483 0.013684210526315854 0.03148148148148147
1 0.8647368421052631 0.18796296296296294 0.013684210526315743 0.03148148148148147
1 0.8436842105263158 0.21203703703703702 0.015789473684210575 0.03148148148148147
1 0.8331578947368421 0.3527777777777778 0.02421052631578946 0.0537037037037037
1 0.8536842105263158 0.30000000000000004 0.021052631578947323 0.04444444444444445
1 0.9068421052631579 0.3814814814814815 0.02421052631578946 0.05555555555555558
1 0.8678947368421053 0.28703703703703703 0.020000000000000018 0.040740740740740744
1 0.8889473684210527 0.22592592592592592 0.015789473684210464 0.040740740740740744
1 0.9315789473684211 0.2787037037037037 0.021052631578947434 0.046296296296296335
1 0.8778947368421053 0.2638888888888889 0.01684210526315788 0.03148148148148147
1 0.9321052631578948 0.23703703703703705 0.017894736842105297 0.03703703703703701
1 0.9394736842105262 0.21481481481481482 0.017894736842105297 0.037037037037037035
1 0.9447368421052631 0.16944444444444445 0.013684210526315854 0.027777777777777762
1 0.8973684210526316 0.19537037037037036 0.015789473684210575 0.027777777777777762
1 0.9089473684210527 0.16666666666666669 0.011578947368421022 0.029629629629629645
1 0.9173684210526316 0.15925925925925927 0.011578947368421022 0.029629629629629645
