1 0.6656249999999999 0.7458333333333333 0.07187500000000002 0.10416666666666674
1 0.52421875 0.790625 0.06406250000000002 0.1020833333333333
1 0.40625 0.80625 0.07499999999999996 0.10833333333333339
1 0.40625 0.7552083333333334 0.07187500000000002 0.08958333333333335
1 0.26484375 0.7552083333333334 0.0703125 0.09791666666666665
1 0.30234375 0.734375 0.04218749999999999 0.07291666666666674
1 0.32421875 0.7864583333333333 0.029687499999999978 0.05625000000000002
1 0.3578125 0.7958333333333334 0.03750000000000003 0.06666666666666676
1 0.1875 0.7802083333333334 0.09062500000000001 0.13958333333333328
1 0.0859375 0.7447916666666666 0.06875 0.15208333333333335
1 0.03046875 0.6479166666666667 0.057812499999999996 0.3583333333333333
