1 0.0873015873015873 0.14343163538873996 0.10476190476190476 0.2225201072386059
1 0.18174603174603174 0.21849865951742625 0.07777777777777778 0.1528150134048257
1 0.3007936507936508 0.25603217158176944 0.058730158730158744 0.1260053619302949
1 0.39682539682539686 0.26273458445040215 0.057142857142857106 0.11260053619302948
1 0.48730158730158735 0.30831099195710454 0.05714285714285722 0.10187667560321717
1 0.5595238095238095 0.30160857908847183 0.04603174603174609 0.09383378016085792
1 0.6253968253968254 0.31769436997319034 0.04444444444444451 0.08847184986595175
1 0.6849206349206349 0.31769436997319034 0.04285714285714293 0.08847184986595175
1 0.7285714285714286 0.3324396782841823 0.041269841269841234 0.08042895442359255
1 0.788888888888889 0.3109919571045576 0.041269841269841234 0.08042895442359249
