1 0.1671442215854823 0.49914965986394555 0.03438395415472781 0.07993197278911562
1 0.2640878701050621 0.26870748299319724 0.016236867239732555 0.02721088435374147
1 0.3018147086914995 0.266156462585034 0.019102196752626532 0.0357142857142857
1 0.3204393505253104 0.2695578231292517 0.02005730659025784 0.04591836734693877
1 0.33810888252148996 0.2151360544217687 0.013371537726838578 0.028911564625850344
1 0.3624641833810888 0.22704081632653061 0.018147086914995225 0.025510204081632654
1 0.3600764087870105 0.20833333333333331 0.015281757402101248 0.025510204081632654
1 0.3553008595988539 0.2695578231292517 0.021012416427889202 0.03911564625850339
1 0.4049665711556829 0.26360544217687076 0.019102196752626588 0.037414965986394544
1 0.4393505253104107 0.2602040816326531 0.021012416427889202 0.040816326530612235
1 0.40066857688634194 0.2227891156462585 0.016236867239732555 0.03401360544217685
1 0.3825214899713467 0.1828231292517007 0.012416427889207271 0.025510204081632654
1 0.4083094555873925 0.18622448979591838 0.014326647564469941 0.028911564625850344
1 0.4255014326647565 0.19132653061224492 0.014326647564469941 0.032312925170068035
1 0.441738299904489 0.20238095238095238 0.014326647564469941 0.030612244897959162
1 0.45415472779369626 0.23214285714285715 0.016236867239732555 0.04251700680272108
1 0.47851002865329517 0.2465986394557823 0.017191977077363918 0.04081632653061226
1 0.4866284622731614 0.20493197278911562 0.018147086914995225 0.028911564625850344
1 0.45319961795606495 0.1598639455782313 0.014326647564469885 0.0272108843537415
1 0.47803247373447944 0.16241496598639454 0.016236867239732555 0.025510204081632654
1 0.518624641833811 0.19812925170068027 0.015281757402101248 0.028911564625850317
1 0.5372492836676217 0.20918367346938777 0.018147086914995225 0.04081632653061226
1 0.5506208213944603 0.17261904761904762 0.014326647564469885 0.03231292517006801
1 0.5339063992359121 0.17091836734693877 0.015281757402101248 0.032312925170068035
1 0.5023877745940784 0.13350340136054423 0.011461318051575964 0.018707482993197272
1 0.5897803247373448 0.17687074829931973 0.014326647564469885 0.030612244897959162
1 0.5749761222540593 0.15136054421768708 0.013371537726838523 0.023809523809523808
1 0.5926456542502387 0.1488095238095238 0.018147086914995225 0.03231292517006801
1 0.5802292263610316 0.125 0.012416427889207271 0.02891156462585033
1 0.5945558739255015 0.125 0.012416427889207271 0.02891156462585033
1 0.6217765042979944 0.147108843537415 0.015281757402101248 0.028911564625850344
1 0.612225405921681 0.12670068027210885 0.011461318051575908 0.02551020408163264
1 0.6217765042979942 0.11819727891156463 0.013371537726838634 0.025510204081632654
1 0.6480420248328558 0.13945578231292516 0.014326647564469885 0.03061224489795919
1 0.6528175740210125 0.12074829931972789 0.012416427889207271 0.027210884353741513
1 0.6786055396370583 0.12585034013605442 0.012416427889207271 0.030612244897959176
1 0.5081184336198663 0.3180272108843537 0.028653295128939826 0.047619047619047616
1 0.5530085959885387 0.3120748299319728 0.024832855778414542 0.05272108843537415
1 0.5577841451766954 0.2568027210884354 0.021012416427889202 0.04081632653061221
1 0.6045845272206304 0.35034013605442177 0.02865329512893977 0.05782312925170063
1 0.6275071633237822 0.21003401360544216 0.019102196752626588 0.032312925170068035
1 0.6361031518624642 0.26360544217687076 0.02483285577841443 0.044217687074829926
1 0.683381088825215 0.25255102040816324 0.025787965616045905 0.049319727891156434
1 0.6609360076408787 0.21598639455782315 0.019102196752626588 0.03741496598639457
1 0.671919770773639 0.18112244897959184 0.014326647564469885 0.035714285714285726
1 0.712989493791786 0.1828231292517007 0.014326647564469996 0.032312925170068035
1 0.7106017191977076 0.15476190476190477 0.015281757402101248 0.03401360544217688
1 0.7340019102196753 0.16666666666666669 0.014326647564469996 0.03061224489795919
1 0.7153772683858644 0.22448979591836735 0.017191977077363862 0.040816326530612235
1 0.7311365807067813 0.27040816326530615 0.02387774594078318 0.054421768707483
1 0.776981852913085 0.24319727891156462 0.02005730659025784 0.051020408163265335
1 0.7445081184336199 0.20748299319727892 0.01623686723973261 0.040816326530612235
1 0.7822349570200573 0.163265306122449 0.013371537726838634 0.03401360544217688
1 0.7779369627507163 0.13010204081632654 0.01241642788920716 0.02551020408163264
1 0.771251193887297 0.1564625850340136 0.012416427889207271 0.0272108843537415
1 0.7664756446991403 0.11989795918367346 0.012416427889207271 0.025510204081632668
1 0.7989493791786055 0.16156462585034015 0.01241642788920716 0.0272108843537415
1 0.8180515759312321 0.17261904761904762 0.02005730659025784 0.0357142857142857
1 0.839541547277937 0.13095238095238096 0.013371537726838634 0.03401360544217687
1 0.8600764087870105 0.19047619047619047 0.014326647564469885 0.03401360544217688
1 0.8677172874880612 0.16581632653061223 0.012416427889207271 0.032312925170068035
1 0.8462273161413563 0.211734693877551 0.015281757402101248 0.03911564625850342
1 0.7846227316141356 0.3112244897959183 0.02769818529130852 0.054421768707483
1 0.8619866284622731 0.342687074829932 0.025787965616045794 0.056122448979591844
1 0.8763132760267431 0.27040816326530615 0.02387774594078318 0.05102040816326531
1 0.9317096466093601 0.2695578231292517 0.021967526265520565 0.04931972789115646
1 0.9350525310410698 0.25 0.021012416427889202 0.047619047619047644
1 0.9083094555873925 0.217687074829932 0.015281757402101248 0.03401360544217688
1 0.9006685768863419 0.1768707482993197 0.013371537726838634 0.0272108843537415
1 0.9173829990448902 0.18707482993197277 0.014326647564469885 0.03401360544217688
1 0.9078319006685769 0.15221088435374147 0.01241642788920716 0.025510204081632654
