1 0.21859785783836416 0.3586387434554974 0.04576436222005842 0.09947643979057591
1 0.29357351509250246 0.21727748691099477 0.01850048685491723 0.04013961605584643
1 0.32619279454722494 0.2399650959860384 0.017526777020447915 0.04013961605584643
1 0.3349561830574489 0.2164048865619546 0.015579357351509227 0.02792321116928445
1 0.33544303797468356 0.17539267015706805 0.0165530671859786 0.033158813263525294
1 0.3558909444985394 0.19284467713787085 0.01850048685491723 0.036649214659685875
1 0.3777994157740993 0.19633507853403143 0.017526777020447915 0.036649214659685875
1 0.36611489776046735 0.2486910994764398 0.015579357351509227 0.0401396160558464
1 0.3880233690360273 0.2513089005235602 0.02239532619279455 0.04188481675392672
1 0.4128529698149951 0.2486910994764398 0.023369036027263868 0.050610820244328086
1 0.40457643622200584 0.19371727748691098 0.0165530671859786 0.04188481675392672
1 0.4537487828627069 0.2094240837696335 0.021421616358325235 0.04188481675392669
1 0.42745861733203505 0.1701570680628272 0.017526777020447915 0.033158813263525294
1 0.42843232716650437 0.14397905759162305 0.013631937682570594 0.02617801047120419
1 0.44839337877312563 0.1631762652705061 0.01850048685491723 0.03315881326352532
1 0.4819863680623174 0.18237347294938916 0.017526777020447915 0.036649214659685875
1 0.4844206426484908 0.22425828970331588 0.01850048685491723 0.04013961605584643
1 0.4707887049659202 0.21204188481675393 0.016553067185978543 0.03664921465968585
1 0.46640701071080815 0.15095986038394416 0.013631937682570594 0.02966841186736474
1 0.47565725413826676 0.13961605584642234 0.01460564751703991 0.03141361256544502
1 0.4951314508276533 0.13787085514834205 0.01460564751703991 0.027923211169284465
1 0.5155793573515093 0.19022687609075042 0.01850048685491723 0.034904013961605584
1 0.5321324245374879 0.16055846422338568 0.016553067185978487 0.034904013961605584
1 0.5243427458617331 0.13699825479930192 0.012658227848101222 0.03664921465968585
1 0.5111976630963972 0.12216404886561955 0.009737098344693274 0.02792321116928448
1 0.5043816942551119 0.15794066317626526 0.013631937682570594 0.02966841186736474
1 0.5603700097370984 0.18586387434554974 0.0165530671859786 0.03315881326352532
1 0.5520934761441091 0.15008726003490402 0.015579357351509282 0.02792321116928445
1 0.549172346640701 0.11867364746945898 0.017526777020447915 0.03839441535776614
1 0.5774099318403116 0.13089005235602094 0.013631937682570539 0.03141361256544502
1 0.5832521908471275 0.11605584642233857 0.011684518013631906 0.026178010471204174
1 0.5915287244401168 0.14048865619546247 0.014605647517039966 0.03315881326352531
1 0.5905550146056475 0.1719022687609075 0.0165530671859786 0.03664921465968585
1 0.6066212268743915 0.12827225130890052 0.017526777020447915 0.02966841186736474
1 0.6163583252190847 0.11605584642233857 0.01363193768257065 0.02966841186736474
1 0.6363193768257059 0.11954624781849912 0.014605647517039966 0.03664921465968585
1 0.6265822784810127 0.12129144851657941 0.012658227848101333 0.029668411867364755
1 0.6241480038948394 0.1588132635253054 0.015579357351509282 0.03141361256544503
1 0.6630963972736125 0.12652705061082026 0.015579357351509282 0.033158813263525294
1 0.6703992210321323 0.10296684118673646 0.01071080817916259 0.024432809773123912
1 0.6777020447906523 0.11867364746945899 0.011684518013631906 0.02792321116928448
1 0.6927945472249271 0.1169284467713787 0.01071080817916259 0.024432809773123898
1 0.7074001947419669 0.10471204188481675 0.014605647517039966 0.03141361256544503
1 0.495618305744888 0.28184991273996507 0.027263875365141188 0.06457242582897033
1 0.5360272638753651 0.33333333333333337 0.03407984420642651 0.0558464223385689
1 0.5696202531645569 0.2486910994764398 0.025316455696202556 0.050610820244328086
1 0.6187925998052581 0.25828970331588136 0.026290165530671872 0.05933682373472951
1 0.6080817916260954 0.337696335078534 0.028237585199610504 0.06457242582897033
1 0.6971762414800389 0.31413612565445026 0.031158714703018453 0.06282722513089001
1 0.6757546251217137 0.24520069808027922 0.025316455696202556 0.05759162303664922
1 0.6353456669912366 0.22425828970331588 0.020447906523855863 0.04712041884816753
1 0.6718597857838364 0.18150087260034903 0.02142161635832518 0.04188481675392672
1 0.7035053554040895 0.18237347294938916 0.01850048685491723 0.033158813263525294
1 0.7132424537487829 0.1588132635253054 0.016553067185978487 0.03141361256544503
1 0.7234664070107109 0.21902268760907506 0.02142161635832529 0.04363001745200698
1 0.7468354430379747 0.19371727748691098 0.02142161635832518 0.04537521815008724
1 0.7517039922103212 0.1631762652705061 0.013631937682570539 0.03315881326352532
1 0.752190847127556 0.13787085514834205 0.012658227848101222 0.027923211169284465
1 0.7702044790652386 0.15095986038394416 0.015579357351509282 0.03664921465968585
1 0.7964946445959105 0.1631762652705061 0.017526777020447915 0.03315881326352532
1 0.7935735150925025 0.1387434554973822 0.013631937682570539 0.033158813263525294
1 0.7935735150925025 0.21727748691099477 0.023369036027263923 0.04712041884816753
1 0.774099318403116 0.23298429319371727 0.025316455696202556 0.04712041884816753
1 0.7891918208373905 0.30279232111692844 0.028237585199610504 0.061082024432809745
1 0.7346640701071081 0.294066317626527 0.02434274586173324 0.06806282722513085
1 0.7575462512171374 0.3699825479930192 0.031158714703018453 0.07329842931937175
1 0.8135345666991236 0.42408376963350786 0.036027263875365034 0.0732984293193717
1 0.8193768257059396 0.2486910994764398 0.022395326192794496 0.05759162303664922
1 0.8417721518987342 0.3237347294938918 0.026290165530671872 0.0610820244328098
1 0.9036027263875366 0.4319371727748691 0.04284323271665047 0.07853403141361254
1 0.917234664070107 0.34380453752181506 0.027263875365141188 0.06282722513089006
1 0.8758519961051606 0.25392670157068065 0.01850048685491723 0.04013961605584643
1 0.8841285296981499 0.23996509598603838 0.02142161635832518 0.04363001745200698
1 0.9264849074975657 0.2835951134380454 0.01850048685491723 0.04712041884816753
1 0.936222005842259 0.21291448516579406 0.01850048685491723 0.04537521815008727
