1 0.04501452081316554 0.36106346483704976 0.020329138431752172 0.032590051457976
1 0.36834462729912876 0.19382504288164665 0.01839303000968051 0.037735849056603765
1 0.3862536302032914 0.2770154373927959 0.019361084220716362 0.03945111492281306
1 0.3770571151984511 0.225557461406518 0.018393030009680567 0.03259005145797597
1 0.45450145208131654 0.22298456260720412 0.022265246853823806 0.041166380789022294
1 0.41142303969022265 0.16295025728987994 0.015488867376573068 0.037735849056603765
1 0.4796708615682478 0.13550600343053174 0.014520813165537272 0.03087478559176672
1 0.5116166505324298 0.12264150943396226 0.012584704743465625 0.02572898799313894
1 0.526621490803485 0.13036020583190394 0.015488867376573068 0.027444253859348205
1 0.5600193610842207 0.17667238421955403 0.01645692158760892 0.034305317324185236
1 0.5580832526621491 0.1320754716981132 0.01645692158760892 0.034305317324185236
1 0.5788964181994192 0.1234991423670669 0.011616650532429773 0.030874785591766735
1 0.4685382381413359 0.3361921097770154 0.03291384317521778 0.058319039451114885
1 0.5309777347531461 0.32675814751286447 0.028073572120038803 0.06003430531732418
1 0.6103581800580833 0.2478559176672384 0.024201355275895398 0.060034305317324205
1 0.648596321393998 0.21869639794168094 0.021297192642787954 0.04974271012006862
1 0.6723136495643756 0.3113207547169812 0.03581800580832528 0.06689536878216124
1 0.7008712487899322 0.18782161234991424 0.03291384317521784 0.05660377358490565
1 0.7758954501452081 0.3096054888507719 0.030009680542110395 0.07032590051457976
1 0.8330106485963213 0.3113207547169811 0.030009680542110284 0.0634648370497427
1 0.8910939012584704 0.3061749571183533 0.030009680542110284 0.06003430531732418
1 0.9152952565343659 0.21612349914236706 0.020329138431752103 0.05488850771869638
1 0.9211035818005808 0.15437392795883362 0.014520813165537216 0.030874785591766707
1 0.8954501452081316 0.15008576329331047 0.011616650532429884 0.02915951972555747
1 0.8610842207163601 0.1312178387650086 0.01645692158760892 0.0360205831903945
