1 0.1781098546042003 0.3015427769985975 0.021809369951534735 0.04488078541374474
1 0.24111470113085623 0.2517531556802244 0.02665589660743134 0.05469845722300143
1 0.2548465266558966 0.2699859747545582 0.023424878836833585 0.0406732117812062
1 0.29523424878836835 0.22931276297335204 0.025040387722132462 0.049088359046283336
1 0.31946688206785134 0.23632538569424966 0.02665589660743134 0.0546984572230014
1 0.3392568659127625 0.22931276297335204 0.027463651050080806 0.06030855539971952
1 0.3651050080775444 0.2187938288920056 0.01938610662358642 0.04207573632538569
1 0.32229402261712436 0.32608695652173914 0.04361873990306947 0.09116409537166903
1 0.43578352180936997 0.2026647966339411 0.02665589660743134 0.051893408134642355
1 0.4454765751211631 0.22300140252454417 0.023424878836833585 0.047685834502103785
1 0.4644588045234249 0.23983169705469848 0.027463651050080806 0.06732117812061714
1 0.505654281098546 0.26297335203366057 0.03392568659127626 0.07994389901823282
1 0.5468497576736672 0.2762973352033661 0.03392568659127626 0.07854137447405332
1 0.6151050080775444 0.302945301542777 0.047657512116316636 0.0785413744740533
