1 0.7636278195488722 0.32978723404255317 0.02725563909774431 0.05400981996726678
1 0.606203007518797 0.279050736497545 0.022556390977443552 0.057283142389525366
1 0.48449248120300753 0.31751227495908346 0.025375939849624052 0.05237315875613746
1 0.5375939849624061 0.35106382978723405 0.024436090225563922 0.057283142389525366
1 0.5864661654135339 0.4001636661211129 0.0357142857142857 0.057283142389525366
1 0.543233082706767 0.1391162029459902 0.011278195488721776 0.02618657937806876
1 0.5535714285714286 0.14402618657937807 0.013157894736842146 0.02618657937806873
1 0.046992481203007516 0.353518821603928 0.020676691729323307 0.0327332242225859
1 0.9078947368421053 0.15793780687397707 0.011278195488721887 0.02454991816693944
1 0.9342105263157895 0.16121112929623566 0.009398496240601517 0.02454991816693944
