1 0.31333333333333335 0.3699851411589896 0.04999999999999999 0.08023774145616641
1 0.18375000000000002 0.5817236255572065 0.05416666666666667 0.1054977711738484
1 0.23166666666666666 0.6092124814264488 0.04999999999999999 0.10104011887072806
1 0.26125 0.7986627043090639 0.0958333333333333 0.18573551263001487
1 0.15625 0.7280832095096583 0.08916666666666667 0.16047548291233282
1 0.07333333333333333 0.649331352154532 0.07 0.13372956909361067
1 0.0375 0.7102526002971769 0.06166666666666666 0.13075780089153044
1 0.31000000000000005 0.6181277860326895 0.06 0.11887072808320953
1 0.37083333333333335 0.7228826151560178 0.08833333333333332 0.14413075780089146
1 0.43999999999999995 0.6723625557206538 0.065 0.13818722139673112
1 0.525 0.8447251114413076 0.10500000000000004 0.20653789004457646
1 0.57875 0.7563150074294205 0.08416666666666672 0.14858841010401191
1 0.5454166666666667 0.6017830609212482 0.054166666666666696 0.10698365527488851
1 0.6320833333333333 0.6158989598811293 0.057499999999999996 0.09955423476968794
1 0.6404166666666666 0.5542347696879644 0.054166666666666696 0.10698365527488851
1 0.7879166666666666 0.6106983655274889 0.05583333333333329 0.11887072808320942
1 0.7766666666666666 0.5705794947994056 0.05166666666666664 0.10104011887072806
1 0.85375 0.887815750371471 0.13916666666666666 0.2213967310549777
1 0.9041666666666666 0.3774145616641902 0.12 0.22585438335809804
