1 0.12810248198558846 0.5607553366174056 0.04483586869495597 0.11001642036124792
1 0.22257806244995998 0.26683087027914615 0.01601281024819856 0.041050903119868615
1 0.24019215372297836 0.2717569786535304 0.01441152922337871 0.04105090311986859
1 0.2578062449959968 0.2586206896551724 0.017614091273018412 0.04433497536945813
1 0.30944755804643714 0.23973727422003285 0.016813450760608473 0.0394088669950739
1 0.3122497998398719 0.2110016420361248 0.019215372297838262 0.037766830870279156
1 0.34227381905524423 0.22988505747126436 0.01841473178542835 0.03612479474548441
1 0.3678943154523619 0.20032840722495893 0.02001601281024823 0.02955665024630541
1 0.35108086469175337 0.20689655172413793 0.015212169735788594 0.03612479474548441
1 0.41152922337870296 0.18801313628899835 0.014411529223378738 0.03448275862068964
1 0.43875100080064056 0.1691297208538588 0.014411529223378683 0.03940886699507387
1 0.4583666933546837 0.16830870279146143 0.015212169735788594 0.03448275862068964
1 0.47197758206565255 0.16584564860426929 0.015212169735788594 0.04597701149425287
1 0.4771817453963171 0.17323481116584566 0.01761409127301844 0.0509031198686371
1 0.5008006405124099 0.15270935960591134 0.015212169735788705 0.03612479474548441
1 0.3734987990392314 0.2651888341543514 0.01521216973578865 0.04761904761904759
1 0.400720576461169 0.24794745484400657 0.013610888710968772 0.029556650246305438
1 0.43755004003202563 0.1978653530377668 0.01521216973578865 0.03448275862068964
1 0.4731785428342674 0.24958949096880131 0.019215372297838318 0.04597701149425287
1 0.4363490792634107 0.312807881773399 0.025620496397117665 0.047619047619047616
1 0.500400320256205 0.2118226600985222 0.016012810248198617 0.0328407224958949
1 0.5188150520416333 0.1724137931034483 0.019215372297838207 0.04597701149425287
1 0.5584467574059248 0.1412151067323481 0.013610888710968716 0.0361247947454844
1 0.6020816653322658 0.1330049261083744 0.01601281024819856 0.032840722495894925
1 0.6369095276220977 0.13054187192118227 0.01521216973578865 0.03448275862068967
1 0.5348278622898319 0.17405582922824303 0.01601281024819856 0.042692939244663386
1 0.555244195356285 0.22085385878489328 0.01521216973578865 0.04105090311986864
1 0.6641313050440352 0.138752052545156 0.012009607686149004 0.031198686371100168
1 0.6617293835068054 0.1863711001642036 0.02001601281024823 0.02463054187192118
1 0.5852682145716572 0.17159277504105092 0.017614091273018384 0.03448275862068964
1 0.5864691753402722 0.14778325123152708 0.023218574859887875 0.02955665024630541
1 0.6925540432345877 0.14285714285714285 0.012810248198558805 0.0328407224958949
1 0.5856685348278623 0.20689655172413793 0.015212169735788539 0.03612479474548441
1 0.6060848678943154 0.20689655172413793 0.014411529223378738 0.03612479474548441
1 0.6152922337870297 0.1839080459770115 0.016813450760608473 0.042692939244663386
1 0.6913530824659728 0.16748768472906403 0.016813450760608473 0.042692939244663386
1 0.7141713370696557 0.15845648604269294 0.012810248198558805 0.04433497536945813
1 0.5788630904723779 0.3341543513957307 0.02081665332265814 0.047619047619047616
1 0.6060848678943155 0.3054187192118226 0.019215372297838318 0.0656814449917898
1 0.6601281024819856 0.24794745484400657 0.02001601281024823 0.05254515599343185
1 0.7089671737389912 0.21921182266009853 0.018414731785428406 0.04105090311986864
1 0.7818254603682946 0.1691297208538588 0.01521216973578865 0.03940886699507387
1 0.7606084867894316 0.20032840722495895 0.017614091273018384 0.042692939244663386
1 0.7397918334667735 0.2315270935960591 0.022417934347477964 0.042692939244663414
1 0.5976781425140112 0.3793103448275862 0.016813450760608473 0.04926108374384236
1 0.6613290632506005 0.39983579638752054 0.024019215372297786 0.060755336617405564
1 0.7161729383506805 0.28078817733990147 0.021617293835068052 0.04926108374384236
1 0.72337870296237 0.39737274220032837 0.023218574859887986 0.05911330049261082
1 0.7574059247397918 0.30295566502463056 0.022417934347477964 0.05418719211822659
1 0.7858286629303443 0.2175697865353038 0.02001601281024823 0.047619047619047616
1 0.8106485188150521 0.19458128078817732 0.012009607686148893 0.041050903119868615
1 0.8258606885508406 0.2200328407224959 0.018414731785428295 0.042692939244663386
1 0.8258606885508406 0.23645320197044334 0.023218574859887986 0.04926108374384239
1 0.7958366693354684 0.2660098522167488 0.01601281024819856 0.036124794745484384
1 0.8194555644515613 0.3119868637110016 0.02001601281024812 0.04597701149425287
1 0.7966373098478783 0.4433497536945813 0.02562049639711772 0.07553366174055831
1 0.8570856685348278 0.47865353037766833 0.029623698959167277 0.08045977011494254
1 0.8674939951961569 0.34072249589490966 0.018414731785428295 0.05418719211822659
1 0.8783026421136909 0.4252873563218391 0.02081665332265814 0.07224958949096877
1 0.8734987990392313 0.23645320197044334 0.014411529223378738 0.042692939244663414
1 0.9063250600480384 0.22742200328407225 0.014411529223378738 0.047619047619047644
1 0.8911128903122498 0.28407224958949095 0.017614091273018384 0.04597701149425287
1 0.9459567654123299 0.24466338259441708 0.013610888710968716 0.042692939244663386
1 0.9319455564451562 0.2717569786535304 0.01601281024819856 0.0377668308702791
1 0.9835868694955965 0.2553366174055829 0.012009607686148893 0.04105090311986864
1 0.9763811048839071 0.3087027914614121 0.01521216973578865 0.0394088669950739
1 0.9283426741393115 0.3489326765188834 0.016813450760608473 0.05418719211822659
1 0.9787830264211369 0.36288998357963875 0.018414731785428406 0.059113300492610876
1 0.9575660528422738 0.4285714285714286 0.027221777421937543 0.04926108374384236
1 0.6084867894315452 0.15599343185550082 0.019215372297838318 0.03612479474548441
1 0.6573258606885508 0.15353037766830868 0.014411529223378738 0.031198686371100154
1 0.9471577261809447 0.3719211822660099 0.014411529223378738 0.0509031198686371
