1 0.11252992817238627 0.5663780663780664 0.057462090981644065 0.10245310245310246
1 0.23184357541899442 0.3448773448773449 0.018355945730247403 0.031746031746031744
1 0.26177174780526735 0.3484848484848485 0.020750199521149204 0.03896103896103892
1 0.2877094972067039 0.30447330447330445 0.015163607342378316 0.031746031746031744
1 0.2885075818036712 0.3694083694083694 0.019952114924181974 0.04040404040404044
1 0.32202713487629686 0.38023088023088025 0.021548284118116545 0.041847041847041855
1 0.35275339185953714 0.3326118326118326 0.014365522745410975 0.03318903318903316
1 0.3531524341580208 0.29292929292929293 0.01675977653631283 0.028860028860028808
1 0.3786911412609737 0.3484848484848485 0.018355945730247403 0.03318903318903316
1 0.3846767757382282 0.26551226551226553 0.014365522745410975 0.025974025974025983
1 0.39704708699122104 0.2893217893217893 0.011971268954509229 0.02741702741702745
1 0.4022346368715084 0.303030303030303 0.014365522745410975 0.028860028860028863
1 0.40542697525937754 0.35425685425685427 0.01915403032721469 0.044733044733044736
1 0.4217877094972067 0.26334776334776333 0.013567438148443689 0.021645021645021634
1 0.43735035913806863 0.2691197691197691 0.012769353551476459 0.027417027417027395
1 0.43296089385474856 0.3088023088023088 0.018355945730247403 0.037518037518037506
1 0.44772545889864324 0.33333333333333337 0.01915403032721469 0.034632034632034625
1 0.46288906624102155 0.30663780663780665 0.017557861133280173 0.03318903318903321
1 0.4493216280925778 0.2532467532467533 0.011173184357541888 0.027417027417027395
1 0.46009577015163605 0.24242424242424243 0.013567438148443745 0.025974025974025983
1 0.4624900239425379 0.27705627705627706 0.013567438148443745 0.025974025974025983
1 0.4784517158818835 0.2893217893217893 0.01675977653631283 0.030303030303030276
1 0.5111731843575419 0.30086580086580084 0.016759776536312776 0.03030303030303033
1 0.49521149241819634 0.3268398268398268 0.015163607342378316 0.03318903318903316
1 0.5079808459696729 0.2481962481962482 0.011971268954509173 0.025974025974025983
1 0.5227454110135674 0.25757575757575757 0.01755786113328006 0.033189033189033185
1 0.5403032721468475 0.23304473304473305 0.012769353551476459 0.027417027417027423
1 0.5590582601755787 0.22366522366522368 0.010375099760574602 0.020202020202020193
1 0.5722266560255387 0.2611832611832612 0.0159616919393456 0.03463203463203465
1 0.5650438946528331 0.24386724386724387 0.01436552274541103 0.028860028860028863
1 0.5646448523543495 0.28354978354978355 0.015163607342378316 0.038961038961038974
1 0.5207501995211492 0.35425685425685427 0.01995211492418203 0.044733044733044736
1 0.4916201117318436 0.40115440115440115 0.02234636871508383 0.051948051948051965
1 0.5339185953711093 0.4069264069264069 0.025538707102952918 0.049062049062049085
1 0.5913806863527533 0.2316017316017316 0.011173184357541888 0.024531024531024542
1 0.6005586592178771 0.20923520923520925 0.011971268954509173 0.028860028860028863
1 0.5885873902633678 0.2568542568542569 0.013567438148443745 0.028860028860028863
1 0.6197126895450917 0.2582972582972583 0.013567438148443745 0.023088023088023074
1 0.6237031125299282 0.2352092352092352 0.015163607342378205 0.025974025974025983
1 0.6508379888268156 0.2287157287157287 0.010375099760574713 0.024531024531024542
1 0.663607342378292 0.23665223665223664 0.011971268954509173 0.028860028860028863
1 0.6723862729449321 0.23088023088023088 0.011971268954509173 0.028860028860028863
1 0.6664006384676775 0.27056277056277056 0.01436552274541103 0.03318903318903321
1 0.6907422186751795 0.25901875901875904 0.013567438148443745 0.036075036075036065
1 0.6237031125299282 0.3073593073593074 0.016759776536312776 0.04040404040404039
1 0.6356743814844373 0.3354978354978355 0.018355945730247347 0.041847041847041855
1 0.5889864325618516 0.3318903318903319 0.019154030327214633 0.037518037518037506
1 0.5969672785315243 0.37445887445887444 0.022346368715083775 0.044733044733044736
1 0.6013567438148444 0.43506493506493504 0.026336791699920203 0.05339105339105338
1 0.6540303272146848 0.38816738816738816 0.026336791699920203 0.06060606060606061
1 0.6564245810055866 0.4408369408369408 0.029529130087789235 0.062049062049062076
1 0.6947326416600159 0.5331890331890332 0.031125299281723806 0.07936507936507936
1 0.6667996807661611 0.3232323232323232 0.01995211492418203 0.034632034632034625
1 0.6787709497206704 0.35353535353535354 0.01995211492418203 0.04329004329004327
1 0.7166799680766162 0.3997113997113997 0.025538707102952918 0.05772005772005767
1 0.7573822825219474 0.45598845598845594 0.02873104549082195 0.06060606060606061
1 0.8100558659217877 0.5346320346320346 0.03032721468475663 0.06782106782106789
1 0.8236233040702314 0.4357864357864358 0.022346368715083775 0.051948051948051965
1 0.786512370311253 0.38095238095238093 0.02154828411811649 0.04617604617604615
1 0.8020750199521149 0.34704184704184704 0.01755786113328006 0.0418470418470418
1 0.7090981644054271 0.29292929292929293 0.015163607342378316 0.037518037518037506
1 0.7198723064644852 0.2532467532467532 0.01436552274541103 0.033189033189033185
1 0.7366320830007981 0.22438672438672438 0.014365522745410919 0.027417027417027395
1 0.7641660015961691 0.2417027417027417 0.013567438148443745 0.024531024531024515
1 0.7549880287310455 0.2611832611832612 0.0159616919393456 0.03463203463203465
1 0.7537909018355946 0.284992784992785 0.018355945730247458 0.03607503607503609
1 0.7924980047885075 0.24747474747474746 0.01436552274541103 0.027417027417027423
1 0.8200319233838786 0.26334776334776333 0.013567438148443745 0.03030303030303033
1 0.8515562649640862 0.25757575757575757 0.011173184357541888 0.024531024531024515
1 0.8467677573822825 0.27489177489177485 0.011173184357541888 0.03607503607503609
1 0.8347964884277734 0.2842712842712843 0.012769353551476459 0.037518037518037506
1 0.7988826815642458 0.28066378066378067 0.01596169193934549 0.030303030303030276
1 0.7960893854748603 0.3059163059163059 0.015163607342378316 0.037518037518037506
1 0.8320031923383879 0.3253968253968254 0.016759776536312887 0.044733044733044736
1 0.8627294493216281 0.28787878787878785 0.014365522745410919 0.03607503607503609
1 0.8611332801276935 0.3326118326118326 0.01596169193934549 0.047619047619047616
1 0.8503591380686353 0.36002886002886003 0.016759776536312776 0.047619047619047616
1 0.840782122905028 0.3903318903318903 0.01995211492418192 0.05916305916305914
1 0.8758978451715882 0.40548340548340545 0.01995211492418192 0.054834054834054846
1 0.9142059058260175 0.27200577200577203 0.011971268954509173 0.03318903318903316
1 0.9134078212290502 0.30808080808080807 0.013567438148443745 0.03607503607503609
1 0.9054269752593775 0.3282828282828283 0.013567438148443745 0.030303030303030276
1 0.9062250598563448 0.3571428571428571 0.016759776536312887 0.041847041847041855
1 0.8914604948124502 0.46897546897546893 0.022346368715083775 0.06637806637806637
