1 0.10741444866920152 0.3125 0.017110266159695825 0.03166666666666662
1 0.21102661596958175 0.4575 0.04752851711026618 0.09500000000000003
1 0.251425855513308 0.39 0.03326996197718632 0.08333333333333331
1 0.20104562737642584 0.2341666666666667 0.021863117870722454 0.03833333333333336
1 0.35171102661596954 0.26666666666666666 0.01901140684410646 0.046666666666666634
1 0.3697718631178707 0.2616666666666667 0.017110266159695853 0.03666666666666668
1 0.4310836501901141 0.2791666666666667 0.018060836501901156 0.04500000000000004
1 0.4225285171102662 0.2225 0.018060836501901156 0.031666666666666676
1 0.4538973384030418 0.22333333333333333 0.018060836501901156 0.03
1 0.4752851711026616 0.19666666666666666 0.01520912547528519 0.026666666666666672
1 0.4538973384030418 0.18583333333333335 0.016159695817490494 0.035
1 0.46625475285171103 0.17833333333333334 0.012357414448669224 0.023333333333333345
1 0.4610266159695817 0.15083333333333332 0.009505703422053202 0.02166666666666664
1 0.47195817490494296 0.14916666666666667 0.012357414448669224 0.018333333333333313
1 0.47956273764258556 0.15833333333333333 0.014258555133079831 0.026666666666666672
1 0.48716730038022815 0.13166666666666665 0.012357414448669224 0.026666666666666658
1 0.5133079847908746 0.1675 0.01520912547528519 0.03833333333333333
1 0.532319391634981 0.13833333333333334 0.017110266159695797 0.026666666666666672
1 0.55893536121673 0.15000000000000002 0.017110266159695797 0.03
1 0.589828897338403 0.1475 0.014258555133079831 0.031666666666666676
1 0.5670152091254752 0.10666666666666666 0.012357414448669224 0.02333333333333333
1 0.5380228136882129 0.19833333333333333 0.019011406844106515 0.033333333333333326
1 0.4776615969581749 0.3225 0.02756653992395436 0.05833333333333335
1 0.6606463878326996 0.24166666666666667 0.019011406844106404 0.04666666666666669
1 0.68393536121673 0.16333333333333333 0.018060836501901045 0.033333333333333326
1 0.7153041825095057 0.14666666666666667 0.016159695817490438 0.033333333333333326
1 0.7381178707224334 0.15833333333333333 0.012357414448669224 0.026666666666666672
1 0.7461977186311787 0.145 0.017110266159695797 0.033333333333333326
1 0.7580798479087452 0.10666666666666666 0.012357414448669224 0.026666666666666658
1 0.814638783269962 0.12583333333333332 0.013307984790874583 0.03166666666666666
1 0.7994296577946768 0.18916666666666668 0.019011406844106515 0.03833333333333333
1 0.7585551330798479 0.17583333333333334 0.01520912547528519 0.03833333333333333
1 0.7186311787072244 0.2875 0.02281368821292773 0.05499999999999999
1 0.7642585551330798 0.30333333333333334 0.024714828897338448 0.046666666666666634
1 0.8788022813688212 0.22 0.018060836501901156 0.04666666666666669
1 0.9757604562737643 0.14916666666666667 0.016159695817490438 0.04833333333333334
