1 0.10279667422524566 0.7739393939393939 0.06651549508692367 0.11030303030303035
1 0.2214663643235072 0.8636363636363635 0.0967498110355253 0.15636363636363637
1 0.2947845804988662 0.7739393939393939 0.08465608465608465 0.1393939393939394
1 0.33597883597883593 0.8290909090909091 0.07180650037792896 0.11636363636363645
1 0.3303099017384732 0.6303030303030304 0.05593348450491309 0.0945454545454546
1 0.47203325774754346 0.22787878787878788 0.04459561602418749 0.0921212121212121
1 0.41118669690098264 0.7187878787878788 0.06500377928949358 0.10666666666666669
1 0.4323507180650038 0.8648484848484849 0.09070294784580496 0.12969696969696964
1 0.49470899470899465 0.6703030303030303 0.07029478458049881 0.10909090909090913
1 0.48034769463340893 0.573939393939394 0.050642479213907854 0.09333333333333338
1 0.6205593348450491 0.8096969696969697 0.08767951625094483 0.15272727272727282
1 0.564625850340136 0.8096969696969697 0.0831443688586545 0.15272727272727282
1 0.5959939531368104 0.7266666666666667 0.053665910808767925 0.09333333333333327
1 0.6394557823129252 0.7327272727272727 0.07105064247921389 0.11515151515151512
1 0.6541950113378685 0.6557575757575758 0.05820105820105814 0.10424242424242425
1 0.6039304610733183 0.583030303030303 0.05442176870748294 0.09212121212121216
1 0.719198790627362 0.5915151515151515 0.06575963718820865 0.10181818181818181
1 0.7509448223733938 0.7521212121212122 0.08541194255479967 0.1781818181818181
1 0.8216175359032503 0.7624242424242424 0.0680272108843537 0.13818181818181818
1 0.7770219198790628 0.6290909090909091 0.057445200302343125 0.10181818181818192
1 0.8306878306878307 0.5836363636363636 0.054421768707483054 0.09818181818181815
1 0.90854119425548 0.8072727272727273 0.10279667422524574 0.19878787878787874
1 0.90854119425548 0.5854545454545454 0.0453514739229024 0.08727272727272728
1 0.9535147392290249 0.5496969696969697 0.046107331821617525 0.07393939393939397
