1 0.21416666666666667 0.8045112781954887 0.2283333333333333 0.39097744360902253
1 0.07083333333333333 0.8934837092731829 0.12166666666666666 0.19298245614035092
1 0.05666666666666667 0.7781954887218046 0.1 0.1679197994987468
1 0.43999999999999995 0.8107769423558897 0.14666666666666667 0.26315789473684204
1 0.5449999999999999 0.8308270676691729 0.08999999999999997 0.1378446115288221
1 0.6525000000000001 0.8220551378446115 0.22499999999999998 0.3558897243107769
1 0.5125 0.5914786967418546 0.07166666666666666 0.11027568922305764
1 0.8633333333333333 0.8734335839598997 0.09666666666666668 0.17293233082706772
1 0.9383333333333334 0.8170426065162908 0.07666666666666666 0.13533834586466165
1 0.9741666666666666 0.818295739348371 0.05166666666666664 0.24310776942355894
