1 0.8825000000000001 0.25318066157760816 0.05500000000000005 0.09414758269720103
1 0.4625 0.38295165394402036 0.031666666666666676 0.05343511450381677
1 0.38666666666666666 0.3944020356234097 0.040000000000000036 0.06615776081424934
1 0.35083333333333333 0.38167938931297707 0.025000000000000022 0.05597964376590331
1 0.29500000000000004 0.4122137404580153 0.03999999999999998 0.05597964376590331
1 0.28583333333333333 0.3727735368956743 0.02833333333333332 0.04325699745547079
1 0.21000000000000002 0.3880407124681934 0.03666666666666665 0.058524173027989845
1 0.1125 0.37786259541984735 0.02833333333333335 0.0330788804071247
1 0.14583333333333331 0.6106870229007633 0.14833333333333332 0.2137404580152672
1 0.020833333333333336 0.46819338422391854 0.03833333333333334 0.11704834605597964
1 0.0625 0.3982188295165394 0.035 0.048346055979643754
1 0.016666666666666666 0.38040712468193383 0.02333333333333333 0.05343511450381677
