1 0.2525 0.665 0.14 0.18666666666666665
1 0.065625 0.56 0.12125 0.15000000000000002
1 0.038125 0.43166666666666664 0.07375 0.14666666666666667
1 0.393125 0.4241666666666667 0.05625000000000002 0.09833333333333333
1 0.48625 0.5183333333333333 0.08750000000000002 0.1233333333333333
1 0.64 0.42333333333333334 0.05499999999999994 0.08333333333333337
1 0.664375 0.5633333333333334 0.09375 0.13666666666666671
1 0.7418750000000001 0.42666666666666664 0.05625000000000002 0.09333333333333332
1 0.731875 0.3883333333333333 0.0412499999999999 0.05333333333333329
1 0.8556250000000001 0.4141666666666667 0.05625000000000002 0.0683333333333333
1 0.8975 0.47916666666666663 0.0625 0.10833333333333334
1 0.9450000000000001 0.4116666666666667 0.06500000000000006 0.08666666666666667
