1 0.219375 0.4925 0.03125 0.04500000000000004
1 0.219375 0.5249999999999999 0.026250000000000023 0.043333333333333335
1 0.239375 0.5441666666666667 0.03125 0.04833333333333334
1 0.275625 0.5483333333333333 0.048750000000000016 0.06333333333333324
1 0.32625000000000004 0.6141666666666666 0.065 0.08833333333333337
1 0.39375000000000004 0.6883333333333334 0.08500000000000002 0.1333333333333333
1 0.41000000000000003 0.56 0.04999999999999999 0.06999999999999995
1 0.34625 0.5325 0.040000000000000036 0.05500000000000005
1 0.31875 0.5358333333333334 0.02999999999999997 0.04833333333333334
1 0.2925 0.5075000000000001 0.027500000000000024 0.04500000000000004
1 0.50625 0.6233333333333333 0.05750000000000005 0.08666666666666667
1 0.598125 0.6074999999999999 0.07125000000000004 0.09833333333333327
1 0.49 0.49666666666666665 0.034999999999999976 0.053333333333333344
1 0.47 0.49 0.024999999999999967 0.04333333333333339
1 0.44062500000000004 0.5 0.028749999999999998 0.040000000000000036
1 0.519375 0.4875 0.02124999999999999 0.03500000000000003
1 0.5606249999999999 0.49583333333333335 0.026249999999999996 0.04166666666666674
1 0.576875 0.5075000000000001 0.03374999999999995 0.05500000000000005
1 0.640625 0.52 0.03875000000000006 0.0633333333333333
1 0.628125 0.48083333333333333 0.026249999999999996 0.041666666666666685
1 0.669375 0.4683333333333333 0.026249999999999996 0.033333333333333326
1 0.700625 0.49416666666666664 0.03375000000000006 0.04833333333333334
1 0.729375 0.48 0.02124999999999999 0.03999999999999998
1 0.74375 0.4683333333333334 0.020000000000000018 0.03666666666666668
1 0.768125 0.4783333333333334 0.03375000000000006 0.04666666666666669
1 0.788125 0.4916666666666667 0.03375000000000006 0.04666666666666669
1 0.803125 0.4708333333333333 0.03125 0.04500000000000004
1 0.7337499999999999 0.5908333333333333 0.0675 0.09499999999999997
1 0.915625 0.5974999999999999 0.09125000000000005 0.1216666666666667
1 0.869375 0.5233333333333333 0.036250000000000004 0.05666666666666664
1 0.8868750000000001 0.4883333333333334 0.036250000000000004 0.0566666666666667
1 0.935625 0.5125 0.06125000000000003 0.08833333333333332
1 0.915 0.4491666666666667 0.025000000000000022 0.031666666666666676
1 0.954375 0.44666666666666666 0.028750000000000053 0.030000000000000027
1 0.979375 0.4375 0.02124999999999999 0.03833333333333333
1 0.9862500000000001 0.49 0.02749999999999997 0.0533333333333334
1 0.693125 0.375 0.02124999999999999 0.023333333333333317
