1 0.03793103448275863 0.8018134715025906 0.06551724137931035 0.13212435233160624
1 0.16379310344827586 0.7551813471502591 0.07241379310344828 0.1113989637305699
1 0.23706896551724138 0.5841968911917098 0.03965517241379313 0.06994818652849744
1 0.3103448275862069 0.5958549222797928 0.037931034482758585 0.051813471502590636
1 0.2517241379310345 0.7901554404145078 0.07586206896551725 0.11398963730569944
1 0.38706896551724135 0.5816062176165803 0.0362068965517241 0.06476683937823835
1 0.4543103448275862 0.5816062176165803 0.036206896551724155 0.06476683937823835
1 0.5301724137931034 0.5738341968911918 0.03965517241379313 0.059585492227979264
1 0.6112068965517241 0.5660621761658031 0.036206896551724155 0.06476683937823835
1 0.8577586206896552 0.7940414507772021 0.0913793103448276 0.12694300518134716
1 0.8706896551724138 0.7176165803108809 0.051724137931034475 0.09326424870466321
1 0.9724137931034482 0.7551813471502591 0.05517241379310345 0.10621761658031081
