1 0.29939516129032256 0.1681184668989547 0.016129032258064502 0.029616724738675965
1 0.3578629032258065 0.15505226480836237 0.018145161290322565 0.0383275261324042
1 0.40826612903225806 0.2386759581881533 0.030241935483870996 0.06271777003484322
1 0.43951612903225806 0.17334494773519166 0.02620967741935487 0.05749128919860627
1 0.4889112903225806 0.1846689895470383 0.028225806451612934 0.0592334494773519
1 0.545866935483871 0.19599303135888502 0.02318548387096775 0.036585365853658514
1 0.6451612903225806 0.1646341463414634 0.024193548387096753 0.05749128919860627
1 0.6940524193548387 0.20905923344947736 0.02116935483870963 0.045296167247386776
1 0.6224798387096775 0.19773519163763065 0.02116935483870963 0.050522648083623695
1 0.7560483870967742 0.2778745644599303 0.022177419354838634 0.05400696864111498
1 0.782258064516129 0.2787456445993031 0.022177419354838745 0.04181184668989546
1 0.8452620967741935 0.25609756097560976 0.02116935483870963 0.05226480836236935
1 0.8608870967741935 0.29442508710801396 0.028225806451612878 0.07317073170731708
1 0.921875 0.2578397212543554 0.035282258064516236 0.06271777003484322
1 0.9506048387096775 0.33536585365853655 0.040322580645161366 0.07839721254355397
