1 0.21146616541353383 0.6075471698113207 0.05451127819548873 0.1132075471698113
1 0.143796992481203 0.5641509433962264 0.0357142857142857 0.07169811320754715
1 0.11090225563909775 0.5660377358490566 0.03759398496240603 0.06792452830188678
1 0.04981203007518797 0.5716981132075472 0.02819548872180451 0.05660377358490565
1 0.2650375939849624 0.5735849056603773 0.03759398496240604 0.06792452830188678
1 0.23402255639097744 0.5547169811320755 0.020676691729323293 0.05283018867924527
1 0.2067669172932331 0.5339622641509434 0.02631578947368421 0.05660377358490565
1 0.042293233082706765 0.820754716981132 0.08082706766917293 0.2905660377358491
1 0.3129699248120301 0.569811320754717 0.01691729323308272 0.04528301886792452
1 0.32612781954887216 0.5566037735849056 0.01691729323308272 0.03396226415094339
1 0.3731203007518797 0.4716981132075472 0.020676691729323293 0.037735849056603765
1 0.37030075187969924 0.6716981132075472 0.09774436090225563 0.2113207547169812
1 0.43045112781954886 0.5811320754716981 0.022556390977443608 0.06792452830188678
1 0.4107142857142857 0.5735849056603773 0.028195488721804496 0.060377358490566024
1 0.4605263157894737 0.5660377358490566 0.015037593984962405 0.04528301886792452
1 0.47462406015037595 0.5622641509433962 0.020676691729323293 0.05283018867924527
1 0.5272556390977443 0.6226415094339622 0.0357142857142857 0.07547169811320753
1 0.5244360902255639 0.5716981132075472 0.022556390977443552 0.049056603773584895
1 0.49530075187969924 0.5716981132075472 0.020676691729323293 0.049056603773584895
1 0.5554511278195489 0.5754716981132075 0.02819548872180455 0.05660377358490565
1 0.5714285714285714 0.5566037735849056 0.018796992481203034 0.04150943396226414
1 0.6221804511278195 0.6094339622641509 0.0413533834586467 0.07169811320754715
1 0.6766917293233083 0.7207547169811321 0.11654135338345861 0.21886792452830195
1 0.881578947368421 0.6867924528301887 0.12030075187969924 0.2264150943396227
1 0.9718045112781954 0.6283018867924528 0.05639097744360899 0.13207547169811318
1 0.9859022556390977 0.5792452830188679 0.02819548872180455 0.08679245283018866
1 0.9774436090225564 0.5226415094339623 0.022556390977443663 0.05660377358490565
1 0.9351503759398496 0.5339622641509434 0.02819548872180455 0.05660377358490565
1 0.906015037593985 0.5471698113207547 0.02631578947368418 0.060377358490566024
1 0.8778195488721805 0.5584905660377358 0.03383458646616544 0.06792452830188678
1 0.8129699248120301 0.5735849056603773 0.0357142857142857 0.06792452830188678
1 0.7678571428571428 0.5509433962264151 0.0357142857142857 0.060377358490566024
1 0.7359022556390977 0.560377358490566 0.024436090225563922 0.04150943396226414
1 0.7011278195488722 0.5792452830188679 0.03759398496240607 0.05660377358490565
1 0.6682330827067668 0.560377358490566 0.0357142857142857 0.05660377358490565
