1 0.7123572170301142 0.3022181146025878 0.03322949117341634 0.06469500924214422
1 0.5960539979231567 0.22735674676524953 0.020768431983385294 0.044362292051756014
1 0.6230529595015577 0.21903881700554528 0.022845275181723745 0.04251386321626616
1 0.6578400830737279 0.18669131238447317 0.017653167185877394 0.03696857670979667
1 0.6822429906542056 0.22181146025878004 0.01869158878504673 0.040665434380776355
1 0.7222222222222222 0.2245841035120148 0.019730010384215957 0.038817005545286526
1 0.7133956386292835 0.1913123844731978 0.01869158878504673 0.03512014787430684
1 0.6978193146417445 0.1756007393715342 0.01869158878504673 0.03327171903881698
1 0.7383177570093458 0.1756007393715342 0.01661474558670817 0.03327171903881698
1 0.7279335410176532 0.14048059149722736 0.012461059190031154 0.033271719038816996
1 0.745067497403946 0.14510166358595195 0.013499480789200491 0.024029574861367836
1 0.7637590861889927 0.1321626617375231 0.013499480789200491 0.027726432532347495
1 0.31775700934579443 0.2144177449168207 0.016614745586708224 0.025878003696857665
1 0.37019730010384216 0.19316081330868762 0.01349948078920038 0.03142329020332718
1 0.3759086188992731 0.1756007393715342 0.014537902388369661 0.025878003696857665
1 0.4200415368639668 0.17282809611829944 0.015576323987538943 0.03142329020332718
1 0.4371754932502596 0.17467652495378927 0.012461059190031154 0.027726432532347495
1 0.44496365524402903 0.15619223659889092 0.013499480789200435 0.024029574861367836
1 0.44184839044652124 0.13770794824399263 0.013499480789200435 0.020332717190388178
1 0.4714434060228453 0.13401109057301294 0.012461059190031154 0.020332717190388164
1 0.4745586708203531 0.15804066543438078 0.012461059190031154 0.027726432532347522
1 0.4584631360332295 0.16635859519408502 0.013499480789200435 0.022181146025878007
1 0.46936656282450673 0.20332717190388172 0.016614745586708224 0.03696857670979667
1 0.47403946002076847 0.19038817005545286 0.013499480789200435 0.022181146025878007
1 0.5254413291796469 0.18207024029574861 0.01661474558670828 0.03142329020332718
1 0.5581516095534786 0.18576709796672827 0.015576323987538943 0.03142329020332718
1 0.48701973001038423 0.14695009242144177 0.014537902388369661 0.027726432532347522
1 0.4984423676012461 0.12754158964879853 0.010384215991692591 0.01848428835489835
1 0.5254413291796469 0.12292051756007394 0.012461059190031154 0.020332717190388164
1 0.5321910695742471 0.11922365988909428 0.007268951194184803 0.020332717190388164
1 0.5290758047767393 0.15434380776340112 0.01349948078920038 0.024029574861367836
1 0.5368639667705088 0.14787430683918668 0.012461059190031154 0.025878003696857693
1 0.5456905503634475 0.1367837338262477 0.011422637590861817 0.022181146025878007
1 0.5784008307372793 0.13863216266173753 0.010384215991692702 0.025878003696857665
1 0.5846313603322949 0.12292051756007394 0.012461059190031154 0.024029574861367822
1 0.5976116303219107 0.13401109057301294 0.011422637590861928 0.020332717190388164
1 0.6157840083073728 0.10351201478743069 0.010384215991692702 0.022181146025877993
1 0.6308411214953271 0.13031423290203326 0.011422637590861928 0.024029574861367836
1 0.6344755970924195 0.15711645101663585 0.014537902388369606 0.025878003696857665
1 0.6604361370716512 0.1423290203327172 0.010384215991692591 0.025878003696857665
1 0.6547248182762202 0.12476894639556377 0.009345794392523366 0.020332717190388164
1 0.6609553478712358 0.11367837338262476 0.009345794392523366 0.020332717190388164
1 0.6780893042575286 0.10905730129390018 0.010384215991692702 0.02587800369685768
1 0.7092419522326064 0.12199630314232901 0.010384215991692702 0.022181146025877993
1 0.6858774662512981 0.14787430683918668 0.013499480789200491 0.01848428835489832
1 0.778816199376947 0.15249537892791126 0.012461059190031154 0.03142329020332715
1 0.7954309449636553 0.1598890942698706 0.012461059190031154 0.027726432532347522
1 0.8006230529595015 0.133086876155268 0.010384215991692591 0.022181146025877993
1 0.8146417445482866 0.1589648798521257 0.011422637590861928 0.029574861367837352
1 0.8006230529595015 0.20147874306839186 0.014537902388369717 0.029574861367837324
1 0.8167185877466252 0.19963031423290203 0.013499480789200491 0.029574861367837324
1 0.8354101765316719 0.17282809611829944 0.011422637590861817 0.03512014787430684
1 0.8286604361370716 0.1367837338262477 0.012461059190031154 0.02587800369685768
1 0.857736240913811 0.13955637707948243 0.010384215991692591 0.03142329020332717
1 0.8655244029075805 0.20055452865064693 0.011422637590861928 0.038817005545286526
1 0.8795430944963656 0.2707948243992606 0.014537902388369717 0.04251386321626616
1 0.8878504672897196 0.2301293900184843 0.014537902388369606 0.046210720887245815
1 0.8982346832814122 0.20609981515711645 0.012461059190031154 0.03142329020332718
1 0.940809968847352 0.22365988909426987 0.012461059190031154 0.0369685767097967
1 0.9413291796469366 0.18946395563770796 0.011422637590861928 0.020332717190388178
1 0.9174454828660437 0.17652495378927913 0.013499480789200491 0.03142329020332715
1 0.944963655244029 0.1709796672828096 0.010384215991692591 0.024029574861367836
1 0.8966770508826584 0.1598890942698706 0.011422637590861928 0.027726432532347522
