1 0.08253816793893129 0.33305227655986513 0.018129770992366415 0.0354131534569983
1 0.1297709923664122 0.30438448566610454 0.020992366412213734 0.04553119730185495
1 0.19131679389312978 0.4966273187183811 0.04103053435114504 0.09612141652613826
1 0.21994274809160305 0.2782462057335582 0.029580152671755733 0.05733558178752107
1 0.2981870229007634 0.2782462057335582 0.025763358778625955 0.05733558178752107
1 0.33349236641221375 0.26559865092748736 0.020038167938931317 0.0421585160202361
1 0.3711832061068702 0.26559865092748736 0.026717557251908386 0.05227655986509275
1 0.4336832061068703 0.22006745362563238 0.0181297709923664 0.038785834738617186
1 0.4541984732824428 0.23271500843170317 0.019083969465648887 0.04384485666104551
1 0.433206106870229 0.275716694772344 0.02480916030534347 0.04890387858347389
1 0.49284351145038163 0.3187183811129848 0.03148854961832054 0.060708263069139956
1 0.5500954198473282 0.3625632377740304 0.027671755725190872 0.05733558178752107
1 0.7204198473282443 0.14586846543001686 0.01526717557251911 0.0354131534569983
1 0.754293893129771 0.15008431703204048 0.018129770992366456 0.03372681281618889
1 0.8907442748091603 0.2200674536256324 0.020038167938931206 0.048903878583473864
