1 0.13575374901341752 0.49791376912378305 0.05051302288871351 0.09179415855354667
1 0.22375690607734805 0.33657858136300417 0.018153117600631402 0.033379694019471495
1 0.2580899763220205 0.35605006954102925 0.02209944751381218 0.04450625869262864
1 0.2868981846882399 0.35674547983310156 0.01973164956590373 0.04033379694019473
1 0.2825572217837411 0.30180806675938804 0.017363851617995307 0.03616133518776077
1 0.32636148382004737 0.35396383866481224 0.024467245461720577 0.05146036161335188
1 0.34727703235990526 0.3247566063977747 0.01578531965272295 0.03198887343532686
1 0.35240726124704025 0.2899860917941586 0.014996053670086829 0.03755215577190546
1 0.3784530386740331 0.3219749652294854 0.01657458563535913 0.03477051460361613
1 0.4033149171270718 0.32684283727399166 0.018942383583267552 0.033379694019471495
1 0.39779005524861877 0.29624478442280944 0.017363851617995252 0.033379694019471495
1 0.43528018942383584 0.3400556328233658 0.02131018153117603 0.04033379694019473
1 0.3895027624309392 0.2545201668984701 0.013417521704814528 0.027816411682892894
1 0.4021310181531176 0.260778859527121 0.013417521704814528 0.03198887343532683
1 0.425414364640884 0.2642559109874826 0.017363851617995307 0.030598052851182167
1 0.43014996053670085 0.30319888734353273 0.017363851617995252 0.027816411682892894
1 0.4569850039463299 0.3101529902642559 0.020520915548539853 0.041724617524339314
1 0.4972375690607735 0.31223922114047287 0.020520915548539853 0.03477051460361613
1 0.4830307813733228 0.26008344923504867 0.014206787687450706 0.030598052851182195
1 0.44475138121546964 0.25034770514603616 0.013417521704814528 0.033379694019471495
1 0.4597474348855564 0.23504867872044505 0.014996053670086829 0.027816411682892922
1 0.49842146803472775 0.24617524339360222 0.013417521704814528 0.027816411682892894
1 0.5142067876874507 0.2670375521557719 0.019731649565903675 0.033379694019471495
1 0.5228887134964483 0.2475660639777469 0.014996053670086829 0.036161335187760796
1 0.5114443567482241 0.24061196105702365 0.01420678768745065 0.025034770514603594
1 0.5469613259668509 0.26842837273991654 0.015785319652723007 0.033379694019471495
1 0.5394632991318074 0.22670375521557717 0.013417521704814583 0.027816411682892922
1 0.5631412786108918 0.25452016689847007 0.01815311760063143 0.03337969401947147
1 0.5607734806629834 0.22461752433936022 0.016574585635359074 0.023643949930458985
1 0.5824782951854774 0.24547983310152988 0.01420678768745065 0.03198887343532683
1 0.5891870560378847 0.21974965229485396 0.011838989739542227 0.02503477051460362
1 0.5955011838989739 0.2023643949930459 0.013417521704814583 0.026425591098748258
1 0.6104972375690607 0.2121001390820584 0.011838989739542227 0.026425591098748258
1 0.6235201262825572 0.23783031988873435 0.01420678768745065 0.027816411682892894
1 0.6341752170481452 0.21627260083449235 0.011838989739542227 0.023643949930458985
1 0.6408839779005524 0.2294853963838665 0.01420678768745065 0.030598052851182195
1 0.6566692975532755 0.2280945757997218 0.01420678768745065 0.030598052851182195
1 0.4897395422257301 0.37830319888734354 0.030781373322809835 0.052851182197496516
1 0.531570639305446 0.3956884561891516 0.024467245461720633 0.05424200278164115
1 0.5619573796369377 0.4283727399165508 0.03314917127071826 0.06675938803894299
1 0.5737963693764798 0.4102920723226704 0.026835043409629056 0.047287899860917915
1 0.5453827940015785 0.3435326842837274 0.022099447513812098 0.04450625869262864
1 0.5832675611681137 0.32058414464534074 0.020520915548539853 0.04867872044506261
1 0.6172059984214681 0.29694019471488176 0.018942383583267608 0.03755215577190546
1 0.6318074191002367 0.33101529902642557 0.02131018153117603 0.04172461752433937
1 0.64956590370955 0.36369958275382475 0.026835043409629056 0.04867872044506261
1 0.6712707182320442 0.34214186369958277 0.02131018153117603 0.04450625869262864
1 0.6621941594317284 0.26286509040333794 0.01420678768745065 0.03337969401947147
1 0.6882399368587214 0.2566063977746871 0.017363851617995252 0.03198887343532686
1 0.7012628255722178 0.28303198887343534 0.01815311760063143 0.03198887343532686
1 0.7138910812943962 0.25938803894297635 0.019731649565903786 0.02920723226703756
1 0.7209944751381216 0.23991655076495133 0.011838989739542227 0.02642559109874823
1 0.728492501973165 0.23157162726008346 0.014206787687450761 0.023643949930458957
1 0.7336227308602998 0.29694019471488176 0.01815311760063143 0.04033379694019473
1 0.7553275453827939 0.2670375521557719 0.020520915548539853 0.03616133518776077
1 0.7584846093133386 0.23991655076495133 0.01420678768745065 0.03198887343532686
1 0.7904498816101027 0.2732962447844228 0.016574585635359074 0.03198887343532686
1 0.7778216258879243 0.3025034770514604 0.016574585635359185 0.043115438108484005
1 0.7932123125493291 0.32684283727399166 0.022099447513812098 0.04728789986091797
1 0.7778216258879243 0.35396383866481224 0.022888713496448276 0.04867872044506261
1 0.7691397000789266 0.413769123783032 0.026045777426992878 0.05424200278164115
1 0.7186266771902131 0.39360222531293465 0.027624309392265234 0.05006954102920724
1 0.6929755327545383 0.4624478442280946 0.034727703235990504 0.07927677329624477
1 0.6176006314127861 0.456884561891516 0.033938437253354437 0.06258692628650908
1 0.7683504340962904 0.566759388038943 0.04183109707971577 0.07371349095966617
1 0.8180741910023679 0.4290681502086231 0.02920284135753748 0.05980528511821975
1 0.8796369376479873 0.480528511821975 0.03551696921862668 0.06815020862308763
1 0.8354380426203631 0.36439499304589706 0.022888713496448276 0.05563282336578579
1 0.8224151539068666 0.3031988873435327 0.017363851617995252 0.03616133518776077
1 0.8259668508287292 0.2795549374130737 0.01815311760063143 0.030598052851182167
1 0.8109707971586425 0.25591098748261476 0.014996053670086829 0.030598052851182167
1 0.8259668508287292 0.2510431154381085 0.014996053670086718 0.03477051460361613
1 0.8413575374901341 0.2524339360222531 0.015785319652723007 0.03198887343532683
1 0.861483820047356 0.33031988873435325 0.01815311760063143 0.04033379694019473
1 0.8488555643251776 0.34492350486787204 0.019731649565903675 0.0445062586926287
1 0.8914759273875296 0.38803894297635605 0.02131018153117603 0.04728789986091797
1 0.904104183109708 0.35535465924895693 0.01815311760063132 0.04589707927677328
1 0.898973954222573 0.33101529902642557 0.015785319652723007 0.03616133518776077
1 0.9021310181531177 0.30737134909596664 0.01420678768745065 0.030598052851182167
1 0.9080505130228888 0.26286509040333794 0.014996053670086829 0.030598052851182195
1 0.8705603788476717 0.29833101529902645 0.01420678768745065 0.03477051460361613
