1 0.027 0.5854545454545454 0.046 0.10181818181818181
1 0.018000000000000002 0.5327272727272727 0.028 0.06181818181818177
1 0.028999999999999998 0.5036363636363637 0.022000000000000002 0.047272727272727244
1 0.059 0.5 0.03 0.06909090909090909
1 0.07400000000000001 0.7509090909090909 0.08 0.1709090909090909
1 0.146 0.5854545454545454 0.05199999999999999 0.08727272727272728
1 0.214 0.5309090909090909 0.043999999999999984 0.08000000000000002
1 0.241 0.610909090909091 0.05400000000000002 0.10181818181818181
1 0.28500000000000003 0.5563636363636364 0.04999999999999999 0.08727272727272728
1 0.34299999999999997 0.5927272727272728 0.04999999999999999 0.10909090909090902
1 0.37 0.5709090909090908 0.040000000000000036 0.08727272727272728
1 0.444 0.5654545454545454 0.04400000000000004 0.08363636363636362
1 0.46799999999999997 0.6563636363636364 0.06 0.14181818181818184
1 0.513 0.39454545454545453 0.026000000000000023 0.06181818181818183
1 0.5409999999999999 0.5909090909090909 0.04999999999999993 0.09818181818181815
1 0.5469999999999999 0.5509090909090909 0.03399999999999992 0.08363636363636373
1 0.646 0.5327272727272727 0.04400000000000004 0.09818181818181815
1 0.6739999999999999 0.5909090909090909 0.051999999999999935 0.10545454545454547
1 0.677 0.6854545454545454 0.06999999999999995 0.14181818181818184
1 0.622 0.9309090909090909 0.1080000000000001 0.13818181818181818
1 0.727 0.5872727272727273 0.050000000000000044 0.09090909090909083
1 0.723 0.5363636363636364 0.04200000000000004 0.07636363636363641
1 0.879 0.5909090909090909 0.07400000000000007 0.09818181818181815
1 0.9079999999999999 0.7109090909090909 0.07599999999999996 0.14181818181818184
1 0.981 0.48545454545454547 0.026000000000000023 0.06909090909090909
1 0.985 0.49818181818181817 0.026000000000000023 0.05818181818181811
