1 0.19752520623281394 0.400974025974026 0.052245646196150325 0.09090909090909094
1 0.27497708524289644 0.2637987012987013 0.018331805682859748 0.03409090909090909
1 0.2960586617781852 0.2727272727272727 0.018331805682859803 0.035714285714285754
1 0.29514207149404215 0.24188311688311687 0.020164986251145767 0.0357142857142857
1 0.34647112740604946 0.2719155844155844 0.020164986251145767 0.03733766233766239
1 0.3703024747937672 0.27922077922077926 0.023831347387717694 0.042207792207792194
1 0.36617781851512377 0.19886363636363635 0.017415215398716766 0.03084415584415584
1 0.38863428047662696 0.22402597402597402 0.02016498625114571 0.04220779220779222
1 0.4019248395967003 0.17532467532467533 0.019248395967002785 0.029220779220779203
1 0.425756186984418 0.18262987012987014 0.017415215398716766 0.037337662337662336
1 0.43950504124656276 0.22808441558441558 0.017415215398716766 0.04383116883116883
1 0.4692942254812099 0.23295454545454544 0.023831347387717694 0.04383116883116883
1 0.45050412465627865 0.18831168831168832 0.017415215398716766 0.035714285714285726
1 0.46471127406049495 0.1387987012987013 0.010999083409715893 0.021103896103896097
1 0.4711274060494959 0.15584415584415584 0.012832263978001857 0.029220779220779203
1 0.4780018331805683 0.19318181818181818 0.017415215398716766 0.0357142857142857
1 0.48762603116406966 0.19642857142857142 0.018331805682859748 0.0357142857142857
1 0.5178735105407882 0.19642857142857142 0.02016498625114571 0.042207792207792194
1 0.5109990834097158 0.15503246753246752 0.013748854262144783 0.03084415584415584
1 0.505499541704858 0.13230519480519481 0.010082493125572856 0.021103896103896097
1 0.538038496791934 0.13717532467532467 0.01466544454628782 0.024350649350649345
1 0.5517873510540788 0.12824675324675325 0.010999083409715782 0.025974025974025983
1 0.5582034830430798 0.1412337662337662 0.01466544454628782 0.02922077922077923
1 0.5765352887259395 0.14204545454545453 0.01466544454628771 0.024350649350649373
1 0.5815765352887259 0.12581168831168832 0.01191567369385893 0.027597402597402593
1 0.5912007332722273 0.10633116883116883 0.012832263978001857 0.021103896103896097
1 0.611365719523373 0.10957792207792208 0.012832263978001857 0.027597402597402593
1 0.5884509624197983 0.17613636363636365 0.016498625114573784 0.03084415584415584
1 0.6081576535288726 0.1477272727272727 0.015582034830430858 0.02922077922077923
1 0.6356553620531622 0.14042207792207792 0.015582034830430858 0.03084415584415584
1 0.6384051329055912 0.10957792207792208 0.01191567369385882 0.024350649350649345
1 0.6654445462878094 0.10957792207792208 0.01466544454628782 0.027597402597402593
1 0.6856095325389551 0.1168831168831169 0.01466544454628782 0.029220779220779217
1 0.49587534372135655 0.29707792207792205 0.025664527956003713 0.055194805194805185
1 0.5348304307974335 0.32305194805194803 0.030247479376718678 0.055194805194805185
1 0.5614115490375802 0.26704545454545453 0.024747937671860676 0.0503246753246753
1 0.6031164069660861 0.21996753246753248 0.02016498625114571 0.040584415584415584
1 0.616865261228231 0.24918831168831168 0.02383134738771775 0.04707792207792205
1 0.5838680109990835 0.32305194805194803 0.031164069660861604 0.05844155844155846
1 0.6526122823098075 0.20860389610389612 0.021998166819431786 0.040584415584415584
1 0.648487626031164 0.17613636363636365 0.01741521539871682 0.040584415584415584
1 0.6755270394133822 0.1607142857142857 0.01466544454628771 0.03246753246753245
1 0.6984417965169569 0.1875 0.02016498625114571 0.037337662337662336
1 0.7213565536205315 0.1737012987012987 0.018331805682859748 0.03246753246753245
1 0.7208982584784601 0.20211038961038963 0.015582034830430747 0.040584415584415584
1 0.7213565536205316 0.25 0.025664527956003713 0.05519480519480521
1 0.7007332722273144 0.237012987012987 0.02108157653528875 0.04870129870129869
1 0.689275893675527 0.3222402597402597 0.03299725022914757 0.06331168831168826
1 0.733730522456462 0.36769480519480524 0.033913840513290605 0.07954545454545453
1 0.7882676443629697 0.3887987012987013 0.03299725022914757 0.07629870129870131
1 0.8881759853345554 0.4293831168831169 0.0421631530705775 0.0827922077922078
1 0.8253895508707607 0.299512987012987 0.028414298808432714 0.05681818181818182
1 0.7593950504124656 0.275974025974026 0.02658111824014664 0.05844155844155843
1 0.7493125572868928 0.21347402597402598 0.022914757103574712 0.04383116883116883
1 0.76993583868011 0.200487012987013 0.02016498625114571 0.04383116883116883
1 0.7447296058661779 0.14204545454545453 0.01741521539871671 0.03409090909090909
1 0.732813932172319 0.125 0.01741521539871671 0.03246753246753248
1 0.7571035747021082 0.13392857142857142 0.012832263978001746 0.0340909090909091
1 0.7749770852428964 0.14204545454545453 0.015582034830430747 0.03409090909090909
1 0.8010999083409716 0.14772727272727273 0.018331805682859748 0.03246753246753248
1 0.8203483043079743 0.14123376623376624 0.01466544454628771 0.03246753246753248
1 0.8354720439963337 0.12824675324675325 0.013748854262144783 0.03246753246753248
1 0.8460128322639779 0.15016233766233766 0.01466544454628782 0.03084415584415584
1 0.8395967002749771 0.1680194805194805 0.012832263978001857 0.037337662337662336
1 0.8203483043079743 0.20292207792207792 0.01833180568285986 0.04870129870129869
1 0.7988084326306142 0.2573051948051948 0.022914757103574712 0.0535714285714286
1 0.8519706691109075 0.25487012987012986 0.024747937671860676 0.05194805194805194
1 0.8945921173235564 0.3084415584415584 0.03483043079743364 0.06818181818181818
1 0.9055912007332723 0.262987012987013 0.021998166819431675 0.04545454545454544
1 0.9175068744271311 0.22159090909090912 0.018331805682859748 0.04707792207792208
1 0.9184234647112741 0.16233766233766234 0.010999083409715893 0.029220779220779203
1 0.8721356553620532 0.200487012987013 0.019248395967002674 0.03409090909090909
1 0.8776351970669112 0.17045454545454547 0.019248395967002785 0.038961038961038946
1 0.8606782768102659 0.13230519480519481 0.012832263978001746 0.027597402597402593
