1 0.23294858342077648 0.3865313653136532 0.06086044071353619 0.11254612546125459
1 0.5377754459601258 0.18450184501845018 0.019937040923399763 0.040590405904059046
1 0.5818467995802727 0.1448339483394834 0.017838405036726068 0.046125461254612546
1 0.5975865687303252 0.15867158671586717 0.015739769150052374 0.033210332103321055
1 0.6442812172088143 0.1752767527675277 0.023084994753410193 0.059040590405904064
1 0.667890870933893 0.18357933579335795 0.01364113326337879 0.04243542435424355
1 0.683105981112277 0.21217712177121772 0.025183630640083998 0.04797047970479704
1 0.7261280167890871 0.19372693726937268 0.018887722980062915 0.04428044280442803
1 0.7764952780692549 0.22970479704797048 0.023084994753410304 0.04981549815498154
1 0.832109129066107 0.25276752767527677 0.018887722980063026 0.051660516605166046
1 0.7497376705141658 0.27490774907749077 0.022035676810073457 0.055350553505535055
1 0.7623294858342078 0.36254612546125464 0.02833158447009443 0.06826568265682659
1 0.8053515215110179 0.38837638376383765 0.03252885624344182 0.06826568265682659
1 0.915529905561385 0.39206642066420666 0.032528856243441706 0.06457564575645758
