1 0.19603960396039605 0.3458844133099825 0.043564356435643575 0.07530647985989491
1 0.4148514851485149 0.2425569176882662 0.019801980198019764 0.03677758318739055
1 0.3792079207920792 0.24868651488616464 0.017821782178217838 0.03152364273204905
1 0.33613861386138616 0.23555166374781086 0.014851485148514865 0.029772329246935236
1 0.3321782178217822 0.21366024518388793 0.016831683168316847 0.021015761821366025
1 0.30594059405940593 0.21015761821366025 0.013861386138613874 0.03152364273204905
1 0.347029702970297 0.17688266199649738 0.008910891089108863 0.01751313485113834
1 0.35445544554455444 0.1935201401050788 0.013861386138613874 0.02977232924693521
1 0.37574257425742574 0.19789842381786338 0.012871287128712883 0.03152364273204902
1 0.3896039603960396 0.19702276707530647 0.014851485148514865 0.03677758318739055
1 0.4153465346534653 0.19439579684763572 0.016831683168316847 0.038528896672504365
1 0.44455445544554456 0.21891418563922943 0.01980198019801982 0.03502626970227671
1 0.4995049504950495 0.28283712784588444 0.022772277227722793 0.05429071803852886
1 0.4797029702970297 0.22942206654991243 0.014851485148514865 0.04203152364273208
1 0.41138613861386136 0.14360770577933452 0.008910891089108919 0.01751313485113834
1 0.4168316831683168 0.16112084063047286 0.013861386138613874 0.028021015761821366
1 0.43613861386138614 0.17688266199649738 0.012871287128712883 0.02451838879159371
1 0.44405940594059407 0.16112084063047286 0.012871287128712883 0.028021015761821366
1 0.47178217821782176 0.1830122591943958 0.012871287128712827 0.026269702276707524
1 0.4623762376237624 0.14185639229422065 0.00990099009900991 0.021015761821366025
1 0.4762376237623762 0.14098073555166374 0.00990099009900991 0.026269702276707524
1 0.4900990099009901 0.1330998248686515 0.00990099009900991 0.02101576182136601
1 0.49207920792079207 0.1576182136602452 0.00990099009900991 0.021015761821366025
1 0.4975247524752475 0.19176882661996497 0.012871287128712883 0.033274956217162865
1 0.5222772277227723 0.16024518388791592 0.0108910891089109 0.03327495621716289
1 0.5089108910891089 0.14185639229422065 0.00990099009900991 0.02451838879159371
1 0.5069306930693069 0.12084063047285463 0.00990099009900991 0.01751313485113834
1 0.5282178217821782 0.12521891418563924 0.0108910891089109 0.026269702276707524
1 0.555940594059406 0.1777583187390543 0.012871287128712883 0.03677758318739055
1 0.5564356435643565 0.15499124343257442 0.011881188118811892 0.019264448336252182
1 0.5584158415841585 0.1243432574430823 0.01188118811881178 0.02451838879159368
1 0.5876237623762376 0.169877408056042 0.014851485148514865 0.03502626970227671
1 0.5861386138613861 0.1190893169877408 0.00990099009900991 0.024518388791593695
1 0.5777227722772277 0.11033274956217162 0.008910891089108919 0.024518388791593695
1 0.602970297029703 0.11471103327495621 0.007920792079207928 0.026269702276707538
1 0.6094059405940594 0.11996497373029771 0.0108910891089109 0.026269702276707538
1 0.6202970297029703 0.1628721541155867 0.0108910891089109 0.028021015761821366
1 0.6306930693069307 0.12259194395796848 0.00990099009900991 0.02451838879159371
1 0.6663366336633664 0.10332749562171628 0.00990099009900991 0.024518388791593695
1 0.6797029702970298 0.13047285464098074 0.0108910891089109 0.029772329246935195
1 0.6836633663366336 0.11821366024518387 0.008910891089108808 0.022767075306479853
1 0.693069306930693 0.10245183887915937 0.00990099009900991 0.022767075306479853
1 0.7272277227722772 0.10858143607705778 0.0108910891089109 0.024518388791593695
1 0.6544554455445545 0.13047285464098074 0.011881188118811892 0.019264448336252196
1 0.5534653465346535 0.30823117338003503 0.025742574257425654 0.0525394045534151
1 0.6024752475247525 0.3108581436077058 0.022772277227722793 0.06129597197898423
1 0.5891089108910891 0.2434325744308231 0.0217821782178218 0.045534150612959734
1 0.6282178217821782 0.2320490367775832 0.02079207920792081 0.047285464098073576
1 0.6797029702970296 0.2618213660245184 0.0207920792079207 0.05429071803852892
1 0.6787128712871286 0.3415061295971979 0.028712871287128627 0.0630472854640981
1 0.7485148514851485 0.38791593695271454 0.03168316831683171 0.07530647985989491
1 0.7366336633663366 0.28721541155866903 0.015841584158415856 0.04553415061295968
1 0.7732673267326733 0.2924693520140105 0.023762376237623783 0.06304728546409805
1 0.7707920792079208 0.23992994746059543 0.02079207920792081 0.045534150612959706
1 0.7242574257425742 0.2224168126094571 0.02079207920792081 0.04203152364273205
1 0.689108910891089 0.18388791593695272 0.013861386138613763 0.028021015761821366
1 0.7079207920792079 0.1830122591943958 0.015841584158415856 0.033274956217162865
1 0.7608910891089109 0.19176882661996497 0.016831683168316847 0.03677758318739055
1 0.7603960396039604 0.15586690017513136 0.013861386138613874 0.028021015761821366
1 0.7524752475247525 0.13047285464098074 0.013861386138613874 0.029772329246935195
1 0.7871287128712872 0.14010507880910683 0.011881188118811892 0.028021015761821366
1 0.8 0.15674255691768826 0.011881188118811892 0.033274956217162865
1 0.803960396039604 0.21628721541155865 0.015841584158415856 0.026269702276707524
1 0.8128712871287129 0.2530647985989492 0.017821782178217727 0.04728546409807355
1 0.8217821782178218 0.3966725043782837 0.02970297029702962 0.06479859894921192
1 0.8311881188118811 0.34938704028021017 0.02079207920792081 0.040280210157618235
1 0.8752475247524752 0.27408056042031526 0.017821782178217838 0.04728546409807355
1 0.8801980198019802 0.22416812609457093 0.015841584158415856 0.045534150612959734
1 0.9405940594059405 0.21628721541155865 0.013861386138613763 0.04028021015761821
1 0.9381188118811881 0.29071803852889666 0.016831683168316736 0.05253940455341505
1 0.9188118811881189 0.3502626970227671 0.01980198019801982 0.0630472854640981
1 0.905940594059406 0.4325744308231173 0.027722772277227747 0.06304728546409805
