1 0.1972193614830072 0.35793357933579334 0.040164778578784754 0.07380073800738007
1 0.3120494335736354 0.23154981549815498 0.02059732234809475 0.038745387453874514
1 0.329557157569516 0.19464944649446494 0.018537590113285263 0.03505535055350556
1 0.3470648815653965 0.20018450184501846 0.016477857878475777 0.03136531365313652
1 0.4150360453141092 0.1937269372693727 0.016477857878475832 0.03690036900369004
1 0.42121524201853755 0.17158671586715868 0.014418125643666346 0.025830258302583037
1 0.4181256436663234 0.1540590405904059 0.01441812564366629 0.023985239852398532
1 0.4536560247167868 0.14944649446494465 0.01544799176107109 0.02583025830258301
1 0.4428424304840371 0.2029520295202952 0.02059732234809475 0.03690036900369004
1 0.46961894953656025 0.19280442804428044 0.016477857878475777 0.03505535055350553
1 0.476313079299691 0.21863468634686345 0.02162718846549949 0.04612546125461256
1 0.4701338825952626 0.13191881918819187 0.013388259526261548 0.02398523985239852
1 0.4850669412976313 0.1429889298892989 0.014418125643666346 0.02767527675276754
1 0.5020597322348095 0.13191881918819187 0.013388259526261603 0.02398523985239852
1 0.5113285272914521 0.11254612546125461 0.013388259526261659 0.022140221402214028
1 0.5113285272914521 0.15498154981549817 0.011328527291452173 0.025830258302583037
1 0.5319258496395469 0.14852398523985239 0.015447991761071145 0.027675276752767514
1 0.5329557157569516 0.11900369003690037 0.011328527291452173 0.020295202952029523
1 0.5442842430484037 0.12638376383763839 0.011328527291452062 0.023985239852398532
1 0.5576725025746653 0.13191881918819187 0.011328527291452062 0.02398523985239852
1 0.5700308959835221 0.13284132841328414 0.013388259526261659 0.022140221402214014
1 0.5813594232749743 0.11254612546125461 0.013388259526261548 0.022140221402214028
1 0.5664263645726055 0.1752767527675277 0.01441812564366629 0.033210332103321055
1 0.5834191555097837 0.16974169741697417 0.015447991761071034 0.03321033210332103
1 0.5298661174047374 0.2656826568265683 0.02162718846549949 0.047970479704797064
1 0.592173017507724 0.22878228782287824 0.018537590113285374 0.03690036900369004
1 0.5932028836251287 0.28874538745387457 0.02471678681771361 0.04612546125461253
1 0.625643666323378 0.28966789667896675 0.029866117404737436 0.05904059040590409
1 0.6343975283213181 0.235239852398524 0.018537590113285263 0.03505535055350556
1 0.6318228630278064 0.1955719557195572 0.019567456230690006 0.04059040590405902
1 0.664778578784758 0.20571955719557194 0.019567456230690006 0.03505535055350553
1 0.666323377960865 0.17435424354243542 0.016477857878475777 0.03136531365313655
1 0.6930998970133883 0.11992619926199262 0.012358393408856916 0.025830258302583037
1 0.7013388259526261 0.11439114391143912 0.012358393408856805 0.01845018450184502
1 0.6869207003089599 0.11900369003690037 0.010298661174047319 0.016605166051660514
1 0.6575695159629249 0.1051660516605166 0.011328527291452173 0.022140221402214014
1 0.6426364572605561 0.1088560885608856 0.010298661174047319 0.022140221402214028
1 0.6292481977342945 0.14022140221402213 0.01441812564366629 0.022140221402214028
1 0.6282183316168899 0.09686346863468634 0.012358393408856805 0.02398523985239852
1 0.6101956745623069 0.11992619926199262 0.011328527291452173 0.025830258302583037
1 0.6004119464469619 0.13468634686346864 0.01441812564366629 0.025830258302583023
1 0.7106076210092689 0.18450184501845018 0.016477857878475777 0.040590405904059046
1 0.7059732234809475 0.1577490774907749 0.013388259526261548 0.023985239852398532
1 0.7404737384140061 0.1522140221402214 0.01441812564366629 0.03136531365313652
1 0.7507723995880535 0.1448339483394834 0.01441812564366629 0.023985239852398532
1 0.7435633367662204 0.12546125461254615 0.01441812564366629 0.025830258302583037
1 0.7646755921730175 0.12822878228782286 0.011328527291452062 0.027675276752767514
1 0.7775489186405767 0.12638376383763839 0.01029866117404743 0.023985239852398532
1 0.712152420185376 0.25184501845018453 0.019567456230690006 0.04243542435424355
1 0.6915550978372811 0.30811808118081185 0.025746652935118353 0.06273062730627305
1 0.6544799176107106 0.27306273062730624 0.02162718846549949 0.04797047970479701
1 0.7914521112255407 0.19464944649446494 0.01750772399588052 0.04243542435424352
1 0.7873326467559217 0.16697416974169743 0.015447991761071034 0.03136531365313652
1 0.8048403707518023 0.16697416974169743 0.013388259526261548 0.03136531365313652
1 0.8161688980432544 0.18081180811808117 0.013388259526261659 0.03321033210332103
1 0.8285272914521112 0.16974169741697417 0.013388259526261548 0.029520295202952018
1 0.8341915550978374 0.20571955719557194 0.016477857878475777 0.03874538745387454
1 0.8094747682801235 0.26014760147601473 0.02059732234809475 0.04797047970479704
1 0.7888774459320289 0.28413284132841327 0.022657054582904235 0.047970479704797064
1 0.7651905252317199 0.3754612546125461 0.028836251287332693 0.06826568265682659
1 0.8280123583934089 0.35977859778597787 0.026776519052523207 0.06642066420664205
1 0.8460350154479918 0.32011070110701106 0.02162718846549949 0.04981549815498154
1 0.8553038105046344 0.26014760147601473 0.019567456230690006 0.04797047970479704
1 0.9104016477857879 0.38468634686346864 0.02471678681771372 0.06457564575645758
1 0.9212152420185376 0.3274907749077491 0.02780638516992784 0.04981549815498154
1 0.9402677651905251 0.27398523985239853 0.022657054582904235 0.04243542435424352
1 0.9140061791967045 0.23154981549815498 0.01750772399588052 0.038745387453874514
1 0.8831101956745623 0.22509225092250923 0.015447991761071034 0.03690036900369004
1 0.8872296601441813 0.19833948339483393 0.019567456230690006 0.03505535055350553
1 0.8656024716786818 0.17435424354243542 0.013388259526261548 0.03136531365313655
1 0.850669412976313 0.18542435424354242 0.016477857878475777 0.03136531365313652
1 0.850669412976313 0.14575645756457564 0.012358393408856805 0.02583025830258301
1 0.878475798146241 0.14760147601476015 0.012358393408856916 0.02583025830258301
1 0.8759011328527291 0.15867158671586717 0.013388259526261659 0.025830258302583037
1 0.9155509783728115 0.16697416974169743 0.014418125643666402 0.03505535055350553
1 0.9407826982492276 0.18081180811808117 0.013388259526261659 0.029520295202952018
1 0.9392378990731205 0.2029520295202952 0.014418125643666402 0.029520295202952018
