1 0.22652582159624413 0.3834033613445378 0.05868544600938966 0.09873949579831937
1 0.5434272300469484 0.3004201680672269 0.025821596244131495 0.06302521008403361
1 0.5534037558685445 0.18592436974789917 0.017605633802816878 0.0357142857142857
1 0.6285211267605634 0.1922268907563025 0.0199530516431925 0.04411764705882351
1 0.6742957746478873 0.20483193277310924 0.017605633802816878 0.03991596638655462
1 0.6672535211267605 0.18907563025210083 0.015258215962441368 0.02941176470588236
1 0.6684272300469484 0.2510504201680672 0.02230046948356801 0.04831932773109246
1 0.6690140845070423 0.3130252100840336 0.028169014084507005 0.05882352941176472
1 0.710093896713615 0.20063025210084034 0.018779342723004744 0.035714285714285726
1 0.7423708920187793 0.20693277310924368 0.017605633802816878 0.035714285714285726
1 0.7676056338028169 0.23634453781512604 0.021126760563380254 0.04411764705882357
1 0.727112676056338 0.2668067226890756 0.02230046948356812 0.04621848739495801
1 0.8280516431924883 0.36764705882352944 0.02934272300469476 0.06722689075630256
1 0.8937793427230047 0.4527310924369748 0.03169014084507038 0.06932773109243695
