1 0.0765625 0.35523613963039014 0.04687500000000001 0.06981519507186862
1 0.146875 0.3675564681724846 0.05312499999999999 0.07392197125256672
1 0.22265625 0.3726899383983573 0.04843750000000002 0.07186858316221767
1 0.30546874999999996 0.39117043121149897 0.03593750000000001 0.05544147843942504
1 0.28984374999999996 0.37885010266940455 0.04218749999999999 0.06776180698151951
1 0.36171875 0.3788501026694045 0.03593750000000001 0.05544147843942504
1 0.3984375 0.39835728952772076 0.03749999999999998 0.05338809034907599
1 0.425 0.35215605749486656 0.03125 0.05133470225872688
1 0.4515625 0.393223819301848 0.03437499999999999 0.0595482546201232
1 0.48671875 0.36652977412731 0.04218749999999999 0.05133470225872688
1 0.5 0.4055441478439425 0.04062499999999997 0.05544147843942504
1 0.5421875 0.364476386036961 0.04062500000000002 0.05133470225872688
1 0.55703125 0.4106776180698152 0.035937499999999956 0.05338809034907599
1 0.6203125 0.39630390143737165 0.04062500000000002 0.0657084188911704
1 0.609375 0.3603696098562628 0.034375000000000044 0.05544147843942504
1 0.653125 0.3850102669404517 0.03749999999999998 0.0595482546201232
1 0.67421875 0.4137577002053388 0.035937499999999956 0.047227926078028726
1 0.6820312500000001 0.3542094455852156 0.03281250000000002 0.047227926078028726
1 0.72578125 0.40246406570841886 0.04531249999999998 0.06981519507186856
1 0.715625 0.37166324435318276 0.03125 0.04928131416837783
1 0.75078125 0.35626283367556466 0.03281250000000002 0.05544147843942504
1 0.78515625 0.3624229979466119 0.042187500000000044 0.0595482546201232
1 0.82421875 0.39425051334702255 0.051562499999999956 0.07802874743326488
1 0.88515625 0.38193018480492813 0.042187500000000044 0.05749486652977409
