1 0.06439393939393939 0.44833333333333336 0.04356060606060607 0.08000000000000002
1 0.2514204545454546 0.28833333333333333 0.01420454545454547 0.026666666666666672
1 0.2897727272727273 0.2733333333333333 0.015151515151515138 0.03666666666666668
1 0.3072916666666667 0.2625 0.016098484848484862 0.03833333333333333
1 0.3328598484848485 0.2633333333333333 0.016098484848484806 0.03
1 0.3475378787878788 0.29583333333333334 0.017045454545454586 0.03166666666666662
1 0.33428030303030304 0.22083333333333333 0.015151515151515138 0.031666666666666676
1 0.34943181818181823 0.21833333333333332 0.009469696969696961 0.026666666666666672
1 0.359375 0.2175 0.012310606060606077 0.02833333333333332
1 0.3759469696969697 0.2058333333333333 0.013257575757575746 0.024999999999999994
1 0.40104166666666663 0.21166666666666667 0.017992424242424254 0.03
1 0.4322916666666667 0.27083333333333337 0.019886363636363646 0.041666666666666685
1 0.4318181818181818 0.2175 0.013257575757575801 0.02833333333333332
1 0.4275568181818182 0.18666666666666665 0.012310606060606077 0.023333333333333345
1 0.4119318181818182 0.18 0.013257575757575801 0.026666666666666672
1 0.4616477272727273 0.22166666666666668 0.016098484848484862 0.03666666666666665
1 0.4422348484848485 0.20416666666666666 0.013257575757575746 0.02833333333333332
1 0.46875 0.19416666666666665 0.015151515151515138 0.02833333333333335
1 0.46259469696969696 0.17333333333333334 0.012310606060606077 0.026666666666666672
1 0.45596590909090906 0.14583333333333334 0.012310606060606022 0.021666666666666667
1 0.47395833333333337 0.15916666666666668 0.008522727272727237 0.024999999999999994
1 0.48484848484848486 0.16499999999999998 0.011363636363636354 0.023333333333333345
1 0.4891098484848485 0.13666666666666666 0.008522727272727237 0.01999999999999999
1 0.5198863636363636 0.16166666666666668 0.01325757575757569 0.026666666666666644
1 0.521780303030303 0.21166666666666667 0.018939393939393923 0.033333333333333326
1 0.49384469696969696 0.22416666666666668 0.0179924242424242 0.03166666666666665
1 0.5071022727272727 0.19666666666666666 0.012310606060606077 0.026666666666666672
1 0.5558712121212122 0.1575 0.011363636363636354 0.025000000000000022
1 0.537405303030303 0.13666666666666666 0.012310606060606077 0.023333333333333345
1 0.5625 0.11833333333333332 0.01325757575757569 0.026666666666666658
1 0.5743371212121212 0.18083333333333335 0.016098484848484862 0.02833333333333335
1 0.5833333333333333 0.15333333333333332 0.013257575757575801 0.023333333333333345
1 0.5932765151515151 0.1275 0.01041666666666674 0.021666666666666667
1 0.5928030303030303 0.10583333333333333 0.011363636363636354 0.021666666666666667
1 0.6245265151515151 0.14083333333333334 0.016098484848484862 0.031666666666666676
1 0.6278409090909092 0.10083333333333333 0.011363636363636354 0.024999999999999994
1 0.6444128787878788 0.1175 0.014204545454545414 0.02500000000000001
1 0.6444128787878788 0.10166666666666666 0.01041666666666674 0.020000000000000004
1 0.6794507575757576 0.11916666666666667 0.014204545454545414 0.02499999999999998
1 0.6993371212121212 0.1 0.014204545454545414 0.03
1 0.4910037878787879 0.2991666666666667 0.019886363636363646 0.044999999999999984
1 0.5459280303030303 0.31166666666666665 0.021780303030302983 0.04666666666666669
1 0.5681818181818181 0.2566666666666667 0.015151515151515249 0.03666666666666668
1 0.6131628787878788 0.22 0.016098484848484862 0.033333333333333326
1 0.6160037878787878 0.265 0.019886363636363646 0.03666666666666665
1 0.6084280303030303 0.3383333333333334 0.02367424242424243 0.04999999999999999
1 0.6766098484848485 0.33916666666666667 0.02367424242424243 0.04833333333333334
1 0.6642992424242424 0.255 0.021780303030302983 0.05000000000000002
1 0.6567234848484849 0.20416666666666666 0.019886363636363646 0.041666666666666685
1 0.6638257575757576 0.1775 0.015151515151515138 0.03833333333333333
1 0.6946022727272727 0.17916666666666664 0.01799242424242431 0.035
1 0.696969696969697 0.14583333333333331 0.015151515151515138 0.02833333333333335
1 0.712594696969697 0.14583333333333331 0.012310606060606077 0.03166666666666665
1 0.7419507575757576 0.12166666666666667 0.014204545454545414 0.029999999999999985
1 0.75 0.1375 0.01325757575757569 0.028333333333333335
1 0.7149621212121212 0.2808333333333334 0.022727272727272707 0.041666666666666685
1 0.7035984848484849 0.23083333333333333 0.02083333333333326 0.03833333333333333
1 0.7495265151515151 0.19916666666666666 0.014204545454545414 0.031666666666666676
1 0.759469696969697 0.17416666666666666 0.013257575757575801 0.031666666666666676
1 0.7741477272727273 0.13666666666666666 0.014204545454545414 0.023333333333333345
1 0.756155303030303 0.12333333333333334 0.014204545454545525 0.023333333333333345
1 0.7888257575757576 0.12416666666666668 0.011363636363636354 0.028333333333333335
1 0.803030303030303 0.14250000000000002 0.013257575757575801 0.02833333333333335
1 0.8210227272727273 0.125 0.01325757575757569 0.030000000000000013
1 0.8271780303030303 0.165 0.014204545454545414 0.033333333333333326
1 0.8039772727272727 0.18 0.018939393939393923 0.033333333333333326
1 0.8366477272727273 0.13916666666666666 0.012310606060606077 0.021666666666666667
1 0.8541666666666667 0.15416666666666667 0.013257575757575801 0.02833333333333332
1 0.8740530303030303 0.13583333333333333 0.013257575757575801 0.02833333333333332
1 0.8645833333333334 0.18666666666666668 0.015151515151515138 0.033333333333333326
1 0.8754734848484849 0.23583333333333334 0.014204545454545414 0.03833333333333333
1 0.8920454545454546 0.19916666666666666 0.013257575757575801 0.031666666666666676
1 0.8996212121212122 0.17333333333333334 0.011363636363636354 0.026666666666666672
1 0.9029356060606061 0.14500000000000002 0.01041666666666674 0.01999999999999999
1 0.9370265151515151 0.16083333333333333 0.01041666666666674 0.024999999999999994
1 0.9341856060606061 0.2033333333333333 0.016098484848484862 0.03
1 0.9071969696969697 0.16916666666666666 0.007575757575757569 0.021666666666666667
1 0.8148674242424243 0.24916666666666665 0.0179924242424242 0.04500000000000001
1 0.7916666666666667 0.2941666666666667 0.02083333333333337 0.051666666666666694
1 0.7741477272727273 0.22916666666666669 0.021780303030302983 0.04833333333333337
