1 0.18823529411764706 0.21764705882352942 0.17647058823529413 0.33333333333333337
1 0.04558823529411765 0.0803921568627451 0.08529411764705883 0.15294117647058825
1 0.3176470588235294 0.10784313725490197 0.08235294117647057 0.15294117647058825
1 0.44705882352941173 0.15294117647058825 0.10000000000000003 0.14901960784313725
1 0.5985294117647059 0.11372549019607843 0.138235294117647 0.2196078431372549
1 0.5852941176470589 0.4411764705882353 0.27058823529411763 0.36470588235294116
1 0.736764705882353 0.21372549019607845 0.1029411764705882 0.15294117647058825
1 0.8264705882352941 0.0803921568627451 0.07647058823529418 0.15294117647058825
1 0.8808823529411764 0.06470588235294117 0.050000000000000044 0.10588235294117647
1 0.9308823529411765 0.10196078431372549 0.055882352941176494 0.11764705882352942
1 0.7294117647058823 0.10980392156862745 0.05882352941176472 0.10980392156862745
1 0.5147058823529412 0.1588235294117647 0.07058823529411767 0.12941176470588237
