1 0.312 0.5845195729537367 0.040000000000000036 0.04448398576512458
1 0.39066666666666666 0.5667259786476868 0.03466666666666662 0.05516014234875444
1 0.4066666666666667 0.5088967971530249 0.029333333333333322 0.04982206405693945
1 0.42266666666666663 0.5747330960854093 0.023999999999999966 0.042704626334519546
1 0.44866666666666666 0.5791814946619218 0.028000000000000025 0.051601423487544484
1 0.48333333333333334 0.5604982206405693 0.020000000000000018 0.03558718861209964
1 0.49933333333333335 0.554270462633452 0.014666666666666717 0.03380782918149461
1 0.5373333333333333 0.5373665480427046 0.03466666666666662 0.05693950177935936
1 0.5466666666666666 0.5649466192170818 0.02400000000000002 0.051601423487544484
1 0.5633333333333334 0.5613879003558719 0.022666666666666613 0.03736654804270467
1 0.5726666666666667 0.5587188612099645 0.020000000000000018 0.028469750889679735
1 0.6066666666666667 0.5569395017793595 0.026666666666666616 0.04626334519572961
1 0.6599999999999999 0.5631672597864769 0.026666666666666727 0.03736654804270456
1 0.6839999999999999 0.5533807829181494 0.034666666666666734 0.04626334519572961
1 0.7206666666666666 0.5667259786476868 0.02533333333333332 0.04448398576512458
1 0.766 0.5640569395017794 0.01733333333333331 0.03202846975088969
1 0.794 0.5622775800711743 0.022666666666666724 0.03202846975088969
1 0.8340000000000001 0.5676156583629893 0.02533333333333332 0.04270462633451966
1 0.8540000000000001 0.5756227758007118 0.02533333333333332 0.05516014234875444
1 0.8766666666666667 0.5774021352313168 0.028000000000000025 0.051601423487544484
1 0.878 0.552491103202847 0.022666666666666613 0.030249110320284656
1 0.9273333333333333 0.5969750889679715 0.04400000000000004 0.0658362989323843
1 0.966 0.608540925266904 0.05466666666666664 0.06405693950177938
1 0.9133333333333333 0.5444839857651246 0.02400000000000002 0.03202846975088969
1 0.9373333333333334 0.5453736654804271 0.021333333333333315 0.030249110320284767
