1 0.052231718898385564 0.37015177065767285 0.018993352326685656 0.04890387858347389
1 0.24976258309591642 0.2571669477234401 0.013295346628679927 0.028667790893760564
1 0.27492877492877493 0.26897133220910624 0.010446343779677125 0.021922428330522714
1 0.2659069325735992 0.26559865092748736 0.009496676163342876 0.025295109612141653
1 0.29154795821462487 0.26559865092748736 0.01709401709401709 0.03541315345699833
1 0.31908831908831914 0.2622259696458685 0.01709401709401709 0.04553119730185498
1 0.33760683760683763 0.26812816188870153 0.018043684710351393 0.04047217537942663
1 0.32431149097815765 0.22006745362563238 0.01614434947768284 0.03204047217537942
1 0.3513770180436847 0.22849915682967958 0.015194681861348536 0.03541315345699833
1 0.35660018993352327 0.2048903878583474 0.014245014245014231 0.028667790893760564
1 0.36752136752136755 0.19730185497470487 0.01519468186134848 0.030354131534569978
1 0.38841405508072174 0.1888701517706577 0.013295346628679927 0.030354131534569978
1 0.4050332383665717 0.19730185497470487 0.016144349477682784 0.037099494097807745
1 0.3846153846153846 0.23018549747048905 0.018993352326685697 0.03541315345699833
1 0.37274453941120606 0.26981450252951095 0.019943019943019946 0.04384485666104551
1 0.39411206077872746 0.28414839797639124 0.02089268755935425 0.04553119730185495
1 0.4368471035137702 0.23271500843170317 0.020892687559354195 0.04384485666104551
1 0.47625830959164295 0.23187183811129847 0.0218423551756885 0.04553119730185495
1 0.452991452991453 0.19477234401349072 0.017094017094017144 0.0354131534569983
1 0.44871794871794873 0.1627318718381113 0.019943019943019946 0.028667790893760536
1 0.4667616334283001 0.1391231028667791 0.014245014245014287 0.03204047217537942
1 0.48575498575498577 0.13406408094435077 0.012345679012345678 0.025295109612141667
1 0.49905033238366575 0.16694772344013492 0.01614434947768284 0.037099494097807745
1 0.48860398860398857 0.1905564924114671 0.018043684710351393 0.037099494097807745
1 0.5294396961063628 0.20741989881956155 0.019943019943019946 0.04384485666104554
1 0.5346628679962013 0.16526138279932545 0.017094017094017033 0.037099494097807745
1 0.550332383665717 0.15935919055649242 0.014245014245014231 0.03204047217537942
1 0.5664767331433997 0.17706576728499157 0.01614434947768284 0.03709949409780777
1 0.5759734093067426 0.21838111298482293 0.021842355175688444 0.05564924114671166
1 0.5726495726495726 0.11888701517706576 0.013295346628679927 0.028667790893760536
1 0.5854700854700854 0.1399662731871838 0.012345679012345623 0.030354131534569978
1 0.5935422602089269 0.12310286677908937 0.009496676163342821 0.030354131534569978
1 0.6153846153846154 0.14165261382799327 0.01139601139601143 0.030354131534569978
1 0.6424501424501424 0.13322091062394603 0.012345679012345734 0.02698145025295111
1 0.6405508072174739 0.11551433389544688 0.010446343779677125 0.018549747048903886
1 0.6191832858499525 0.1163575042158516 0.01139601139601143 0.02360876897133221
1 0.6818613485280152 0.11804384485666104 0.013295346628679927 0.030354131534569978
1 0.5698005698005698 0.28667790893760536 0.03038936372269707 0.0640809443507589
1 0.48480531813865146 0.3086003372681282 0.031339031339031376 0.0640809443507589
1 0.6272554605887939 0.32462057335581784 0.029439696106362767 0.06576728499156831
1 0.6267806267806268 0.23946037099494097 0.024691358024691357 0.060708263069139956
1 0.6381766381766382 0.20657672849915681 0.018993352326685642 0.038785834738617214
1 0.6590693257359924 0.20741989881956155 0.02279202279202286 0.04384485666104554
1 0.6918328584995251 0.1905564924114671 0.019943019943019946 0.05396290050590219
1 0.6870845204178537 0.15177065767284992 0.01614434947768284 0.03372681281618889
1 0.7146248812915479 0.15261382799325462 0.01614434947768284 0.0421585160202361
1 0.7226970560303894 0.16863406408094433 0.015194681861348425 0.037099494097807745
1 0.7340930674264008 0.18465430016863404 0.018993352326685642 0.04553119730185498
1 0.717948717948718 0.21922428330522767 0.02279202279202286 0.050590219224283306
1 0.7274453941120608 0.29679595278246207 0.03038936372269707 0.05733558178752107
1 0.774928774928775 0.2976391231028668 0.026590693257359965 0.05227655986509272
1 0.7630579297245963 0.2234401349072513 0.023741690408357052 0.048903878583473864
1 0.7811016144349479 0.20404721753794267 0.023741690408357052 0.040472175379426656
1 0.7673314339981007 0.17200674536256322 0.02089268755935425 0.03372681281618886
1 0.7507122507122508 0.1391231028667791 0.01614434947768284 0.03541315345699832
1 0.7369420702754036 0.1281618887015177 0.01139601139601143 0.02698145025295111
1 0.7687559354226021 0.13490725126475547 0.018043684710351338 0.03709949409780776
1 0.7910731244064577 0.14502529510961215 0.017094017094017033 0.03372681281618886
1 0.8105413105413106 0.1391231028667791 0.014245014245014231 0.028667790893760536
1 0.8214624881291548 0.16357504215851604 0.018993352326685642 0.04047217537942663
1 0.8418803418803419 0.14502529510961215 0.01614434947768273 0.037099494097807745
1 0.8584995251661918 0.16441821247892074 0.013295346628679927 0.0354131534569983
1 0.849002849002849 0.19477234401349072 0.018993352326685753 0.04215851602023607
1 0.8333333333333333 0.21585160202360876 0.021842355175688444 0.04047217537942663
1 0.8480531813865146 0.3094435075885329 0.03228869895536557 0.062394603709949426
1 0.8599240265906933 0.26897133220910624 0.021842355175688444 0.048903878583473864
1 0.8869895536562202 0.18634064080944351 0.015194681861348536 0.0354131534569983
1 0.8964862298195632 0.15598650927487354 0.013295346628680038 0.028667790893760536
1 0.8998100664767332 0.18296795952782463 0.014245014245014231 0.03204047217537942
1 0.9278252611585944 0.24198988195615512 0.018993352326685753 0.048903878583473864
1 0.9449192782526117 0.2639123102866779 0.024691358024691357 0.05564924114671163
