0 0.45 0.2706611570247934 0.06666666666666665 0.11983471074380167
0 0.37 0.25206611570247933 0.06666666666666665 0.1074380165289256
0 0.29333333333333333 0.20661157024793386 0.07999999999999996 0.12396694214876033
0 0.195 0.256198347107438 0.10333333333333333 0.13223140495867766
0 0.45833333333333337 0.17355371900826447 0.0566666666666667 0.09917355371900827
0 0.5066666666666667 0.19421487603305784 0.04666666666666669 0.09917355371900827
0 0.55 0.2024793388429752 0.053333333333333344 0.09917355371900827
0 0.5616666666666666 0.15289256198347106 0.050000000000000044 0.0743801652892562
0 0.6233333333333333 0.16942148760330578 0.05999999999999994 0.09090909090909091
0 0.6766666666666666 0.20454545454545453 0.046666666666666634 0.08677685950413225
0 0.7283333333333333 0.21487603305785125 0.04999999999999993 0.08264462809917353
0 0.6983333333333333 0.14256198347107438 0.043333333333333335 0.07024793388429751
0 0.7683333333333333 0.18181818181818182 0.050000000000000044 0.08264462809917356
0 0.815 0.16322314049586778 0.04999999999999993 0.07851239669421486
