1 0.043333333333333335 0.5177215189873418 0.08333333333333334 0.17468354430379746
1 0.034999999999999996 0.4088607594936709 0.06666666666666667 0.12911392405063293
1 0.075 0.8455696202531646 0.14333333333333334 0.30379746835443033
1 0.165 0.5987341772151898 0.11 0.22025316455696203
1 0.23083333333333333 0.45189873417721516 0.10166666666666668 0.13924050632911394
1 0.33666666666666667 0.5025316455696203 0.08333333333333337 0.16962025316455698
1 0.4325 0.4670886075949367 0.08499999999999996 0.14936708860759496
1 0.4641666666666666 0.579746835443038 0.12499999999999994 0.2329113924050633
1 0.3425 0.839240506329114 0.19166666666666668 0.3063291139240506
1 0.6191666666666666 0.5075949367088608 0.09166666666666667 0.18481012658227847
1 0.6799999999999999 0.4607594936708861 0.07999999999999996 0.1569620253164557
1 0.5616666666666668 0.22405063291139243 0.08333333333333337 0.14430379746835445
