1 0.8718428437792329 0.12166666666666667 0.011225444340505097 0.026666666666666672
1 0.90177736202058 0.1275 0.009354536950420989 0.02500000000000001
1 0.930776426566885 0.14083333333333334 0.007483629560336769 0.021666666666666667
1 0.9289055191768008 0.155 0.011225444340505097 0.026666666666666672
1 0.9195509822263798 0.20333333333333334 0.014967259120673537 0.03666666666666668
1 0.9228250701590271 0.265 0.017773620205799867 0.04999999999999999
1 0.8648269410664172 0.14916666666666667 0.014031805425631427 0.031666666666666676
1 0.8914873713751169 0.17833333333333334 0.013096351730589317 0.03
1 0.8811973807296539 0.19583333333333336 0.014967259120673537 0.035
1 0.8690364826941066 0.21666666666666667 0.014967259120673537 0.043333333333333335
1 0.852198316183349 0.18666666666666665 0.013096351730589317 0.03666666666666665
1 0.8475210477081384 0.15 0.014967259120673537 0.03666666666666668
1 0.8320860617399439 0.13666666666666666 0.014031805425631538 0.033333333333333326
1 0.7507015902712816 0.11 0.010289990645462987 0.026666666666666672
1 0.7329279700654818 0.11666666666666667 0.012160898035547318 0.026666666666666672
1 0.7394761459307764 0.1325 0.014031805425631427 0.03499999999999999
1 0.7567820392890552 0.13666666666666666 0.011225444340505097 0.03
1 0.793732460243218 0.1175 0.010289990645462987 0.02833333333333332
1 0.7862488306828812 0.13083333333333333 0.012160898035547207 0.03166666666666666
1 0.7993451824134705 0.175 0.015902712815715647 0.03666666666666665
1 0.8147801683816651 0.16999999999999998 0.013096351730589317 0.03666666666666665
1 0.7703461178671656 0.21916666666666668 0.017773620205799867 0.05499999999999999
1 0.7787652011225443 0.2891666666666667 0.021515434985968196 0.05833333333333335
1 0.7347988774555659 0.18083333333333335 0.015902712815715647 0.04166666666666666
1 0.7039289055191768 0.12916666666666668 0.014031805425631427 0.038333333333333344
1 0.6889616463985033 0.09833333333333333 0.012160898035547318 0.03
1 0.6641721234798877 0.12666666666666665 0.013096351730589317 0.03
1 0.6833489242282507 0.14500000000000002 0.014031805425631427 0.03666666666666665
1 0.6828811973807296 0.18166666666666664 0.018709073900841866 0.04666666666666666
1 0.6983161833489242 0.22083333333333333 0.021515434985968196 0.04833333333333334
1 0.7072029934518241 0.28583333333333333 0.024321796071094415 0.05166666666666664
1 0.6585594013096352 0.24916666666666665 0.020579981290926086 0.04500000000000001
1 0.6608980355472405 0.205 0.019644527595883976 0.043333333333333335
1 0.6440598690364827 0.175 0.015902712815715647 0.04000000000000001
1 0.6702525724976613 0.3308333333333333 0.028999064546304965 0.0616666666666667
1 0.608980355472404 0.1975 0.018709073900841866 0.04166666666666666
1 0.5930776426566885 0.2516666666666667 0.020579981290926197 0.04666666666666669
1 0.568755846585594 0.24 0.016838166510757646 0.043333333333333335
1 0.5603367633302152 0.2925 0.020579981290926086 0.05499999999999999
1 0.608044901777362 0.325 0.028063610851262855 0.05666666666666664
1 0.6234798877455566 0.09583333333333333 0.012160898035547207 0.028333333333333335
1 0.63844714686623 0.09916666666666667 0.010289990645463098 0.021666666666666667
1 0.6398503274087932 0.1225 0.009354536950420989 0.02833333333333332
1 0.6108512628624883 0.11583333333333333 0.011225444340505208 0.024999999999999994
1 0.6206735266604303 0.1375 0.014031805425631427 0.035
1 0.5921421889616464 0.0975 0.011225444340505097 0.028333333333333335
1 0.5608044901777363 0.10500000000000001 0.010289990645463098 0.02333333333333333
1 0.5846585594013096 0.15416666666666667 0.014967259120673537 0.031666666666666676
1 0.5481758652946679 0.15083333333333332 0.013096351730589317 0.035
1 0.5252572497661365 0.13666666666666666 0.014031805425631427 0.03
1 0.45088868101029 0.14083333333333334 0.009354536950420933 0.021666666666666667
1 0.4541627689429373 0.16416666666666668 0.010289990645463043 0.024999999999999994
1 0.47895229186155286 0.15999999999999998 0.011225444340505153 0.03
1 0.4752104770813845 0.1433333333333333 0.009354536950420989 0.01999999999999999
1 0.5126286248830683 0.16833333333333333 0.014967259120673537 0.026666666666666672
1 0.538821328344247 0.19166666666666665 0.014967259120673537 0.03666666666666665
1 0.4859681945743686 0.19583333333333333 0.014031805425631427 0.031666666666666676
1 0.46492048643592143 0.18916666666666665 0.013096351730589317 0.03166666666666665
1 0.4092609915809168 0.16 0.008419083255378823 0.020000000000000018
1 0.4303086997193639 0.16666666666666669 0.011225444340505153 0.03
1 0.38868101028999064 0.195 0.012160898035547207 0.026666666666666672
1 0.4186155285313377 0.215 0.015902712815715647 0.033333333333333326
1 0.44855004677268473 0.21583333333333332 0.01590271281571559 0.04166666666666666
1 0.4354536950420954 0.2725 0.021515434985968196 0.051666666666666666
1 0.46959775491113187 0.24416666666666667 0.01870907390084192 0.044999999999999984
1 0.48409728718428435 0.29083333333333333 0.01964452759588403 0.05166666666666664
1 0.34190832553788586 0.21666666666666667 0.015902712815715647 0.033333333333333326
1 0.3545369504209541 0.22916666666666669 0.0168381665107577 0.024999999999999994
1 0.36856875584658555 0.24583333333333335 0.01870907390084192 0.03166666666666665
1 0.3423760523854069 0.2791666666666667 0.014967259120673537 0.03833333333333333
1 0.3283442469597755 0.26416666666666666 0.016838166510757757 0.04166666666666663
1 0.3105706267539757 0.23916666666666664 0.013096351730589317 0.024999999999999994
1 0.3030869971936389 0.25416666666666665 0.016838166510757757 0.031666666666666676
1 0.25724976613657624 0.2816666666666667 0.013096351730589317 0.023333333333333317
1 0.2792329279700655 0.27249999999999996 0.014031805425631427 0.024999999999999967
1 0.05940130963517306 0.5116666666666666 0.04583723105706268 0.10666666666666663
1 0.8129092609915809 0.13333333333333333 0.009354536950420989 0.020000000000000004
