1 0.15 0.3642241379310345 0.07058823529411766 0.125
1 0.2485294117647059 0.44396551724137934 0.06764705882352942 0.12068965517241376
1 0.33235294117647063 0.5581896551724138 0.07058823529411767 0.125
1 0.41911764705882354 0.4525862068965517 0.055882352941176494 0.09482758620689657
1 0.3838235294117647 0.33405172413793105 0.05588235294117644 0.1077586206896552
1 0.4911764705882353 0.7392241379310345 0.08235294117647057 0.14224137931034475
1 0.5426470588235295 0.5495689655172413 0.07352941176470595 0.12499999999999994
1 0.538235294117647 0.3900862068965517 0.05294117647058827 0.1077586206896552
1 0.5794117647058823 0.3168103448275862 0.05882352941176461 0.11637931034482757
1 0.6235294117647059 0.5366379310344828 0.07058823529411762 0.1077586206896552
1 0.6558823529411765 0.625 0.05882352941176472 0.11206896551724133
1 0.6352941176470588 0.9331896551724138 0.09999999999999998 0.13362068965517238
1 0.7279411764705883 0.8038793103448276 0.0911764705882353 0.15086206896551724
1 0.8323529411764705 0.853448275862069 0.08235294117647063 0.14655172413793105
1 0.7661764705882352 0.6099137931034483 0.0676470588235295 0.125
1 0.7220588235294118 0.5107758620689655 0.061764705882352944 0.125
1 0.6852941176470588 0.41379310344827586 0.05294117647058827 0.10344827586206895
1 0.763235294117647 0.33405172413793105 0.04999999999999993 0.09913793103448276
