0 0.3003125 0.47291666666666665 0.019374999999999976 0.030833333333333324
0 0.26531249999999995 0.5020833333333333 0.023125000000000007 0.03916666666666663
0 0.17781249999999998 0.35458333333333336 0.02687500000000001 0.03583333333333333
0 0.19624999999999998 0.27125 0.01999999999999999 0.03749999999999998
0 0.25468749999999996 0.41875 0.02437499999999998 0.03916666666666668
0 0.2478125 0.37916666666666665 0.021874999999999978 0.02999999999999997
0 0.4146875 0.5874999999999999 0.021874999999999978 0.03500000000000003
0 0.808125 0.3725 0.018750000000000044 0.025000000000000022
0 0.811875 0.3204166666666667 0.020000000000000018 0.02583333333333332
0 0.75875 0.2866666666666667 0.018749999999999933 0.025000000000000022
0 0.86875 0.6591666666666667 0.022499999999999964 0.02833333333333332
0 0.5203125 0.6475 0.020625000000000004 0.03166666666666662
0 0.1496875 0.21666666666666667 0.021874999999999978 0.033333333333333326
0 0.17093750000000002 0.1825 0.021875000000000006 0.03
0 0.1575 0.15583333333333332 0.020000000000000018 0.026666666666666672
0 0.135625 0.12041666666666667 0.020000000000000018 0.03416666666666668
0 0.1271875 0.09875 0.018125000000000016 0.02416666666666667
0 0.6071875 0.18333333333333335 0.014375000000000027 0.023333333333333345
0 0.49906249999999996 0.49291666666666667 0.016874999999999973 0.02916666666666662
1 0.4446875 0.32208333333333333 0.011875000000000024 0.02083333333333337
1 0.4325 0.36375 0.01749999999999996 0.02583333333333332
1 0.46187500000000004 0.3783333333333333 0.012500000000000011 0.023333333333333373
1 0.4684375 0.405 0.014375000000000027 0.021666666666666667
1 0.4190625 0.4358333333333333 0.015625 0.021666666666666667
1 0.40937500000000004 0.4041666666666667 0.013749999999999984 0.021666666666666667
