1 0.10416666666666666 0.56125 0.10833333333333332 0.22249999999999998
1 0.19166666666666665 0.39625 0.05666666666666667 0.08750000000000002
1 0.2891666666666667 0.48 0.10166666666666668 0.17999999999999994
1 0.2725 0.7075 0.13833333333333334 0.22499999999999998
1 0.3491666666666667 0.455 0.06833333333333336 0.15000000000000002
1 0.49416666666666664 0.25125 0.13833333333333336 0.2625
1 0.725 0.3875 0.06666666666666665 0.11499999999999999
1 0.8366666666666667 0.575 0.12 0.22499999999999998
1 0.7783333333333333 0.54125 0.10999999999999999 0.18249999999999994
1 0.89 0.50125 0.09333333333333327 0.16250000000000003
1 0.9491666666666667 0.4175 0.07166666666666666 0.12
