1 0.11875000000000001 0.4683333333333333 0.04250000000000001 0.05666666666666664
1 0.1825 0.5 0.04000000000000001 0.06000000000000005
1 0.22999999999999998 0.5166666666666666 0.035 0.053333333333333344
1 0.22625 0.43666666666666665 0.0325 0.06
1 0.26625 0.4983333333333333 0.04249999999999998 0.05666666666666664
1 0.29875 0.5433333333333333 0.03749999999999998 0.06666666666666665
1 0.2925 0.44999999999999996 0.024999999999999967 0.03999999999999998
1 0.36 0.45166666666666666 0.030000000000000027 0.04999999999999999
1 0.35250000000000004 0.52 0.034999999999999976 0.040000000000000036
1 0.3425 0.585 0.03999999999999998 0.06333333333333335
1 0.395 0.575 0.034999999999999976 0.04999999999999993
1 0.39249999999999996 0.5083333333333333 0.02999999999999997 0.04999999999999999
1 0.41500000000000004 0.43333333333333335 0.02999999999999997 0.053333333333333344
1 0.43 0.525 0.030000000000000027 0.050000000000000044
1 0.45375 0.5966666666666667 0.03749999999999998 0.06666666666666665
1 0.4825 0.5549999999999999 0.039999999999999925 0.056666666666666754
1 0.51 0.475 0.034999999999999976 0.05666666666666664
1 0.485 0.4116666666666667 0.030000000000000027 0.06333333333333335
1 0.5562499999999999 0.44499999999999995 0.02749999999999997 0.04999999999999999
1 0.54875 0.545 0.04249999999999998 0.05666666666666664
1 0.5575 0.6583333333333333 0.040000000000000036 0.050000000000000044
1 0.66625 0.5616666666666668 0.03249999999999997 0.043333333333333335
1 0.64375 0.6033333333333333 0.03749999999999998 0.053333333333333344
1 0.7124999999999999 0.595 0.03500000000000003 0.05666666666666664
1 0.81625 0.5916666666666667 0.04249999999999998 0.05666666666666664
1 0.77625 0.4783333333333334 0.03249999999999997 0.0566666666666667
1 0.8200000000000001 0.44333333333333336 0.039999999999999925 0.04666666666666669
1 0.69875 0.44333333333333336 0.03249999999999997 0.04666666666666669
1 0.67375 0.49 0.03249999999999997 0.06
1 0.6275 0.46166666666666667 0.029999999999999916 0.05666666666666664
1 0.60875 0.4916666666666667 0.03249999999999997 0.0566666666666667
1 0.5874999999999999 0.43833333333333335 0.025000000000000022 0.043333333333333335
