1 0.053538175046554934 0.4033333333333333 0.03817504655493483 0.07333333333333336
1 0.25791433891992555 0.2825 0.02234636871508383 0.038333333333333386
1 0.28957169459962756 0.26333333333333336 0.020484171322160183 0.033333333333333354
1 0.3026070763500931 0.2583333333333333 0.020484171322160127 0.04666666666666669
1 0.31331471135940414 0.28 0.015828677839851035 0.02999999999999997
1 0.3212290502793296 0.2225 0.018621973929236535 0.03833333333333333
1 0.34916201117318435 0.21833333333333332 0.016759776536312887 0.04000000000000001
1 0.3654562383612663 0.22499999999999998 0.015828677839851035 0.03
1 0.3682495344506518 0.20916666666666667 0.015828677839851035 0.02833333333333332
1 0.3756983240223464 0.2583333333333333 0.01955307262569833 0.03999999999999998
1 0.38221601489757917 0.2 0.017690875232774628 0.03666666666666665
1 0.4129422718808194 0.22416666666666668 0.017690875232774683 0.03833333333333336
1 0.4334264432029795 0.26416666666666666 0.02141527001862198 0.04500000000000001
1 0.4427374301675978 0.22083333333333333 0.01955307262569833 0.04166666666666666
1 0.4408752327746741 0.19166666666666665 0.017690875232774683 0.03666666666666665
1 0.4199255121042831 0.18583333333333335 0.01675977653631283 0.02833333333333335
1 0.41527001862197394 0.16916666666666666 0.016759776536312887 0.02833333333333332
1 0.4473929236499069 0.15 0.013966480446927387 0.026666666666666672
1 0.4539106145251397 0.16666666666666666 0.01210428305400374 0.026666666666666672
1 0.46694599627560524 0.19333333333333336 0.013966480446927387 0.03
1 0.4762569832402235 0.16166666666666668 0.013966480446927387 0.03
1 0.47113594040968343 0.1433333333333333 0.011173184357541888 0.01999999999999999
1 0.4855679702048417 0.135 0.012104283054003684 0.03
1 0.50512104283054 0.16166666666666668 0.01582867783985109 0.03666666666666665
1 0.4972067039106145 0.19 0.018621973929236535 0.03666666666666668
1 0.5046554934823091 0.22166666666666668 0.02793296089385472 0.043333333333333335
1 0.5339851024208566 0.20333333333333334 0.02141527001862198 0.03666666666666668
1 0.5162942271880819 0.13166666666666668 0.013966480446927276 0.03333333333333334
1 0.5325884543761639 0.1375 0.016759776536312776 0.03166666666666665
1 0.5572625698324023 0.11 0.01582867783985098 0.03
1 0.5526070763500931 0.15333333333333332 0.017690875232774683 0.03666666666666665
1 0.568901303538175 0.16499999999999998 0.016759776536312776 0.04000000000000001
1 0.5814711359404097 0.14833333333333332 0.01582867783985109 0.033333333333333354
1 0.5870577281191807 0.12083333333333335 0.012104283054003684 0.028333333333333335
1 0.5968342644320298 0.09833333333333333 0.013035381750465591 0.026666666666666658
1 0.6163873370577282 0.10250000000000001 0.011173184357541888 0.03166666666666666
1 0.6210428305400373 0.13916666666666666 0.014897579143389184 0.035
1 0.6391992551210428 0.1175 0.013966480446927387 0.02833333333333332
1 0.6499068901303539 0.095 0.014897579143389184 0.033333333333333326
1 0.6764432029795158 0.11083333333333334 0.013966480446927387 0.028333333333333335
1 0.6983240223463687 0.09833333333333333 0.013035381750465591 0.03666666666666667
1 0.49208566108007445 0.2833333333333333 0.02513966480446922 0.053333333333333344
1 0.532122905027933 0.31000000000000005 0.030726256983240163 0.06
1 0.5623836126629422 0.2341666666666667 0.022346368715083775 0.04166666666666666
1 0.6061452513966481 0.25416666666666665 0.029795158286778478 0.04833333333333331
1 0.6080074487895717 0.3275 0.033519553072625774 0.06166666666666665
1 0.6797020484171322 0.32833333333333337 0.03165735567970196 0.0566666666666667
1 0.6587523277467411 0.2566666666666667 0.02327746741154557 0.04666666666666669
1 0.6550279329608939 0.20333333333333334 0.02141527001862198 0.043333333333333335
1 0.6270949720670391 0.185 0.02141527001862198 0.043333333333333335
1 0.6620111731843575 0.16583333333333333 0.014897579143389184 0.03833333333333333
1 0.6848230912476723 0.1375 0.01582867783985109 0.035
1 0.7039106145251397 0.1375 0.01862197392923648 0.038333333333333344
1 0.696927374301676 0.17916666666666664 0.017690875232774683 0.035
1 0.6955307262569832 0.2225 0.022346368715083775 0.04833333333333334
1 0.7243947858472998 0.295 0.035381750465549366 0.05666666666666664
1 0.7560521415270018 0.21916666666666668 0.022346368715083775 0.04833333333333334
1 0.7406890130353817 0.18083333333333335 0.017690875232774683 0.04500000000000001
1 0.7257914338919925 0.15 0.017690875232774683 0.03666666666666668
1 0.7332402234636871 0.12333333333333332 0.017690875232774683 0.026666666666666658
1 0.7434823091247673 0.14 0.013966480446927387 0.03
1 0.7495344506517692 0.105 0.011173184357541888 0.026666666666666672
1 0.7690875232774674 0.13 0.016759776536312887 0.03666666666666668
1 0.7797951582867784 0.11083333333333334 0.013966480446927387 0.031666666666666676
1 0.7965549348230913 0.125 0.012104283054003684 0.030000000000000013
1 0.7946927374301676 0.17666666666666667 0.017690875232774683 0.03999999999999998
1 0.8123836126629422 0.1625 0.01582867783985098 0.031666666666666676
1 0.8151769087523277 0.12416666666666668 0.013966480446927387 0.028333333333333335
1 0.8272811918063314 0.13916666666666666 0.01582867783985098 0.03166666666666666
1 0.8440409683426443 0.18833333333333332 0.019553072625698276 0.043333333333333335
1 0.8580074487895717 0.15666666666666668 0.02141527001862198 0.043333333333333335
1 0.8659217877094971 0.12083333333333332 0.016759776536312887 0.03166666666666666
1 0.8910614525139665 0.12416666666666668 0.014897579143389184 0.03499999999999999
1 0.888268156424581 0.16 0.013035381750465591 0.033333333333333326
1 0.8868715083798883 0.1925 0.017690875232774683 0.044999999999999984
1 0.8654562383612663 0.21083333333333334 0.017690875232774683 0.03833333333333333
1 0.808659217877095 0.24833333333333335 0.02141527001862198 0.053333333333333344
1 0.7825884543761639 0.2941666666666667 0.025139664804469275 0.05833333333333329
1 0.9162011173184358 0.27666666666666667 0.022346368715083775 0.050000000000000044
1 0.9213221601489758 0.1975 0.017690875232774683 0.03833333333333333
1 0.9264432029795158 0.16999999999999998 0.01303538175046548 0.026666666666666644
1 0.9278398510242085 0.1525 0.01024208566107998 0.02833333333333332
1 0.7541899441340782 0.16583333333333333 0.016759776536312887 0.03833333333333333
