1 0.01956521739130435 0.26811594202898553 0.034782608695652174 0.12318840579710147
1 0.04782608695652174 0.23731884057971014 0.060869565217391314 0.09782608695652173
1 0.12934782608695652 0.2807971014492754 0.06304347826086955 0.11231884057971014
1 0.23152173913043478 0.48913043478260865 0.11521739130434783 0.21014492753623187
1 0.4315217391304348 0.5126811594202899 0.12391304347826088 0.19927536231884063
1 0.4326086956521739 0.2681159420289855 0.07391304347826089 0.13768115942028986
1 0.3978260869565217 0.24094202898550723 0.05652173913043479 0.11231884057971014
1 0.6228260869565216 0.33333333333333337 0.08043478260869563 0.1449275362318841
1 0.6293478260869565 0.18115942028985507 0.050000000000000044 0.09420289855072461
1 0.7967391304347826 0.19021739130434784 0.050000000000000044 0.08333333333333334
