1 0.03411214953271028 0.39933993399339934 0.02710280373831776 0.0726072607260726
1 0.26635514018691586 0.264026402640264 0.014953271028037396 0.033003300330033014
1 0.28971962616822433 0.2706270627062706 0.02056074766355137 0.0363036303630363
1 0.31355140186915886 0.28712871287128716 0.01962616822429908 0.039603960396039584
1 0.32570093457943927 0.25165016501650167 0.017757009345794383 0.04125412541254128
1 0.31542056074766356 0.23514851485148514 0.014018691588785048 0.031353135313531344
1 0.3518691588785047 0.2764026402640264 0.021495327102803774 0.04455445544554454
1 0.35373831775700937 0.23102310231023102 0.015887850467289744 0.033003300330033014
1 0.41028037383177574 0.2920792079207921 0.022429906542056066 0.04950495049504949
1 0.42149532710280374 0.2277227722772277 0.01869158878504673 0.03960396039603961
1 0.37990654205607477 0.22854785478547857 0.017757009345794383 0.03135313531353137
1 0.3808411214953271 0.2145214521452145 0.014018691588785048 0.026402640264026417
1 0.3901869158878505 0.19966996699669964 0.014018691588785048 0.0297029702970297
1 0.46962616822429903 0.23432343234323433 0.019626168224299023 0.03960396039603964
1 0.45514018691588787 0.22277227722772278 0.016822429906542036 0.0363036303630363
1 0.43411214953271027 0.183993399339934 0.015887850467289744 0.02805280528052806
1 0.44065420560747665 0.20462046204620463 0.017757009345794383 0.033003300330033014
1 0.45887850467289715 0.17656765676567657 0.014953271028037396 0.02970297029702973
1 0.46682242990654205 0.20297029702970298 0.015887850467289688 0.033003300330032986
1 0.505607476635514 0.20214521452145212 0.01682242990654198 0.034653465346534656
1 0.48364485981308414 0.17161716171617164 0.014018691588785048 0.0297029702970297
1 0.4766355140186916 0.1551155115511551 0.013084112149532756 0.023102310231023104
1 0.491588785046729 0.13613861386138615 0.01121495327102806 0.024752475247524747
1 0.5116822429906542 0.1674917491749175 0.014018691588785104 0.02805280528052806
1 0.5415887850467289 0.16914191419141913 0.014018691588785104 0.02805280528052806
1 0.5495327102803739 0.20132013201320131 0.01869158878504673 0.0363036303630363
1 0.5686915887850468 0.1716171617161716 0.017757009345794383 0.0363036303630363
1 0.5341121495327104 0.1410891089108911 0.014018691588785104 0.02805280528052803
1 0.558411214953271 0.1542904290429043 0.014018691588785104 0.031353135313531344
1 0.5663551401869159 0.13861386138613863 0.013084112149532645 0.023102310231023104
1 0.5724299065420562 0.11716171617161716 0.010280373831775713 0.023102310231023104
1 0.591588785046729 0.15676567656765678 0.013084112149532645 0.026402640264026417
1 0.6154205607476635 0.15924092409240925 0.0158878504672898 0.03135313531353137
1 0.5887850467289719 0.1377887788778878 0.01121495327102806 0.024752475247524774
1 0.5939252336448597 0.11056105610561057 0.010280373831775713 0.023102310231023104
1 0.6154205607476635 0.1419141914191419 0.012149532710280408 0.023102310231023104
1 0.6140186915887851 0.12211221122112212 0.013084112149532756 0.023102310231023104
1 0.6294392523364486 0.10396039603960397 0.008411214953271129 0.019801980198019806
1 0.6439252336448598 0.10891089108910892 0.01121495327102806 0.026402640264026403
1 0.6546728971962616 0.11798679867986797 0.012149532710280408 0.028052805280528045
1 0.6728971962616823 0.12623762376237624 0.013084112149532756 0.02805280528052806
1 0.7051401869158879 0.10478547854785478 0.012149532710280297 0.03135313531353136
1 0.6037383177570094 0.2103960396039604 0.020560747663551426 0.041254125412541254
1 0.5738317757009346 0.24834983498349833 0.020560747663551426 0.041254125412541226
1 0.49719626168224296 0.2962046204620462 0.02429906542056076 0.044554455445544594
1 0.5504672897196261 0.3044554455445545 0.024299065420560706 0.05445544554455445
1 0.6135514018691588 0.25742574257425743 0.025233644859813054 0.049504950495049466
1 0.611214953271028 0.3308580858085809 0.03364485981308407 0.05775577557755779
1 0.6658878504672897 0.25742574257425743 0.025233644859813165 0.04620462046204621
1 0.6822429906542056 0.3432343234323432 0.029906542056074792 0.06600660066006603
1 0.7126168224299065 0.29125412541254125 0.02710280373831775 0.054455445544554504
1 0.6658878504672897 0.21699669966996699 0.01962616822429908 0.04785478547854785
1 0.7121495327102804 0.22194719471947194 0.020560747663551426 0.051155115511551164
1 0.6593457943925234 0.18234323432343236 0.017757009345794383 0.03795379537953794
1 0.6897196261682244 0.15924092409240925 0.014953271028037451 0.041254125412541254
1 0.7098130841121495 0.1452145214521452 0.014018691588785104 0.033003300330032986
1 0.705607476635514 0.18564356435643564 0.01869158878504673 0.03795379537953797
1 0.7425233644859813 0.12376237623762376 0.014018691588784993 0.033003300330033014
1 0.7504672897196262 0.11551155115511552 0.01121495327102795 0.023102310231023118
1 0.75 0.1452145214521452 0.012149532710280297 0.033003300330032986
1 0.7369158878504674 0.16254125412541254 0.014018691588785104 0.031353135313531344
1 0.7532710280373832 0.18894389438943893 0.016822429906542036 0.03795379537953794
1 0.7612149532710281 0.22854785478547857 0.01962616822429908 0.04785478547854785
1 0.7817757009345794 0.2904290429042904 0.02336448598130836 0.052805280528052834
1 0.7733644859813085 0.17409240924092412 0.0158878504672898 0.034653465346534656
1 0.7710280373831775 0.13861386138613863 0.013084112149532756 0.026402640264026417
1 0.7869158878504673 0.12128712871287128 0.01121495327102795 0.02475247524752476
1 0.8070093457943925 0.14768976897689767 0.010280373831775713 0.02805280528052803
1 0.8233644859813084 0.12871287128712872 0.01121495327102795 0.026402640264026403
1 0.8308411214953271 0.14356435643564358 0.013084112149532756 0.033003300330032986
1 0.8177570093457944 0.17409240924092412 0.013084112149532756 0.034653465346534656
1 0.8018691588785047 0.19636963696369636 0.014953271028037451 0.0297029702970297
1 0.8495327102803738 0.1897689768976898 0.01495327102803734 0.03960396039603961
1 0.8551401869158879 0.15759075907590758 0.013084112149532756 0.034653465346534656
1 0.8686915887850468 0.15924092409240925 0.012149532710280408 0.02805280528052803
1 0.8733644859813083 0.13943894389438943 0.012149532710280408 0.02805280528052806
1 0.9014018691588785 0.13366336633663367 0.012149532710280408 0.026402640264026403
1 0.8948598130841121 0.1782178217821782 0.012149532710280408 0.033003300330033014
1 0.8827102803738318 0.19966996699669967 0.015887850467289688 0.0363036303630363
1 0.8691588785046729 0.22194719471947194 0.016822429906542036 0.03795379537953794
1 0.9257009345794392 0.18481848184818483 0.015887850467289688 0.03630363036303633
1 0.922429906542056 0.27970297029702973 0.020560747663551426 0.04785478547854788
1 0.9373831775700934 0.16336633663366337 0.013084112149532756 0.033003300330033014
