1 0.08210180623973728 0.34610630407911 0.09688013136288999 0.18541409147095178
1 0.02832512315270936 0.38442521631644005 0.046798029556650245 0.09394313967861556
1 0.1481937602627258 0.40234857849196537 0.036945812807881756 0.07787391841779973
1 0.1781609195402299 0.4110012360939431 0.0394088669950739 0.07787391841779973
1 0.22085385878489328 0.3936959208899876 0.03612479474548441 0.07292954264524104
1 0.2742200328407225 0.4017305315203955 0.039408866995073843 0.08405438813349814
1 0.2532840722495895 0.3967861557478368 0.03037766830870281 0.04697156983930778
1 0.2959770114942529 0.39184177997527814 0.023809523809523836 0.04944375772558712
1 0.3390804597701149 0.4196538936959209 0.03119868637110018 0.05315203955500619
1 0.32799671592775037 0.4011124845488257 0.02380952380952378 0.04326328800988877
1 0.36822660098522164 0.41409147095179233 0.027093596059113267 0.05191594561186652
1 0.3944991789819376 0.4110012360939431 0.027093596059113323 0.05067985166872685
1 0.41420361247947457 0.39184177997527814 0.020525451559934293 0.042027194066749096
1 0.43431855500821015 0.392459826946848 0.02627257799671595 0.058096415327564876
1 0.46182266009852213 0.40234857849196537 0.02873563218390801 0.05315203955500619
1 0.4819376026272578 0.3714462299134734 0.027914614121510695 0.04820766378244745
1 0.49425287356321845 0.4054388133498146 0.02627257799671595 0.04944375772558718
1 0.5119047619047619 0.41718170580964153 0.027093596059113323 0.053152039555006136
1 0.4905582922824302 0.45673671199011123 0.03858784893267653 0.0679851668726823
1 0.5328407224958949 0.40914709517923364 0.024630541871921152 0.051915945611866465
1 0.5488505747126438 0.4221260815822002 0.02052545155993435 0.04326328800988871
1 0.5648604269293924 0.3899876390605686 0.03448275862068961 0.05809641532756493
1 0.541871921182266 0.3825710754017305 0.021346469622331776 0.03831891223733003
1 0.569376026272578 0.45673671199011123 0.04022988505747116 0.0679851668726823
1 0.6009852216748768 0.41285537700865266 0.03284072249589498 0.06180469715698389
1 0.6428571428571428 0.4511742892459827 0.04105090311986859 0.07169344870210137
1 0.6174055829228243 0.3862793572311496 0.02298850574712641 0.04573547589616811
1 0.638752052545156 0.38875154511742893 0.02298850574712641 0.050679851668726794
1 0.6617405582922824 0.3794808405438813 0.029556650246305383 0.06674907292954263
1 0.6822660098522167 0.40296662546353523 0.02298850574712641 0.04449938195302844
1 0.7114121510673235 0.4085290482076638 0.03201970443349755 0.06304079110012362
1 0.7011494252873562 0.36711990111248455 0.02791461412151064 0.04449938195302838
1 0.7504105090311987 0.44561186650185414 0.039408866995073843 0.08034610630407912
1 0.7483579638752053 0.3906056860321384 0.03530377668308704 0.061804697156983945
1 0.7697044334975369 0.3831891223733004 0.023809523809523836 0.06922126081582203
1 0.8325123152709359 0.3516687268232386 0.05090311986863716 0.10012360939431397
1 0.9154351395730707 0.37391841779975277 0.05747126436781602 0.10259579728059331
1 0.8587848932676518 0.3862793572311496 0.026272577996716007 0.058096415327564876
1 0.8160919540229885 0.3936959208899876 0.026272577996715896 0.055624227441285534
1 0.4051724137931034 0.5525339925834363 0.0451559934318555 0.07911001236093951
1 0.8226600985221675 0.7441285537700866 0.07060755336617408 0.12113720642768844
1 0.9392446633825944 0.7787391841779976 0.08538587848932677 0.14585908529048208
