1 0.07367149758454106 0.5126939351198871 0.037842190016103054 0.08603667136812415
1 0.21940418679549115 0.3617771509167842 0.020128824476650542 0.03244005641748943
1 0.26731078904991945 0.3469675599435825 0.020933977455716624 0.03385049365303244
1 0.2946859903381642 0.36459802538787023 0.020933977455716624 0.03808180535966149
1 0.3305152979066023 0.36459802538787023 0.023349436392914702 0.03526093088857546
1 0.286231884057971 0.30465444287729193 0.015297906602254385 0.02820874471086038
1 0.36030595813204513 0.3293370944992948 0.012077294685990336 0.021156558533145298
1 0.38486312399355876 0.344851904090268 0.02254428341384862 0.03244005641748943
1 0.35748792270531404 0.2940761636107193 0.01932367149758457 0.03526093088857546
1 0.4090177133655395 0.3455571227080395 0.014492753623188415 0.03385049365303244
1 0.4432367149758454 0.344851904090268 0.01529790660225444 0.03244005641748943
1 0.4057971014492754 0.30747531734837796 0.022544283413848676 0.025387870239774346
1 0.40499194847020936 0.27997179125528915 0.016103059581320467 0.01833568406205921
1 0.39492753623188404 0.2595204513399154 0.013687600644122389 0.022566995768688314
1 0.44202898550724634 0.310296191819464 0.01932367149758457 0.03102961918194641
1 0.4468599033816425 0.268688293370945 0.019323671497584516 0.029619181946403395
1 0.42713365539452497 0.26304654442877295 0.021739130434782594 0.03244005641748943
1 0.49879227053140096 0.3942172073342736 0.023349436392914702 0.049365303244005676
1 0.5462962962962963 0.40832157968970384 0.0249597423510467 0.04654442877291959
1 0.536231884057971 0.3547249647390691 0.024154589371980673 0.03808180535966149
1 0.501610305958132 0.33004231311706633 0.02737520128824472 0.04513399153737657
1 0.4593397745571659 0.31382228490832154 0.016908212560386493 0.03808180535966149
1 0.5024154589371981 0.26445698166431597 0.016103059581320522 0.029619181946403395
1 0.5797101449275363 0.29055007052186177 0.01449275362318847 0.02820874471086038
1 0.5950080515297906 0.33074753173483784 0.017713365539452464 0.03808180535966149
1 0.642914653784219 0.3370944992947814 0.020128824476650542 0.04231311706629054
1 0.6908212560386473 0.3427362482369535 0.019323671497584516 0.04231311706629054
1 0.6513687600644122 0.3801128349788434 0.02093397745571668 0.03526093088857546
1 0.6139291465378423 0.43582510578279265 0.02657004830917875 0.04231311706629054
1 0.6086956521739131 0.37517630465444285 0.02254428341384862 0.04513399153737657
1 0.532608695652174 0.2559943582510578 0.008856682769726287 0.021156558533145242
1 0.5189210950080515 0.29901269393511987 0.012077294685990392 0.02820874471086038
1 0.5193236714975845 0.2376586741889986 0.012882447665056418 0.023977433004231302
1 0.46739130434782605 0.2447108603667137 0.012077294685990336 0.023977433004231302
1 0.5471014492753623 0.23342736248236953 0.012077294685990392 0.026798307475317362
1 0.6034621578099839 0.23201692524682652 0.012077294685990392 0.026798307475317362
1 0.6078904991948471 0.20874471086036672 0.012882447665056307 0.019746121297602254
1 0.5958132045088567 0.2581100141043724 0.012882447665056418 0.022566995768688314
1 0.6268115942028986 0.2559943582510579 0.013687600644122444 0.026798307475317362
1 0.5748792270531401 0.2461212976022567 0.011272141706924366 0.02115655853314527
1 0.6698872785829307 0.2376586741889986 0.008051529790660261 0.023977433004231302
1 0.682367149758454 0.2306064880112835 0.010466988727858229 0.021156558533145298
1 0.6747181964573269 0.268688293370945 0.012882447665056418 0.03244005641748943
1 0.7000805152979066 0.2595204513399154 0.012077294685990392 0.02820874471086038
1 0.7367149758454106 0.22849083215796898 0.009661835748792202 0.02820874471086038
1 0.7717391304347826 0.24400564174894218 0.01046698872785834 0.02538787023977432
1 0.8031400966183575 0.25176304654442877 0.013687600644122444 0.023977433004231302
1 0.8309178743961353 0.2651622002820875 0.009661835748792313 0.03102961918194641
1 0.8667471819645732 0.26445698166431597 0.007246376811594235 0.03244005641748943
1 0.8446054750402576 0.2820874471086037 0.011272141706924366 0.03102961918194641
1 0.856682769726248 0.2834978843441467 0.009661835748792313 0.031029619181946355
1 0.8844605475040257 0.28772919605077574 0.013687600644122333 0.042313117066290595
1 0.8715780998389694 0.3279266572637518 0.01690821256038655 0.03526093088857546
1 0.8381642512077294 0.3180535966149506 0.01610305958132041 0.029619181946403395
1 0.8095813204508857 0.30606488011283495 0.015297906602254385 0.025387870239774346
1 0.7564412238325282 0.28984485190409026 0.015297906602254385 0.03244005641748943
1 0.7185990338164252 0.29760225669957685 0.015297906602254385 0.03102961918194641
1 0.8152173913043479 0.3455571227080395 0.015297906602254385 0.03949224259520451
1 0.7995169082125604 0.3723554301833568 0.019323671497584627 0.04231311706629054
1 0.8474235104669887 0.38363892806770095 0.015297906602254496 0.03949224259520451
1 0.8832528180354267 0.4033850493653033 0.017713365539452464 0.036671368124118475
1 0.8365539452495974 0.4386459802538787 0.017713365539452464 0.04231311706629054
1 0.7665056360708535 0.44569816643159377 0.017713365539452464 0.05359661495063467
1 0.7222222222222222 0.39562764456981664 0.016103059581320522 0.046544428772919644
1 0.6578099838969405 0.4407616361071932 0.02898550724637683 0.04654442877291959
1 0.6988727858293076 0.5416078984485191 0.03220611916264082 0.07334273624823695
1 0.818840579710145 0.5260930888575459 0.02898550724637683 0.05641748942172076
1 0.9174718196457328 0.3540197461212976 0.01207729468599028 0.03385049365303244
1 0.9259259259259259 0.2757404795486601 0.009661835748792313 0.02397743300423133
1 0.895330112721417 0.4619181946403385 0.019323671497584516 0.046544428772919644
1 0.8486312399355878 0.3511988716502116 0.02254428341384862 0.02820874471086038
1 0.6276167471819645 0.3025387870239774 0.021739130434782594 0.03808180535966149
1 0.7302737520128825 0.2743300423131171 0.012882447665056418 0.03526093088857546
1 0.7278582930756844 0.24964739069111425 0.01449275362318847 0.033850493653032415
1 0.7669082125603865 0.2665726375176305 0.01207729468599028 0.04231311706629054
1 0.6300322061191626 0.23977433004231313 0.015297906602254385 0.031029619181946383
1 0.573268921095008 0.22778561354019744 0.017713365539452575 0.023977433004231302
1 0.6590177133655395 0.22708039492242596 0.010466988727858229 0.02820874471086038
1 0.8111916264090178 0.2820874471086037 0.015297906602254385 0.03102961918194641
