1 0.04105571847507332 0.4420821114369502 0.03519061583577713 0.06304985337243402
1 0.01710654936461388 0.4714076246334311 0.030303030303030304 0.09824046920821111
1 0.11485826001955035 0.46994134897360706 0.05962854349951126 0.1041055718475073
1 0.1402737047898338 0.45014662756598245 0.03421309872922776 0.07331378299120234
1 0.23167155425219943 0.4589442815249267 0.033235581622678395 0.06744868035190615
1 0.27370478983382207 0.4413489736070382 0.03323558162267842 0.06158357771260997
1 0.3509286412512219 0.4545454545454546 0.046920821114369515 0.07331378299120234
1 0.3548387096774194 0.42155425219941345 0.021505376344086002 0.03958944281524929
1 0.5957966764418376 0.5432551319648093 0.0948191593352884 0.15395894428152496
1 0.7013685239491692 0.5542521994134897 0.12023460410557185 0.21114369501466274
1 0.8426197458455523 0.3467741935483871 0.04105571847507328 0.06598240469208211
1 0.9237536656891496 0.7734604105571847 0.15249266862170086 0.2565982404692082
