1 0.0284789644012945 0.5335097001763669 0.04789644012944984 0.15696649029982368
1 0.1912621359223301 0.42768959435626097 0.025242718446601947 0.07936507936507936
1 0.2051779935275081 0.4038800705467372 0.020711974110032366 0.07054673721340388
1 0.2663430420711974 0.5714285714285714 0.0407766990291262 0.10934744268077601
1 0.2802588996763754 0.47266313932980597 0.031067961165048508 0.08112874779541451
1 0.31618122977346275 0.4435626102292769 0.03042071197411006 0.06878306878306878
1 0.3271844660194175 0.3800705467372134 0.016181229773462813 0.054673721340388004
1 0.3702265372168285 0.36684303350970016 0.01294498381877024 0.0564373897707231
1 0.4508090614886731 0.373015873015873 0.018770226537216828 0.05114638447971781
1 0.4760517799352751 0.3977072310405644 0.018770226537216828 0.04409171075837742
1 0.48025889967637536 0.36860670194003525 0.015533980582524254 0.042328042328042326
1 0.5453074433656957 0.4567901234567901 0.020064724919093835 0.05291005291005291
1 0.5883495145631068 0.43562610229276894 0.018122977346278324 0.042328042328042326
1 0.5660194174757281 0.3915343915343915 0.014886731391585695 0.04585537918871252
1 0.5058252427184466 0.5978835978835979 0.033009708737864074 0.10229276895943562
1 0.3912621359223301 0.6675485008818343 0.03689320388349515 0.10405643738977066
1 0.41812297734627835 0.4955908289241623 0.024595469255663416 0.07054673721340393
1 0.8071197411003237 0.38271604938271603 0.022006472491909457 0.04938271604938271
