1 0.0755 0.5014992503748126 0.045000000000000005 0.07646176911544228
1 0.16099999999999998 0.492503748125937 0.04000000000000001 0.07646176911544228
1 0.22799999999999998 0.5089955022488756 0.038000000000000006 0.06146926536731634
1 0.261 0.5322338830584707 0.040000000000000036 0.06296851574212892
1 0.237 0.6206896551724138 0.04000000000000001 0.06296851574212892
1 0.33799999999999997 0.6334332833583209 0.03999999999999998 0.07046476761619191
1 0.303 0.5067466266866567 0.038000000000000034 0.06296851574212897
1 0.33499999999999996 0.514992503748126 0.03799999999999998 0.06446776611694155
1 0.41100000000000003 0.4985007496251874 0.02999999999999997 0.058470764617691184
1 0.4405 0.5164917541229386 0.029000000000000026 0.05547226386806592
1 0.48650000000000004 0.5232383808095952 0.03699999999999998 0.06296851574212892
1 0.45199999999999996 0.6154422788605697 0.03999999999999998 0.058470764617691184
1 0.4435 0.6964017991004499 0.03300000000000003 0.06746626686656676
1 0.5660000000000001 0.6206896551724137 0.04399999999999993 0.06896551724137934
1 0.5245 0.5209895052473763 0.027000000000000024 0.058470764617691184
1 0.5635 0.5074962518740629 0.026999999999999913 0.052473763118440764
1 0.6005 0.5232383808095953 0.031000000000000028 0.04797601199400303
1 0.632 0.4985007496251874 0.03600000000000003 0.06146926536731634
1 0.6739999999999999 0.5142428785607196 0.029999999999999916 0.059970014992503706
1 0.7035 0.527736131934033 0.031000000000000028 0.06596701649175413
1 0.6735 0.6341829085457271 0.04299999999999993 0.07196401799100449
1 0.75 0.5232383808095952 0.03200000000000003 0.06296851574212892
1 0.788 0.5119940029985007 0.03400000000000003 0.0644677661169415
1 0.868 0.5494752623688156 0.03400000000000003 0.06146926536731634
1 0.9265 0.5269865067466266 0.038999999999999924 0.07646176911544222
