1 0.10918544194107452 0.7161458333333334 0.08665511265164644 0.125
1 0.17504332755632582 0.6796875 0.051993067590987874 0.09375
1 0.1975736568457539 0.4765625 0.058925476603119586 0.109375
1 0.032062391681109186 0.7708333333333333 0.060658578856152515 0.16145833333333337
1 0.4168110918544194 0.7174479166666667 0.07798960138648181 0.12760416666666663
1 0.37954939341421146 0.6953125 0.04852686308492199 0.09375
1 0.3821490467937608 0.6419270833333334 0.036395147313691534 0.0546875
1 0.378682842287695 0.625 0.050259965337954904 0.08854166666666674
1 0.512998266897747 0.7786458333333334 0.10051993067590992 0.171875
1 0.5961871750433276 0.640625 0.03812824956672445 0.09375
1 0.6282495667244368 0.6484375 0.05372616984402079 0.09375
1 0.6594454072790294 0.6770833333333333 0.05025996533795496 0.09895833333333337
1 0.7036395147313692 0.7057291666666667 0.06239168110918547 0.11458333333333337
1 0.7313691507798961 0.6315104166666667 0.04159445407279028 0.08072916666666663
1 0.7677642980935875 0.7057291666666666 0.0762564991334489 0.140625
1 0.8310225303292894 0.7513020833333333 0.08145580589254764 0.17447916666666663
1 0.915944540727903 0.7760416666666667 0.11265164644714043 0.19270833333333337
1 0.966204506065858 0.6927083333333333 0.04679376083188902 0.09895833333333337
1 0.9263431542461005 0.6432291666666667 0.060658578856152556 0.11458333333333337
1 0.8526863084922011 0.6419270833333333 0.0554592720970537 0.09114583333333337
1 0.805892547660312 0.515625 0.045060658578856105 0.08333333333333331
