1 0.014062499999999999 0.48318385650224216 0.024999999999999998 0.05156950672645744
1 0.1140625 0.5325112107623318 0.037500000000000006 0.06502242152466364
1 0.1265625 0.47085201793721976 0.02500000000000001 0.035874439461883456
1 0.15468749999999998 0.476457399103139 0.024999999999999994 0.03811659192825112
1 0.15078125 0.452914798206278 0.02031250000000001 0.02242152466367714
1 0.13203125 0.4428251121076233 0.017187499999999994 0.024663677130044803
1 0.12109375 0.4394618834080718 0.01718750000000001 0.02242152466367714
1 0.11640625 0.4181614349775785 0.017187499999999994 0.02017937219730942
1 0.1328125 0.42152466367713004 0.012500000000000011 0.0179372197309417
1 0.15859374999999998 0.43273542600896864 0.017187499999999994 0.0179372197309417
1 0.16953125000000002 0.4383408071748879 0.014062500000000006 0.02017937219730942
1 0.1609375 0.42152466367713004 0.012499999999999983 0.0179372197309417
1 0.14687499999999998 0.42376681614349776 0.009374999999999994 0.0179372197309417
1 0.1890625 0.4405829596412556 0.01874999999999999 0.03363228699551568
1 0.2109375 0.5022421524663677 0.025000000000000022 0.04932735426008966
1 0.2390625 0.5134529147982063 0.037500000000000006 0.06726457399103142
1 0.21796875 0.47085201793721976 0.0234375 0.035874439461883456
1 0.225 0.4641255605381166 0.01874999999999999 0.03139013452914796
1 0.20859375000000002 0.4372197309417041 0.014062500000000006 0.02242152466367714
1 0.23515625 0.4405829596412556 0.017187499999999994 0.024663677130044803
1 0.22109375 0.42040358744394624 0.010937499999999989 0.02017937219730942
1 0.23203125000000002 0.42040358744394624 0.014062500000000006 0.02017937219730942
1 0.26171875 0.4282511210762332 0.014062499999999978 0.0179372197309417
1 0.25625 0.4495515695067265 0.01874999999999999 0.029147982062780298
1 0.29140625 0.4495515695067265 0.017187499999999967 0.02466367713004486
1 0.28125 0.4439461883408071 0.012499999999999956 0.02242152466367714
1 0.2828125 0.4147982062780269 0.012500000000000011 0.02242152466367714
1 0.30625 0.42376681614349776 0.012500000000000011 0.022421524663677084
1 0.296875 0.42376681614349776 0.009375000000000022 0.0179372197309417
1 0.290625 0.4181614349775785 0.009374999999999967 0.02017937219730942
1 0.3203125 0.4899103139013453 0.03125 0.056053811659192876
1 0.334375 0.45739910313901344 0.01874999999999999 0.026905829596412578
1 0.32265625 0.4372197309417041 0.014062500000000033 0.026905829596412578
1 0.3421875 0.4282511210762332 0.012500000000000011 0.02242152466367714
1 0.33203125 0.4192825112107623 0.0078125 0.0179372197309417
1 0.3234375 0.42040358744394624 0.009375000000000022 0.02017937219730942
1 0.35703125 0.48094170403587444 0.0234375 0.047085201793722
1 0.36250000000000004 0.4618834080717489 0.01874999999999999 0.0358744394618834
1 0.36328125 0.4372197309417041 0.017187500000000022 0.02242152466367714
1 0.36171875 0.42040358744394624 0.010937499999999989 0.01569506726457398
1 0.3703125 0.42376681614349776 0.006249999999999978 0.013452914798206317
1 0.378125 0.42488789237668156 0.009375000000000022 0.01569506726457398
1 0.37890625 0.43385650224215244 0.010937500000000044 0.02017937219730942
1 0.390625 0.44170403587443946 0.015625 0.026905829596412523
1 0.3921875 0.49439461883408076 0.02812500000000001 0.047085201793722
1 0.41953125 0.4798206278026906 0.0234375 0.04035874439461884
1 0.41640625 0.44843049327354256 0.017187499999999967 0.02242152466367714
1 0.4703125 0.5067264573991032 0.02812500000000001 0.04484304932735422
1 0.965625 0.4775784753363229 0.03437499999999993 0.0538116591928251
1 0.8773437500000001 0.4820627802690583 0.029687499999999978 0.04484304932735428
1 0.83515625 0.4506726457399103 0.0234375 0.03139013452914802
1 0.7953125 0.47533632286995514 0.018750000000000044 0.0358744394618834
1 0.78203125 0.44506726457399104 0.0234375 0.03363228699551568
1 0.76171875 0.4820627802690583 0.020312499999999956 0.04035874439461884
1 0.7265625 0.4730941704035874 0.02499999999999991 0.04035874439461884
1 0.728125 0.44618834080717484 0.018750000000000044 0.026905829596412578
1 0.67578125 0.48654708520179374 0.020312499999999956 0.0358744394618834
1 0.675 0.452914798206278 0.018749999999999933 0.03139013452914802
1 0.6929687499999999 0.44506726457399104 0.014062499999999978 0.029147982062780242
1 0.65703125 0.4372197309417041 0.014062499999999978 0.026905829596412578
1 0.634375 0.429372197309417 0.015625 0.029147982062780298
1 0.6148437499999999 0.476457399103139 0.017187500000000022 0.03811659192825112
1 0.59140625 0.4899103139013453 0.026562500000000044 0.03811659192825112
1 0.5648437500000001 0.47757847533632286 0.017187500000000022 0.0358744394618834
1 0.56171875 0.452914798206278 0.020312500000000067 0.035874439461883456
1 0.5921875 0.4439461883408072 0.012499999999999956 0.026905829596412523
1 0.59921875 0.429372197309417 0.010937500000000044 0.02017937219730942
1 0.58203125 0.429372197309417 0.014062500000000089 0.02466367713004486
1 0.5570312500000001 0.4271300448430493 0.014062499999999978 0.02466367713004486
1 0.45390625 0.4517937219730942 0.014062499999999978 0.03363228699551574
1 0.4375 0.4383408071748879 0.009375000000000022 0.02017937219730942
1 0.4234375 0.42488789237668156 0.012500000000000011 0.01569506726457398
1 0.48671875 0.4405829596412556 0.014062500000000033 0.02017937219730942
1 0.5125 0.4394618834080718 0.012500000000000067 0.02242152466367714
1 0.52265625 0.4304932735426009 0.010937499999999933 0.0179372197309417
1 0.5375 0.42376681614349776 0.012499999999999956 0.022421524663677084
1 0.51484375 0.4192825112107623 0.010937499999999933 0.0179372197309417
1 0.503125 0.4181614349775785 0.009375000000000022 0.02017937219730942
1 0.49296874999999996 0.4271300448430493 0.010937499999999989 0.01569506726457398
1 0.47734374999999996 0.429372197309417 0.010937499999999989 0.01569506726457398
1 0.47578125000000004 0.4147982062780269 0.010937499999999989 0.0179372197309417
1 0.46796875000000004 0.4260089686098655 0.010937499999999989 0.0179372197309417
1 0.44296875 0.4147982062780269 0.010937499999999989 0.0179372197309417
