1 0.1591715976331361 0.4125 0.05088757396449706 0.09583333333333333
1 0.3822485207100592 0.20104166666666667 0.018934911242603547 0.03541666666666668
1 0.42721893491124263 0.2625 0.023668639053254392 0.054166666666666696
1 0.4508875739644971 0.228125 0.02840236686390535 0.04791666666666666
1 0.4834319526627219 0.16770833333333335 0.020118343195266286 0.03958333333333333
1 0.5698224852071005 0.13645833333333332 0.015384615384615441 0.027083333333333334
1 0.4621301775147929 0.32916666666666666 0.02721893491124261 0.054166666666666696
1 0.514792899408284 0.290625 0.033136094674556194 0.05624999999999997
1 0.6307692307692307 0.24166666666666667 0.023668639053254448 0.04999999999999999
1 0.6923076923076923 0.18229166666666669 0.016568047337278125 0.04374999999999998
