1 0.017006802721088433 0.5642201834862386 0.029478458049886618 0.11314984709480125
1 0.06575963718820861 0.42966360856269115 0.049886621315192746 0.06422018348623854
1 0.023809523809523808 0.41590214067278286 0.03854875283446712 0.06116207951070335
1 0.18707482993197277 0.4388379204892966 0.06122448979591835 0.08256880733944955
1 0.264172335600907 0.4862385321100917 0.07029478458049887 0.07951070336391436
1 0.2290249433106576 0.691131498470948 0.11791383219954651 0.15290519877675846
1 0.4319727891156463 0.8363914373088686 0.14285714285714285 0.21100917431192656
1 0.5385487528344671 0.5091743119266054 0.07029478458049887 0.11314984709480125
1 0.7630385487528345 0.6330275229357798 0.09297052154195007 0.14678899082568808
1 0.6757369614512472 0.1834862385321101 0.04081632653061229 0.07339449541284404
1 0.4943310657596372 0.20336391437308868 0.03628117913832207 0.06422018348623854
