1 0.10234375000000001 0.21111111111111108 0.096875 0.18055555555555552
1 0.19453125 0.30347222222222225 0.045312500000000006 0.09861111111111115
1 0.283203125 0.24097222222222225 0.032031249999999956 0.0652777777777778
1 0.305859375 0.3173611111111111 0.04296875 0.07916666666666666
1 0.32499999999999996 0.3916666666666667 0.04375000000000001 0.10833333333333334
1 0.44453125 0.33125000000000004 0.029687499999999978 0.0763888888888889
1 0.38046875 0.23194444444444445 0.03281249999999997 0.06666666666666668
1 0.469140625 0.4083333333333333 0.05546875000000001 0.1111111111111111
1 0.478515625 0.2125 0.032031249999999956 0.06388888888888888
1 0.47929687499999996 0.14583333333333331 0.03203125000000001 0.06944444444444445
1 0.5734375 0.15555555555555556 0.026562499999999933 0.06944444444444443
1 0.580078125 0.2326388888888889 0.038281250000000044 0.07083333333333333
1 0.572265625 0.30972222222222223 0.038281250000000044 0.07500000000000001
1 0.5757812499999999 0.4854166666666667 0.06406250000000002 0.13194444444444448
1 0.6898437500000001 0.3236111111111111 0.04062500000000002 0.09722222222222221
1 0.691015625 0.22847222222222224 0.03515625 0.07083333333333333
1 0.678515625 0.14097222222222222 0.02734375 0.05972222222222223
1 0.59296875 0.08194444444444444 0.028125000000000067 0.05555555555555555
1 0.683203125 0.07013888888888889 0.024218749999999956 0.059722222222222225
1 0.75625 0.12152777777777778 0.03125 0.0736111111111111
1 0.802734375 0.20763888888888887 0.039843749999999956 0.09027777777777776
1 0.814453125 0.3375 0.04921875000000009 0.09722222222222227
1 0.780078125 0.4673611111111111 0.06015625000000002 0.10972222222222228
1 0.93046875 0.5951388888888889 0.11562499999999998 0.19027777777777777
1 0.976953125 0.3243055555555555 0.046093750000000044 0.11527777777777776
1 0.923828125 0.24375 0.04453124999999991 0.08749999999999997
1 0.89453125 0.14722222222222223 0.03281249999999991 0.07777777777777778
1 0.86484375 0.04930555555555556 0.03125 0.05416666666666667
1 0.9875 0.11736111111111111 0.025000000000000022 0.05972222222222223
1 0.981640625 0.040972222222222215 0.03671875000000002 0.07638888888888888
