1 0.055624999999999994 0.5925 0.031249999999999993 0.04833333333333334
1 0.076875 0.5783333333333334 0.028749999999999998 0.050000000000000044
1 0.146875 0.5958333333333333 0.03125 0.04499999999999993
1 0.21250000000000002 0.6025 0.0325 0.04833333333333334
1 0.25312500000000004 0.6466666666666667 0.048750000000000016 0.06999999999999995
1 0.26937500000000003 0.5283333333333333 0.01874999999999999 0.026666666666666616
1 0.41125 0.7975 0.09999999999999998 0.14500000000000002
1 0.390625 0.6475 0.03125 0.05833333333333335
1 0.409375 0.6016666666666666 0.03125 0.043333333333333335
1 0.498125 0.5991666666666666 0.028749999999999942 0.04166666666666663
1 0.47687500000000005 0.5925 0.028749999999999998 0.03833333333333333
1 0.5275000000000001 0.5874999999999999 0.02749999999999997 0.04166666666666663
1 0.64125 0.7641666666666667 0.08499999999999996 0.135
1 0.588125 0.5808333333333333 0.023749999999999938 0.03833333333333333
1 0.6174999999999999 0.6208333333333333 0.03500000000000003 0.04499999999999993
1 0.6331249999999999 0.595 0.03375000000000006 0.043333333333333335
1 0.618125 0.5625 0.02124999999999999 0.03499999999999992
1 0.6699999999999999 0.5691666666666666 0.022500000000000075 0.03166666666666662
1 0.6912499999999999 0.5533333333333333 0.01749999999999996 0.036666666666666625
1 0.7206250000000001 0.5708333333333333 0.02375000000000005 0.03833333333333333
1 0.73625 0.5983333333333334 0.03249999999999997 0.04999999999999993
1 0.7675000000000001 0.6375 0.03749999999999998 0.05166666666666664
1 0.7825 0.5483333333333333 0.025000000000000022 0.030000000000000027
1 0.831875 0.6233333333333333 0.04125000000000001 0.06666666666666665
1 0.875625 0.6191666666666666 0.04125000000000001 0.06499999999999995
1 0.8674999999999999 0.5808333333333333 0.022500000000000075 0.03833333333333333
1 0.831875 0.5591666666666667 0.018750000000000044 0.03833333333333333
1 0.8031250000000001 0.5516666666666666 0.016249999999999987 0.030000000000000027
1 0.9025000000000001 0.5566666666666666 0.025000000000000022 0.030000000000000027
1 0.94375 0.5625 0.020000000000000018 0.03166666666666673
1 0.92125 0.6166666666666667 0.03499999999999992 0.05666666666666664
1 0.9824999999999999 0.5908333333333333 0.02749999999999997 0.04833333333333334
