1 0.19911012235817577 0.221 0.024471635150166843 0.04199999999999998
1 0.41490545050055616 0.22299999999999998 0.017797552836484987 0.034
1 0.45105672969966626 0.22399999999999998 0.02335928809788651 0.04000000000000001
1 0.5667408231368187 0.192 0.018909899888765236 0.04000000000000001
1 0.5650723025583982 0.158 0.015572858731924377 0.035999999999999976
1 0.6295884315906564 0.263 0.026696329254727424 0.05399999999999999
1 0.625139043381535 0.215 0.024471635150166815 0.04999999999999999
1 0.6824249165739711 0.225 0.027808676307007785 0.04999999999999999
1 0.6740823136818688 0.172 0.022246941045606206 0.04400000000000001
1 0.9404894327030033 0.22999999999999998 0.018909899888765347 0.04400000000000001
