1 0.043 0.6456456456456456 0.078 0.12012012012012008
1 0.11399999999999999 0.6051051051051051 0.059999999999999984 0.09909909909909909
1 0.153 0.4624624624624625 0.03799999999999998 0.048048048048048075
1 0.122 0.47297297297297297 0.024000000000000007 0.04504504504504503
1 0.199 0.4864864864864865 0.021999999999999992 0.048048048048048075
1 0.22999999999999998 0.493993993993994 0.032 0.05705705705705705
1 0.256 0.6081081081081081 0.06799999999999998 0.11711711711711703
1 0.16 0.5435435435435435 0.04799999999999999 0.06006006006006004
1 0.28200000000000003 0.49099099099099097 0.03199999999999997 0.051051051051051066
1 0.29100000000000004 0.45795795795795796 0.025999999999999968 0.03903903903903905
1 0.33399999999999996 0.43543543543543545 0.019999999999999962 0.03003003003003002
1 0.321 0.48348348348348347 0.026000000000000023 0.04204204204204198
1 0.344 0.5405405405405406 0.05199999999999999 0.07207207207207211
1 0.402 0.5180180180180181 0.03999999999999998 0.05105105105105101
1 0.438 0.5135135135135136 0.04400000000000004 0.07207207207207211
1 0.424 0.463963963963964 0.02400000000000002 0.03303303303303301
1 0.489 0.4804804804804805 0.03400000000000003 0.05405405405405406
1 0.519 0.47297297297297297 0.026000000000000023 0.05105105105105101
1 0.498 0.44294294294294295 0.016000000000000014 0.033033033033033066
1 0.532 0.44294294294294295 0.02400000000000002 0.03903903903903905
1 0.5549999999999999 0.4744744744744745 0.03399999999999992 0.05405405405405406
1 0.657 0.44744744744744747 0.030000000000000027 0.04204204204204204
1 0.544 0.6966966966966968 0.09199999999999997 0.1921921921921922
1 0.609 0.6921921921921922 0.07800000000000007 0.14114114114114118
1 0.7130000000000001 0.5195195195195195 0.08199999999999996 0.15615615615615613
1 0.766 0.503003003003003 0.04400000000000004 0.08708708708708707
1 0.7929999999999999 0.46546546546546547 0.041999999999999926 0.06606606606606602
1 0.8340000000000001 0.6186186186186187 0.07199999999999995 0.14414414414414412
1 0.853 0.7747747747747749 0.126 0.20420420420420415
1 0.873 0.5435435435435435 0.06600000000000006 0.0960960960960961
1 0.876 0.4594594594594595 0.03600000000000003 0.05405405405405406
1 0.837 0.481981981981982 0.030000000000000027 0.0570570570570571
