1 0.06063432835820896 0.3887931034482759 0.04664179104477613 0.08793103448275857
1 0.09561567164179105 0.40086206896551724 0.043843283582089554 0.09827586206896555
1 0.2784514925373134 0.2810344827586207 0.03451492537313433 0.07241379310344831
1 0.32509328358208955 0.18189655172413793 0.017723880597014907 0.046551724137931016
1 0.34095149253731344 0.1939655172413793 0.017723880597014907 0.046551724137931016
1 0.36007462686567165 0.19482758620689655 0.026119402985074647 0.0482758620689655
1 0.39785447761194026 0.16293103448275864 0.021455223880597007 0.0396551724137931
1 0.5321828358208955 0.12413793103448276 0.027052238805970186 0.06206896551724138
1 0.5158582089552239 0.2543103448275862 0.027985074626865614 0.05000000000000002
1 0.5382462686567164 0.2672413793103448 0.03171641791044777 0.05862068965517239
1 0.5965485074626866 0.2681034482758621 0.03078358208955223 0.06379310344827585
1 0.6040111940298507 0.14482758620689656 0.02332089552238803 0.05172413793103449
1 0.6669776119402985 0.11465517241379311 0.02425373134328357 0.053448275862068975
1 0.6702425373134329 0.2206896551724138 0.02332089552238803 0.05517241379310345
1 0.7047574626865671 0.15 0.021455223880597063 0.051724137931034475
