1 0.15894346617238184 0.35327868852459016 0.030583873957367946 0.06393442622950818
1 0.2822057460611678 0.24918032786885247 0.01204819277108432 0.02622950819672132
1 0.303985171455051 0.24098360655737705 0.011121408711770198 0.03278688524590165
1 0.29981464318813716 0.27459016393442626 0.013901760889712733 0.0245901639344262
1 0.35634847080630216 0.26885245901639343 0.01760889712696939 0.03934426229508198
1 0.37766450417052827 0.28524590163934427 0.019462465245597804 0.042622950819672156
1 0.3674698795180723 0.19672131147540983 0.015755329008341035 0.02950819672131147
1 0.3846153846153846 0.230327868852459 0.01668211306765527 0.03114754098360656
1 0.3962001853568119 0.1983606557377049 0.013901760889712678 0.02950819672131147
1 0.44300278035217794 0.2278688524590164 0.01853568118628357 0.03934426229508198
1 0.47219647822057464 0.2336065573770492 0.01946246524559775 0.037704918032786916
1 0.5115848007414272 0.21065573770491802 0.016682113067655213 0.03770491803278689
1 0.5444856348470806 0.18360655737704917 0.013901760889712622 0.02950819672131147
1 0.6177015755329008 0.10573770491803278 0.010194624652456019 0.021311475409836064
1 0.6417979610750695 0.10737704918032787 0.012048192771084376 0.02459016393442623
1 0.6737720111214087 0.10491803278688525 0.011121408711770142 0.02622950819672132
1 0.6987951807228916 0.10573770491803279 0.011121408711770142 0.02459016393442623
1 0.48517145505097314 0.3245901639344262 0.03058387395736789 0.055737704918032815
1 0.5681186283595923 0.25245901639344265 0.01853568118628368 0.04590163934426231
1 0.5662650602409638 0.3008196721311475 0.020389249304911927 0.0540983606557377
1 0.6010194624652456 0.330327868852459 0.023169601482854518 0.06393442622950818
1 0.6274328081556997 0.2122950819672131 0.014828544949026856 0.03442622950819674
1 0.6251158480074143 0.260655737704918 0.019462465245597693 0.04262295081967213
1 0.6575532900834106 0.21475409836065573 0.019462465245597693 0.0360655737704918
1 0.6607970342910102 0.1737704918032787 0.014828544949026856 0.03278688524590162
1 0.680259499536608 0.18688524590163935 0.016682113067655213 0.04262295081967213
1 0.6872103799814643 0.3147540983606557 0.0324374420759963 0.06229508196721306
1 0.741890639481001 0.12049180327868853 0.012048192771084376 0.03114754098360656
1 0.7261353104726599 0.19508196721311474 0.02131603336422616 0.04918032786885246
1 0.7205746061167748 0.2754098360655738 0.02131603336422616 0.05245901639344264
1 0.7752548656163114 0.16147540983606556 0.01575532900834098 0.03442622950819671
1 0.7659870250231696 0.21885245901639344 0.013901760889712733 0.04426229508196722
1 0.7808155699721965 0.2081967213114754 0.01575532900834098 0.03934426229508198
1 0.7571825764596849 0.3327868852459016 0.029657089898053712 0.0655737704918033
1 0.7896200185356812 0.2836065573770492 0.01853568118628357 0.04918032786885246
1 0.8058387395736792 0.24180327868852458 0.01575532900834109 0.04754098360655734
1 0.7933271547729379 0.3975409836065574 0.024096385542168752 0.07049180327868854
1 0.8276181649675626 0.31639344262295077 0.022242817423540284 0.05901639344262294
1 0.9063948100092678 0.43688524590163935 0.029657089898053823 0.07704918032786884
1 0.9026876737720111 0.3245901639344262 0.020389249304911927 0.05901639344262294
1 0.8674698795180723 0.2639344262295082 0.01853568118628357 0.04262295081967213
1 0.8748841519925857 0.20491803278688525 0.01853568118628357 0.04590163934426228
1 0.9272474513438369 0.24754098360655735 0.02131603336422616 0.03606557377049177
1 0.9170528266913809 0.21639344262295082 0.013901760889712733 0.03278688524590162
1 0.7974976830398517 0.1581967213114754 0.01575532900834109 0.03114754098360656
1 0.820203892493049 0.14098360655737707 0.0129749768303985 0.03278688524590165
1 0.8331788693234476 0.14262295081967213 0.011121408711770142 0.03278688524590162
1 0.8517145505097312 0.17459016393442622 0.014828544949026856 0.03114754098360656
1 0.8605189990732159 0.13688524590163934 0.012048192771084265 0.03442622950819672
1 0.9008341056533827 0.14918032786885246 0.011121408711770142 0.02622950819672132
1 0.9235403151065802 0.1581967213114754 0.012048192771084376 0.021311475409836078
1 0.8554216867469879 0.14754098360655737 0.009267840593141785 0.02622950819672132
1 0.8243744207599629 0.21147540983606555 0.017608897126969447 0.04262295081967213
1 0.7655236329935124 0.1319672131147541 0.011121408711770253 0.03114754098360656
1 0.7539388322520852 0.14672131147540984 0.01575532900834109 0.03770491803278689
1 0.613531047265987 0.14098360655737707 0.0129749768303985 0.02950819672131147
1 0.5959221501390176 0.10819672131147541 0.009267840593141896 0.02622950819672132
1 0.58758109360519 0.12377049180327869 0.011121408711770142 0.02459016393442623
1 0.556533827618165 0.12295081967213115 0.010194624652456019 0.02622950819672132
1 0.5639481000926785 0.13442622950819672 0.012048192771084376 0.026229508196721305
1 0.582020389249305 0.14262295081967213 0.0129749768303985 0.03278688524590162
1 0.5759962928637627 0.16885245901639345 0.013901760889712733 0.03278688524590165
1 0.5973123262279889 0.16557377049180327 0.01575532900834109 0.02950819672131147
1 0.5134383688600557 0.15081967213114755 0.0129749768303985 0.02622950819672129
1 0.5245597775718258 0.1737704918032787 0.014828544949026967 0.03278688524590162
1 0.4494902687673772 0.1663934426229508 0.0129749768303985 0.02459016393442623
1 0.4879518072289156 0.17295081967213116 0.013901760889712678 0.03114754098360653
1 0.4842446709916589 0.19754098360655736 0.015755329008341035 0.03770491803278689
1 0.41380908248378123 0.17540983606557375 0.010194624652455964 0.022950819672131167
1 0.6445783132530121 0.13852459016393442 0.008341056533827551 0.02786885245901638
1 0.9082483781278963 0.2721311475409836 0.016682113067655213 0.04918032786885243
