1 0.13125 0.32552693208430916 0.078125 0.1451990632318501
1 0.21796875 0.3231850117096019 0.060937500000000006 0.10304449648711944
1 0.2609375 0.3770491803278688 0.06874999999999998 0.13114754098360654
1 0.29453125 0.3114754098360656 0.05781249999999999 0.11709601873536302
1 0.34765625 0.2740046838407494 0.051562499999999956 0.11709601873536299
1 0.35546875 0.3992974238875878 0.06718749999999996 0.13348946135831385
1 0.396875 0.30679156908665106 0.05312500000000003 0.11709601873536302
1 0.45390625 0.3185011709601874 0.06093749999999998 0.13583138173302106
1 0.50546875 0.31381733021077285 0.0546875 0.10304449648711944
1 0.55703125 0.3149882903981265 0.057812500000000044 0.12880562060889927
1 0.6171875 0.3548009367681499 0.06875000000000009 0.13348946135831385
1 0.6585937500000001 0.3559718969555035 0.04531249999999998 0.10772833723653397
1 0.721875 0.34894613583138173 0.08124999999999993 0.13583138173302112
1 0.6890625 0.2939110070257611 0.046875 0.07728337236533955
1 0.4671875 0.26346604215456676 0.04999999999999999 0.07728337236533958
1 0.54296875 0.5433255269320844 0.07343750000000004 0.1592505854800937
1 0.62890625 0.6264637002341921 0.08906250000000004 0.1615925058548009
1 0.6796875 0.4918032786885246 0.10624999999999996 0.18266978922716626
1 0.853125 0.3044496487119438 0.06562500000000004 0.12646370023419207
