1 0.739375 0.58125 0.11375000000000002 0.14500000000000002
1 0.809375 0.531875 0.07374999999999998 0.08374999999999999
1 0.861875 0.515625 0.061249999999999916 0.06875000000000003
1 0.906875 0.4575 0.05125000000000002 0.0625
1 0.6699999999999999 0.436875 0.03749999999999998 0.036250000000000004
1 0.59125 0.438125 0.039999999999999925 0.048750000000000016
1 0.5587500000000001 0.430625 0.03500000000000003 0.036250000000000004
1 0.54375 0.45625000000000004 0.04500000000000004 0.044999999999999984
1 0.484375 0.49750000000000005 0.053749999999999964 0.05250000000000005
1 0.50875 0.43875 0.044999999999999984 0.03999999999999998
1 0.525625 0.3725 0.03374999999999995 0.03500000000000003
1 0.419375 0.455625 0.05125000000000002 0.04625000000000001
1 0.31937499999999996 0.495 0.06375000000000003 0.07250000000000001
1 0.31875 0.4375 0.03999999999999998 0.03749999999999998
1 0.3725 0.4225 0.040000000000000036 0.04249999999999998
1 0.279375 0.420625 0.04625000000000001 0.03875000000000001
1 0.226875 0.44625000000000004 0.04874999999999996 0.044999999999999984
1 0.229375 0.411875 0.03875000000000001 0.03125
1 0.166875 0.48 0.07125000000000001 0.06750000000000006
1 0.066875 0.54125 0.09875 0.10499999999999998
1 0.07250000000000001 0.458125 0.05750000000000001 0.06625000000000003
1 0.12 0.438125 0.04249999999999998 0.05125000000000002
1 0.175625 0.428125 0.03875000000000001 0.03875000000000001
1 0.091875 0.42874999999999996 0.026249999999999996 0.03999999999999998
1 0.015 0.43062500000000004 0.0275 0.05375000000000002
