1 0.0856353591160221 0.5598425196850394 0.04340962904498816 0.1118110236220472
1 0.24191002367797948 0.27086614173228346 0.02131018153117603 0.044094488188976405
1 0.23204419889502764 0.24330708661417322 0.01736385161799528 0.03307086614173227
1 0.2861089187056038 0.22598425196850394 0.01815311760063143 0.04251968503937009
1 0.2999210734017364 0.23937007874015748 0.017363851617995252 0.04094488188976375
1 0.3196527229676401 0.2015748031496063 0.017363851617995252 0.047244094488188976
1 0.33859510655090763 0.21653543307086615 0.018942383583267552 0.05196850393700786
1 0.3559589581689029 0.21181102362204723 0.01578531965272295 0.042519685039370064
1 0.37332280978689814 0.2503937007874016 0.018942383583267552 0.05354330708661417
1 0.40370955011838994 0.2236220472440945 0.01657458563535913 0.04094488188976378
1 0.44396211523283347 0.28976377952755905 0.022888713496448276 0.053543307086614145
1 0.3729281767955801 0.1921259842519685 0.02131018153117603 0.03779527559055118
1 0.40055248618784534 0.17874015748031497 0.01657458563535913 0.039370078740157466
1 0.44001578531965274 0.18188976377952756 0.014996053670086829 0.03307086614173227
1 0.4585635359116022 0.15590551181102363 0.012628255722178405 0.028346456692913385
1 0.48382004735595896 0.1645669291338583 0.017363851617995252 0.042519685039370064
1 0.4960536700868193 0.19606299212598427 0.01815311760063143 0.042519685039370064
1 0.4830307813733228 0.24094488188976376 0.0236779794790844 0.047244094488188976
1 0.5367008681925809 0.22125984251968506 0.018942383583267608 0.04566929133858269
1 0.5240726124704025 0.15748031496062992 0.020520915548539853 0.04409448818897638
1 0.5347277032359905 0.15118110236220472 0.01815311760063143 0.04094488188976378
1 0.49960536700868197 0.14488188976377953 0.01578531965272295 0.03464566929133858
1 0.5631412786108919 0.14330708661417324 0.014996053670086829 0.03464566929133858
1 0.5595895816890293 0.12755905511811025 0.015785319652723007 0.031496062992126
1 0.5856353591160222 0.1921259842519685 0.017363851617995363 0.04409448818897638
1 0.5872138910812944 0.15511811023622046 0.015785319652722896 0.03622047244094487
1 0.5824782951854774 0.12755905511811025 0.015785319652723007 0.037795275590551194
1 0.6026045777426994 0.11732283464566928 0.016574585635359074 0.03622047244094488
1 0.6120757695343331 0.14330708661417324 0.013417521704814472 0.028346456692913385
1 0.6172059984214681 0.16535433070866143 0.012628255722178405 0.031496062992125984
1 0.611681136543015 0.20078740157480315 0.017363851617995252 0.04251968503937009
1 0.5781373322809786 0.3110236220472441 0.02604577742699299 0.055118110236220486
1 0.6183898973954223 0.34960629921259845 0.027624309392265234 0.05984251968503934
1 0.664956590370955 0.3763779527559055 0.030781373322809724 0.06614173228346454
1 0.6219415943172849 0.2677165354330709 0.02525651144435681 0.062992125984252
1 0.675611681136543 0.21496062992125986 0.02525651144435681 0.05511811023622046
1 0.6629834254143647 0.16692913385826774 0.01420678768745065 0.03464566929133858
1 0.6389108129439621 0.11811023622047245 0.014996053670086829 0.037795275590551194
1 0.6574585635359116 0.13622047244094487 0.01420678768745065 0.03622047244094488
1 0.669692186266772 0.1346456692913386 0.013417521704814583 0.036220472440944895
1 0.6921862667719021 0.14881889763779527 0.017363851617995252 0.03622047244094487
1 0.6957379636937648 0.13543307086614173 0.014996053670086829 0.04094488188976379
1 0.7213891081294397 0.14724409448818898 0.018942383583267497 0.039370078740157466
1 0.6981057616416733 0.19842519685039373 0.019731649565903675 0.047244094488188976
1 0.7221783741120757 0.24960629921259844 0.02525651144435681 0.04881889763779529
1 0.7529597474348855 0.2755905511811024 0.02209944751381221 0.047244094488189003
1 0.7450670876085241 0.21574803149606298 0.015785319652723007 0.04094488188976378
1 0.7545382794001578 0.17559055118110237 0.015785319652723007 0.036220472440944895
1 0.7794001578531966 0.18818897637795276 0.01815311760063143 0.04251968503937009
1 0.7861089187056038 0.15905511811023623 0.015785319652723007 0.03779527559055118
1 0.8109707971586424 0.18110236220472442 0.016574585635359074 0.04094488188976378
1 0.8196527229676401 0.21181102362204723 0.014996053670086829 0.039370078740157494
1 0.8322809786898184 0.2015748031496063 0.014996053670086829 0.03779527559055118
1 0.797947908445146 0.2322834645669291 0.015785319652723007 0.042519685039370064
1 0.8105761641673244 0.3015748031496063 0.026835043409629056 0.05826771653543311
1 0.7316495659037096 0.3724409448818897 0.026835043409628945 0.07401574803149608
1 0.8038674033149171 0.42362204724409447 0.03235990528808208 0.08503937007874013
1 0.8626677190213101 0.47322834645669287 0.03630623520126275 0.08346456692913379
1 0.8863456985003947 0.37716535433070864 0.023677979479084454 0.06141732283464568
1 0.8606945540647197 0.3173228346456693 0.01815311760063143 0.055118110236220486
1 0.8701657458563536 0.28976377952755905 0.022888713496448276 0.04094488188976375
1 0.8895027624309393 0.26456692913385826 0.018942383583267497 0.050393700787401574
1 0.861878453038674 0.21653543307086615 0.017363851617995252 0.036220472440944895
1 0.8800315706393054 0.22755905511811025 0.015785319652723007 0.042519685039370064
1 0.9060773480662982 0.21732283464566932 0.01420678768745065 0.03464566929133858
1 0.9037095501183898 0.24488188976377953 0.015785319652723007 0.039370078740157466
1 0.9273875295974743 0.24960629921259844 0.01420678768745065 0.036220472440944895
1 0.925414364640884 0.3078740157480315 0.019731649565903675 0.05826771653543311
1 0.9471191791633781 0.3582677165354331 0.023677979479084454 0.06141732283464568
1 0.9471191791633781 0.4220472440944882 0.023677979479084454 0.07559055118110236
1 0.9759273875295975 0.34409448818897637 0.022888713496448276 0.055118110236220486
1 0.9806629834254144 0.29133858267716534 0.016574585635359185 0.050393700787401574
1 0.9865824782951855 0.2440944881889764 0.01420678768745065 0.03779527559055118
1 0.9569850039463299 0.24488188976377953 0.016574585635359185 0.036220472440944895
