1 0.016964285714285713 0.41950261780104714 0.030357142857142853 0.053664921465968574
1 0.05 0.5052356020942409 0.06071428571428572 0.12041884816753928
1 0.08526785714285715 0.4450261780104712 0.04375 0.08376963350785344
1 0.11696428571428572 0.412303664921466 0.026785714285714288 0.04712041884816753
1 0.1986607142857143 0.40903141361256545 0.020535714285714296 0.04057591623036649
1 0.23392857142857143 0.4712041884816754 0.039285714285714285 0.0706806282722513
1 0.2200892857142857 0.4397905759162304 0.036607142857142866 0.05759162303664922
1 0.2839285714285714 0.4273560209424084 0.021428571428571463 0.0379581151832461
1 0.31026785714285715 0.39659685863874344 0.022321428571428603 0.03403141361256545
1 0.28348214285714285 0.3599476439790576 0.020535714285714324 0.03141361256544506
1 0.20714285714285713 0.568717277486911 0.08214285714285716 0.15314136125654448
1 0.353125 0.4731675392670157 0.05982142857142858 0.09816753926701566
1 0.3723214285714286 0.4404450261780105 0.02857142857142858 0.05628272251308902
1 0.46116071428571426 0.4803664921465969 0.04732142857142857 0.07853403141361254
1 0.4700892857142857 0.4339005235602094 0.03660714285714284 0.061518324607329866
1 0.4459821428571429 0.4352094240837696 0.027678571428571386 0.045811518324607337
1 0.5410714285714285 0.5281413612565444 0.05892857142857144 0.09816753926701571
1 0.5263392857142857 0.43324607329842935 0.025892857142857162 0.04973821989528798
1 0.5678571428571428 0.4410994764397905 0.0357142857142857 0.06544502617801046
1 0.6102678571428571 0.4725130890052356 0.03660714285714284 0.06282722513089006
1 0.5866071428571429 0.4430628272251309 0.023214285714285743 0.04319371727748694
1 0.6455357142857143 0.44175392670157065 0.0267857142857143 0.051047120418848124
1 0.6611607142857143 0.5307591623036649 0.05446428571428574 0.08246073298429324
1 0.6991071428571429 0.47447643979057597 0.03035714285714286 0.05366492146596863
1 0.7325892857142857 0.4476439790575916 0.03125 0.04973821989528793
1 0.7008928571428572 0.45157068062827227 0.03214285714285714 0.04712041884816753
1 0.8272321428571429 0.5026178010471204 0.045535714285714235 0.09424083769633507
1 0.9165178571428572 0.49018324607329844 0.03660714285714284 0.07984293193717279
1 0.8897321428571429 0.462696335078534 0.02946428571428572 0.061518324607329866
1 0.9883928571428571 0.4613874345549738 0.023214285714285743 0.0693717277486911
