1 0.17348927875243664 0.49146757679180886 0.04678362573099415 0.0853242320819112
1 0.27923976608187134 0.2696245733788396 0.020467836257309968 0.040955631399317405
1 0.3620857699805068 0.20136518771331058 0.018518518518518545 0.040955631399317405
1 0.4098440545808967 0.22610921501706482 0.022417153996101336 0.03924914675767918
1 0.3840155945419103 0.26109215017064846 0.02729044834307992 0.05119453924914674
1 0.45760233918128657 0.22610921501706482 0.026315789473684237 0.04266211604095563
1 0.4215399610136452 0.16723549488054607 0.014619883040935644 0.027303754266211594
1 0.5160818713450293 0.13225255972696245 0.014619883040935644 0.03242320819112626
1 0.5423976608187134 0.13310580204778155 0.016569200779727122 0.027303754266211594
1 0.5657894736842106 0.11092150170648464 0.012670565302144277 0.027303754266211594
1 0.5696881091617934 0.13737201365187712 0.010721247563352798 0.029010238907849845
1 0.5857699805068226 0.12713310580204779 0.013645224171539905 0.02901023890784983
1 0.5657894736842106 0.1877133105802048 0.01851851851851849 0.034129692832764486
1 0.6164717348927875 0.15870307167235495 0.014619883040935644 0.03754266211604096
1 0.6583820662768032 0.11518771331058021 0.014619883040935755 0.035836177474402736
1 0.7037037037037037 0.09726962457337884 0.015594541910331383 0.030716723549488054
1 0.7246588693957114 0.08703071672354948 0.014619883040935755 0.0341296928327645
1 0.7041910331384016 0.16040955631399317 0.020467836257309968 0.047781569965870296
1 0.6929824561403508 0.16638225255972694 0.01754385964912275 0.04266211604095563
1 0.658869395711501 0.18088737201365188 0.01949317738791423 0.040955631399317405
1 0.6608187134502924 0.22696245733788395 0.025341130604288553 0.054607508532423216
1 0.611598440545809 0.2645051194539249 0.032163742690058394 0.05119453924914674
1 0.5526315789473684 0.2559726962457338 0.025341130604288442 0.05119453924914677
1 0.5453216374269005 0.3370307167235495 0.02631578947368418 0.059726962457337884
1 0.48976608187134507 0.3174061433447099 0.030214424951267083 0.061433447098976135
1 0.6583820662768032 0.33276450511945393 0.03606237816764135 0.07508532423208192
1 0.719785575048733 0.28156996587030714 0.02631578947368418 0.06484641638225258
1 0.7456140350877193 0.14249146757679182 0.025341130604288553 0.04948805460750852
1 0.7685185185185185 0.22781569965870307 0.024366471734892814 0.05290102389078499
1 0.7738791423001949 0.28754266211604096 0.02729044834307992 0.06313993174061433
1 0.7558479532163742 0.32849829351535836 0.02826510721247566 0.08361774744027306
1 0.7958089668615984 0.37542662116040953 0.04385964912280704 0.08191126279863481
1 0.8927875243664718 0.3720136518771331 0.040935672514619825 0.07849829351535836
1 0.8918128654970761 0.32337883959044367 0.033138401559454134 0.06313993174061433
1 0.8391812865497077 0.2960750853242321 0.02729044834307992 0.06313993174061433
1 0.8138401559454191 0.24232081911262798 0.02729044834307992 0.05119453924914674
1 0.8079922027290448 0.1296928327645051 0.015594541910331383 0.0341296928327645
1 0.8323586744639375 0.14505119453924914 0.011695906432748537 0.030716723549488067
1 0.8421052631578947 0.12627986348122866 0.013645224171540016 0.027303754266211608
1 0.8659844054580896 0.1416382252559727 0.014619883040935644 0.030716723549488067
1 0.9049707602339181 0.1493174061433447 0.014619883040935644 0.03242320819112626
1 0.9298245614035088 0.16296928327645052 0.013645224171539905 0.02559726962457337
