1 0.21333333333333332 0.3866666666666667 0.03 0.04444444444444445
1 0.12333333333333335 0.4522222222222222 0.03333333333333334 0.04666666666666669
1 0.095 0.48 0.033333333333333326 0.04444444444444445
1 0.09333333333333332 0.5144444444444445 0.03333333333333334 0.04666666666666669
1 0.048333333333333325 0.5233333333333333 0.05666666666666666 0.06444444444444447
1 0.3108333333333333 0.4955555555555556 0.041666666666666685 0.053333333333333344
1 0.325 0.5577777777777778 0.053333333333333344 0.07111111111111112
1 0.39916666666666667 0.5922222222222222 0.08499999999999996 0.09999999999999998
1 0.43666666666666665 0.6633333333333333 0.10333333333333333 0.13111111111111118
1 0.4866666666666667 0.8088888888888889 0.13999999999999996 0.1777777777777778
1 0.33166666666666667 0.4533333333333333 0.033333333333333326 0.03555555555555556
1 0.3516666666666667 0.4355555555555556 0.023333333333333317 0.031111111111111145
1 0.38083333333333336 0.46111111111111114 0.028333333333333377 0.037777777777777743
1 0.4258333333333333 0.48444444444444446 0.031666666666666676 0.04444444444444451
1 0.44166666666666665 0.5233333333333333 0.053333333333333344 0.06
1 0.42 0.44 0.023333333333333317 0.03555555555555556
1 0.48666666666666664 0.46111111111111114 0.033333333333333326 0.04666666666666669
1 0.5058333333333334 0.48 0.03166666666666662 0.0533333333333334
1 0.5533333333333333 0.51 0.046666666666666634 0.06000000000000005
1 0.5758333333333334 0.47111111111111115 0.03166666666666662 0.04444444444444445
1 0.6025 0.4488888888888889 0.02833333333333332 0.040000000000000036
1 0.6258333333333332 0.5366666666666666 0.05166666666666664 0.06444444444444442
1 0.6633333333333333 0.5033333333333333 0.03333333333333344 0.055555555555555525
1 0.6408333333333334 0.4622222222222222 0.02833333333333332 0.031111111111111145
1 0.6625 0.45 0.018333333333333313 0.033333333333333326
1 0.7216666666666667 0.44666666666666666 0.030000000000000027 0.04444444444444445
1 0.7324999999999999 0.5355555555555556 0.04500000000000004 0.06222222222222218
1 0.6875 0.6322222222222222 0.09166666666666656 0.13111111111111118
1 0.5466666666666666 0.5888888888888889 0.06999999999999995 0.08000000000000007
1 0.4775 0.5388888888888889 0.05166666666666664 0.06000000000000005
1 0.835 0.5666666666666667 0.06333333333333335 0.0888888888888889
1 0.7883333333333333 0.48888888888888893 0.03333333333333344 0.062222222222222234
1 0.7925 0.45333333333333337 0.04166666666666674 0.048888888888888926
1 0.8825 0.4866666666666667 0.03833333333333333 0.05777777777777776
1 0.9116666666666666 0.5044444444444445 0.046666666666666745 0.06666666666666671
1 0.9583333333333334 0.5455555555555556 0.046666666666666634 0.07777777777777772
1 0.9558333333333333 0.7188888888888889 0.08499999999999996 0.14
1 0.9341666666666666 0.8544444444444445 0.1316666666666667 0.2022222222222223
