1 0.10199203187250996 0.565989847715736 0.041434262948207165 0.10659898477157359
1 0.23585657370517926 0.26988155668358715 0.015936254980079695 0.042301184433164135
1 0.23824701195219122 0.2927241962774958 0.022310756972111573 0.043993231810490696
1 0.28924302788844625 0.24534686971235195 0.017529880478087623 0.03722504230118445
1 0.3207171314741036 0.21319796954314718 0.016733067729083673 0.0338409475465313
1 0.31633466135458166 0.24873096446700504 0.02071713147410359 0.040609137055837546
1 0.3422310756972112 0.24027072758037224 0.016733067729083673 0.043993231810490696
1 0.3645418326693227 0.21489001692047377 0.016733067729083673 0.03722504230118445
1 0.3860557768924303 0.19204737732656513 0.015139442231075717 0.03891708967851101
1 0.3808764940239044 0.2690355329949239 0.02071713147410359 0.05076142131979694
1 0.41872509960159365 0.2326565143824027 0.015139442231075717 0.03891708967851101
1 0.4223107569721115 0.18274111675126903 0.014342629482071712 0.0338409475465313
1 0.4362549800796813 0.16243654822335024 0.013545816733067761 0.03045685279187818
1 0.4438247011952191 0.19373942470389172 0.014342629482071712 0.038917089678510985
1 0.47808764940239046 0.14805414551607446 0.012749003984063756 0.03214890016920474
1 0.4832669322709163 0.1751269035532995 0.01832669322709163 0.04230118443316411
1 0.5023904382470119 0.15736040609137056 0.011952191235059695 0.03384094754653133
1 0.5390438247011953 0.16328257191201354 0.015139442231075662 0.035532994923857864
1 0.5223107569721115 0.17597292724196278 0.018326693227091684 0.043993231810490696
1 0.5087649402390438 0.2140439932318105 0.01832669322709163 0.03553299492385789
1 0.48685258964143424 0.25888324873096447 0.02071713147410359 0.04399323181049067
1 0.4414342629482072 0.3214890016920474 0.022310756972111545 0.05076142131979694
1 0.5641434262948206 0.14213197969543145 0.012749003984063756 0.02707275803722506
1 0.5661354581673307 0.16835871404399322 0.013545816733067761 0.028764805414551592
1 0.5649402390438247 0.22758037225042302 0.015936254980079667 0.038917089678510985
1 0.5880478087649402 0.20304568527918782 0.015936254980079667 0.0338409475465313
1 0.5876494023904383 0.14297800338409475 0.013545816733067761 0.03214890016920474
1 0.6071713147410358 0.13451776649746192 0.012749003984063756 0.028764805414551606
1 0.6147410358565737 0.15736040609137056 0.013545816733067761 0.02707275803722503
1 0.6211155378486055 0.18443316412859562 0.01354581673306765 0.0338409475465313
1 0.6262948207171315 0.20642978003384094 0.015936254980079667 0.040609137055837546
1 0.6199203187250997 0.07868020304568528 0.012749003984063756 0.03214890016920474
1 0.6458167330677291 0.13282571912013535 0.01195219123505975 0.03214890016920473
1 0.6621513944223107 0.1311336717428088 0.014342629482071656 0.028764805414551606
1 0.6613545816733069 0.15820642978003385 0.012749003984063756 0.028764805414551592
1 0.6693227091633467 0.18358714043993232 0.012749003984063756 0.03214890016920474
1 0.69601593625498 0.15905245346869712 0.01354581673306765 0.03722504230118445
1 0.701195219123506 0.14297800338409475 0.012749003984063756 0.03214890016920474
1 0.7247011952191236 0.1598984771573604 0.01354581673306765 0.03214890016920474
1 0.7067729083665338 0.22250423011844334 0.017529880478087678 0.03891708967851101
1 0.6649402390438247 0.26480541455160744 0.018326693227091573 0.04230118443316411
1 0.7219123505976095 0.28341793570219964 0.02071713147410359 0.04906937394247041
1 0.747808764940239 0.24788494077834178 0.016733067729083673 0.03891708967851101
1 0.7677290836653387 0.21065989847715735 0.013545816733067761 0.03214890016920474
1 0.7852589641434262 0.1903553299492386 0.015139442231075662 0.03553299492385789
1 0.7864541832669323 0.22081218274111675 0.014342629482071656 0.035532994923857864
1 0.8171314741035857 0.1979695431472081 0.013545816733067761 0.0338409475465313
1 0.8254980079681276 0.22673434856175972 0.017529880478087567 0.037225042301184424
1 0.803585657370518 0.26311336717428085 0.016733067729083673 0.04568527918781726
1 0.7641434262948208 0.29949238578680204 0.02071713147410359 0.040609137055837574
1 0.8091633466135458 0.31725888324873097 0.019920318725099584 0.05245346869712353
1 0.7286852589641435 0.4170896785109983 0.024701195219123506 0.06598984771573602
1 0.8015936254980081 0.4729272419627749 0.028685258964143423 0.07952622673434856
1 0.6673306772908367 0.41539763113367173 0.024701195219123506 0.05922165820642977
1 0.8804780876494024 0.23942470389170897 0.012749003984063645 0.03214890016920474
1 0.9107569721115538 0.23434856175972926 0.015936254980079667 0.038917089678510985
1 0.9091633466135458 0.2656514382402707 0.015936254980079667 0.040609137055837546
1 0.896414342629482 0.29441624365482233 0.017529880478087678 0.04737732656514382
1 0.8733067729083666 0.3485617597292724 0.017529880478087678 0.043993231810490696
1 0.8788844621513945 0.3984771573604061 0.0223107569721116 0.07275803722504232
1 0.8681274900398406 0.5 0.029482071713147318 0.08291032148900168
1 0.9565737051792829 0.4517766497461929 0.019920318725099584 0.06429780033840948
1 0.9545816733067729 0.3849407783417936 0.01912350597609569 0.05245346869712353
1 0.9322709163346614 0.36040609137055835 0.014342629482071767 0.047377326565143874
1 0.9390438247011952 0.2715736040609137 0.013545816733067761 0.035532994923857864
1 0.9561752988047809 0.2521150592216582 0.012749003984063756 0.037225042301184424
1 0.9872509960159362 0.2639593908629442 0.011155378486055856 0.037225042301184424
1 0.9792828685258964 0.3240270727580372 0.012749003984063645 0.04230118443316411
1 0.9864541832669322 0.311336717428088 0.011155378486055745 0.03384094754653133
1 0.9844621513944223 0.3697123519458545 0.015139442231075662 0.04906937394247041
1 0.6247011952191235 0.2876480541455161 0.02231075697211149 0.05414551607445006
1 0.5856573705179282 0.3401015228426396 0.02071713147410359 0.05414551607445012
1 0.6035856573705178 0.383248730964467 0.024701195219123506 0.0626057529610829
