1 0.11475409836065575 0.5035014005602241 0.043715846994535526 0.09663865546218492
1 0.22911787665886027 0.33473389355742295 0.014832162373145996 0.03081232492997199
1 0.23575331772053082 0.38235294117647056 0.01717408274785323 0.03081232492997199
1 0.28376268540202965 0.35784313725490197 0.017954722872755624 0.04341736694677867
1 0.3087431693989071 0.3935574229691877 0.022638563622170205 0.05042016806722688
1 0.2779078844652615 0.3011204481792717 0.017174082747853203 0.03361344537815125
1 0.3477751756440281 0.3242296918767507 0.011709601873536313 0.026610644257703098
1 0.34270101483216237 0.29061624649859946 0.012490241998438734 0.02941176470588236
1 0.37470725995316156 0.32563025210084034 0.01405152224824352 0.03221288515406162
1 0.3942232630757221 0.29971988795518206 0.015612802498048417 0.025210084033613467
1 0.3953942232630757 0.33613445378151263 0.014832162373145996 0.03641456582633057
1 0.4242779078844653 0.35154061624649857 0.019516003122560466 0.03921568627450983
1 0.38485558157689304 0.25280112044817926 0.014051522248243575 0.023809523809523808
1 0.3938329430132709 0.26960784313725494 0.013270882123341154 0.018207282913165257
1 0.4164715066354411 0.26400560224089636 0.016393442622950838 0.021008403361344574
1 0.4531615925058548 0.303921568627451 0.016393442622950838 0.02521008403361341
1 0.4180327868852459 0.3018207282913165 0.013270882123341154 0.026610644257703098
1 0.4410616705698673 0.2464985994397759 0.010928961748633892 0.02240896358543415
1 0.4500390320062451 0.2296918767507003 0.011709601873536313 0.019607843137254916
1 0.4570647931303669 0.2696078431372549 0.010148321623731471 0.023809523809523836
1 0.4847775175644028 0.2605042016806723 0.010928961748633892 0.02801120448179273
1 0.5050741608118657 0.2535014005602241 0.012490241998438734 0.02521008403361344
1 0.5011709601873536 0.28851540616246496 0.014051522248243575 0.028011204481792673
1 0.4859484777517564 0.3179271708683473 0.013270882123341154 0.03081232492997199
1 0.5327868852459017 0.2850140056022409 0.013270882123341154 0.02941176470588236
1 0.5526932084309133 0.2598039215686274 0.014051522248243464 0.026610644257703042
1 0.5281030444964872 0.22408963585434172 0.011709601873536313 0.019607843137254916
1 0.5515222482435598 0.20868347338935575 0.01014832162373136 0.014005602240896364
1 0.5515222482435598 0.23109243697478993 0.013270882123341043 0.019607843137254916
1 0.5757220921155347 0.24719887955182074 0.014832162373145996 0.02941176470588236
1 0.5893832943013271 0.20448179271708683 0.012490241998438734 0.03081232492997199
1 0.5741608118657299 0.2233893557422969 0.010148321623731471 0.021008403361344546
1 0.6061670569867291 0.24509803921568626 0.011709601873536313 0.02521008403361341
1 0.6120218579234973 0.2261904761904762 0.00936768149882905 0.02100840336134452
1 0.602263856362217 0.21708683473389356 0.007025761124121788 0.022408963585434177
1 0.6358313817330211 0.21218487394957986 0.010148321623731471 0.023809523809523808
1 0.6487119437939111 0.22899159663865548 0.0078064012490240975 0.02661064425770307
1 0.6584699453551912 0.22058823529411764 0.010148321623731471 0.02661064425770307
1 0.4804839968774395 0.3879551820728291 0.019516003122560466 0.044817927170868355
1 0.5218579234972678 0.39845938375350143 0.022638563622170205 0.05182072829131651
1 0.5889929742388759 0.42296918767507 0.02732240437158473 0.053221288515406195
1 0.6366120218579235 0.43137254901960786 0.021077283372365363 0.06162464985994398
1 0.667447306791569 0.5322128851540616 0.02810304449648715 0.07563025210084029
1 0.5737704918032787 0.31862745098039214 0.0187353629976581 0.0378151260504202
1 0.6217798594847775 0.3319327731092437 0.01795472287275568 0.036414565826330514
1 0.5932864949258392 0.36904761904761907 0.0187353629976581 0.0378151260504202
1 0.6081186572989852 0.2976190476190476 0.015612802498048417 0.03221288515406162
1 0.6514441842310694 0.2647058823529412 0.014832162373145885 0.025210084033613467
1 0.6772053083528493 0.2556022408963585 0.011709601873536313 0.02661064425770307
1 0.6370023419203747 0.3704481792717087 0.023419203747072626 0.05182072829131651
1 0.6639344262295082 0.3487394957983193 0.01795472287275568 0.03921568627450983
1 0.7002341920374707 0.3851540616246498 0.020296643247462942 0.04201680672268909
1 0.7435597189695551 0.4285714285714286 0.024199843871974935 0.05322128851540614
1 0.795472287275566 0.4915966386554622 0.02654176424668231 0.05602240896358546
1 0.8711943793911007 0.45728291316526615 0.020296643247462942 0.05182072829131651
1 0.8075722092115535 0.4516806722689075 0.021077283372365363 0.04901960784313725
1 0.7763466042154566 0.3578431372549019 0.016393442622950838 0.046218487394957986
1 0.8227946916471507 0.3711484593837535 0.0187353629976581 0.047619047619047616
1 0.8587041373926619 0.39495798319327735 0.015612802498048417 0.047619047619047616
1 0.8376268540202967 0.35014005602240894 0.015612802498048417 0.044817927170868355
1 0.8879781420765027 0.3529411764705882 0.014832162373145996 0.04201680672268909
1 0.8446526151444185 0.31442577030812324 0.012490241998438623 0.02941176470588236
1 0.8149882903981265 0.3025210084033613 0.014051522248243575 0.02801120448179273
1 0.7849336455893833 0.3025210084033614 0.014832162373145996 0.02521008403361341
1 0.7361436377829821 0.2801120448179272 0.012490241998438734 0.02801120448179273
1 0.6943793911007026 0.28851540616246496 0.013270882123341154 0.03081232492997199
1 0.7115534738485558 0.26400560224089636 0.013270882123341154 0.026610644257703098
1 0.7021857923497268 0.2387955182072829 0.014832162373145996 0.02661064425770307
1 0.7209211553473849 0.2387955182072829 0.011709601873536313 0.021008403361344546
1 0.7470725995316159 0.23319327731092437 0.014051522248243464 0.02941176470588236
1 0.7759562841530054 0.24019607843137253 0.014051522248243575 0.032212885154061593
1 0.7802498048399688 0.2724089635854342 0.011709601873536313 0.026610644257703042
1 0.8056206088992974 0.25980392156862747 0.012490241998438734 0.03781512605042017
1 0.817720530835285 0.27380952380952384 0.011709601873536313 0.029411764705882304
1 0.8290398126463701 0.2647058823529412 0.010928961748633892 0.03081232492997199
1 0.8333333333333334 0.25 0.011709601873536313 0.023809523809523836
1 0.8563622170179548 0.27871148459383754 0.014051522248243464 0.03361344537815125
1 0.8969555035128806 0.26400560224089636 0.012490241998438734 0.03221288515406162
1 0.8957845433255269 0.29971988795518206 0.014832162373145996 0.025210084033613467
1 0.8817330210772834 0.3018207282913165 0.013270882123341154 0.03501400560224088
1 0.6549570647931304 0.3179271708683473 0.01873536299765799 0.03361344537815125
