1 0.12450748620961387 0.5369496855345912 0.05673758865248227 0.1116352201257862
1 0.21710007880220644 0.27594339622641506 0.021276595744680854 0.042452830188679236
1 0.24271079590228525 0.2830188679245283 0.02836879432624112 0.053459119496855334
1 0.28959810874704495 0.23427672955974843 0.019700551615445205 0.037735849056603765
1 0.30969267139479906 0.24056603773584906 0.01733648542159183 0.04088050314465408
1 0.32190701339637506 0.21147798742138363 0.019700551615445205 0.04874213836477989
1 0.34436564223798266 0.21933962264150944 0.01891252955082745 0.04559748427672955
1 0.3605200945626478 0.20676100628930816 0.014972419227738343 0.042452830188679264
1 0.3750985027580772 0.19889937106918237 0.01733648542159183 0.042452830188679264
1 0.3829787234042553 0.2555031446540881 0.01891252955082745 0.05188679245283018
1 0.4022852639873916 0.18710691823899372 0.014972419227738343 0.031446540880503165
1 0.4144996059889677 0.22955974842767296 0.01576044129235621 0.037735849056603765
1 0.44247438928289995 0.1918238993710692 0.016548463356973964 0.03459119496855348
1 0.4515366430260047 0.16745283018867924 0.012608353033884967 0.026729559748427667
1 0.44247438928289995 0.30660377358490565 0.024428684003152068 0.05031446540880502
1 0.4645390070921986 0.16666666666666666 0.013396375098502777 0.03144654088050314
1 0.4736012608353034 0.16273584905660377 0.015760441292356153 0.03616352201257861
1 0.4858156028368794 0.17452830188679247 0.019700551615445205 0.04088050314465411
1 0.5066981875492513 0.20833333333333331 0.022064617809298637 0.042452830188679264
1 0.48266351457840817 0.2429245283018868 0.02600472813238769 0.04559748427672955
1 0.5591016548463357 0.21619496855345913 0.021276595744680882 0.042452830188679236
1 0.5043341213553979 0.15566037735849056 0.017336485421591774 0.037735849056603765
1 0.5267927501970056 0.17138364779874216 0.01654846335697402 0.047169811320754734
1 0.5382190701339638 0.1619496855345912 0.014184397163120588 0.04088050314465408
1 0.5610717100078803 0.1430817610062893 0.01733648542159183 0.03459119496855345
1 0.5673758865248226 0.1619496855345912 0.02206461780929858 0.04088050314465408
1 0.5866824271079589 0.14229559748427673 0.01654846335697402 0.02987421383647798
1 0.5898345153664302 0.17531446540880502 0.01812450748620964 0.042452830188679264
1 0.5874704491725768 0.2028301886792453 0.01654846335697402 0.04088050314465411
1 0.6052009456264775 0.21462264150943397 0.01891252955082745 0.042452830188679236
1 0.6052009456264775 0.13286163522012578 0.01576044129235621 0.02987421383647798
1 0.6134751773049645 0.15723270440251572 0.014972419227738398 0.03144654088050314
1 0.6193853427895981 0.17924528301886794 0.01891252955082745 0.03773584905660379
1 0.6390858944050434 0.13128930817610063 0.014184397163120588 0.03616352201257861
1 0.6627265563435776 0.1540880503144654 0.012608353033884967 0.03459119496855345
1 0.6721828211189913 0.14622641509433962 0.012608353033884967 0.03144654088050314
1 0.6662726556343577 0.18160377358490565 0.013396375098502777 0.036163522012578636
1 0.6836091410559495 0.1831761006289308 0.014972419227738398 0.03301886792452832
1 0.6973995271867612 0.14072327044025157 0.01576044129235621 0.033018867924528295
1 0.7194641449960599 0.15880503144654087 0.014184397163120588 0.03459119496855345
1 0.5847123719464145 0.3278301886792453 0.025216706067769823 0.042452830188679236
1 0.6178092986603625 0.35220125786163525 0.023640661938534313 0.050314465408805076
1 0.6245074862096138 0.2861635220125786 0.024428684003152124 0.05974842767295596
1 0.6627265563435776 0.3970125786163522 0.028368794326241065 0.07704402515723274
1 0.6686367218282112 0.24449685534591195 0.026004728132387744 0.05188679245283018
1 0.7052797478329393 0.2130503144654088 0.01891252955082745 0.04559748427672955
1 0.7297084318360914 0.2555031446540881 0.02048857368006296 0.03930817610062892
1 0.747832939322301 0.22327044025157233 0.01891252955082745 0.04088050314465408
1 0.7620173364854216 0.19654088050314467 0.014184397163120588 0.03459119496855348
1 0.7738376674546887 0.1831761006289308 0.014184397163120588 0.03301886792452832
1 0.7836879432624113 0.2059748427672956 0.01654846335697402 0.03773584905660379
1 0.814026792750197 0.1910377358490566 0.014184397163120477 0.03301886792452832
1 0.7998423955870764 0.23742138364779874 0.015760441292356098 0.037735849056603765
1 0.8207249802994483 0.22327044025157233 0.014972419227738398 0.04088050314465408
1 0.8364854215918045 0.2099056603773585 0.01654846335697402 0.03616352201257861
1 0.8085106382978724 0.29638364779874216 0.01891252955082734 0.058176100628930805
1 0.7588652482269503 0.285377358490566 0.023640661938534313 0.04874213836477986
1 0.7320724980299449 0.3867924528301887 0.026792750197005444 0.06289308176100633
1 0.8037825059101655 0.43238993710691825 0.03940110323089041 0.07547169811320753
1 0.85973207249803 0.5 0.03152088258471242 0.08490566037735853
1 0.88849487785658 0.38443396226415094 0.02285263987391639 0.0676100628930818
1 0.863672182821119 0.3333333333333333 0.02048857368006307 0.05031446540880502
1 0.8727344365642238 0.29952830188679247 0.01654846335697402 0.04559748427672955
1 0.88849487785658 0.29245283018867924 0.01812450748620953 0.04402515723270439
1 0.8684003152088259 0.23034591194968554 0.01733648542159183 0.03616352201257861
1 0.8790386130811663 0.21855345911949686 0.014972419227738287 0.037735849056603765
1 0.9117415287628053 0.22955974842767296 0.012608353033884967 0.04088050314465408
1 0.9062253743104807 0.25393081761006286 0.01576044129235621 0.03616352201257861
1 0.9330181245074862 0.2688679245283019 0.014184397163120588 0.037735849056603765
1 0.9483845547675336 0.24135220125786164 0.014972419227738398 0.03930817610062892
1 0.9854215918045706 0.2578616352201258 0.014972419227738398 0.04088050314465408
1 0.9783293932230102 0.3018867924528302 0.01654846335697402 0.03459119496855345
1 0.9743892828999212 0.31761006289308175 0.014972419227738398 0.04088050314465408
1 0.9767533490937745 0.3490566037735849 0.01970055161544526 0.047169811320754707
1 0.9511426319936959 0.37106918238993714 0.02048857368006307 0.06289308176100633
1 0.9278959810874705 0.3191823899371069 0.014972419227738398 0.05031446540880502
1 0.9617809298660362 0.449685534591195 0.02127659574468077 0.06603773584905659
