1 0.3424591738712776 0.21757679180887374 0.02017291066282423 0.03924914675767918
1 0.34438040345821325 0.26621160409556316 0.025936599423631135 0.06825938566552903
1 0.4020172910662824 0.25426621160409557 0.025936599423631135 0.04436860068259385
1 0.41738712776176756 0.2303754266211604 0.018251681075888537 0.03071672354948804
1 0.44188280499519694 0.22610921501706482 0.02305475504322768 0.046075085324232073
1 0.4908741594620557 0.22440273037542663 0.01729106628242072 0.046075085324232073
1 0.4827089337175793 0.1296928327645051 0.014409221902017266 0.023890784982935148
1 0.5086455331412103 0.1296928327645051 0.012487992315081686 0.023890784982935148
1 0.5225744476464937 0.13993174061433447 0.015369836695485084 0.03412969283276451
1 0.5134486071085494 0.17662116040955633 0.018251681075888593 0.03924914675767918
1 0.542747358309318 0.21160409556313994 0.019212295869356355 0.03754266211604096
1 0.5878962536023055 0.17662116040955633 0.0211335254562921 0.03242320819112629
1 0.5802113352545629 0.12457337883959044 0.01344860710854956 0.023890784982935162
1 0.6056676272814601 0.13225255972696245 0.016330451488952957 0.03242320819112626
1 0.6287223823246878 0.14419795221843001 0.014409221902017322 0.03242320819112629
1 0.5797310278578289 0.25341296928327645 0.02017291066282423 0.05290102389078499
1 0.644092219020173 0.25170648464163825 0.0240153698366955 0.04266211604095563
1 0.6378482228626321 0.23378839590443687 0.0211335254562921 0.040955631399317405
1 0.6748318924111432 0.2832764505119454 0.0240153698366955 0.04436860068259385
1 0.7324687800192123 0.2960750853242321 0.025936599423631135 0.06313993174061433
1 0.6748318924111432 0.1945392491467577 0.018251681075888593 0.03754266211604096
1 0.6974063400576369 0.18600682593856654 0.01729106628242072 0.03412969283276451
1 0.7358309317963496 0.18686006825938567 0.019212295869356466 0.03242320819112626
1 0.7329490874159462 0.07764505119453924 0.015369836695485084 0.032423208191126277
1 0.7430355427473583 0.07764505119453924 0.014409221902017322 0.025597269624573385
1 0.7641690682036504 0.2721843003412969 0.025936599423631135 0.0460750853242321
1 0.8121998078770414 0.28242320819112626 0.0240153698366955 0.059726962457337884
1 0.851104707012488 0.19539249146757678 0.01729106628242072 0.029010238907849817
1 0.8439000960614793 0.2363481228668942 0.016330451488952957 0.046075085324232046
1 0.8698366954851104 0.2892491467576792 0.022094140249759864 0.04948805460750855
1 0.8568683957732949 0.32337883959044367 0.026897214217098897 0.05290102389078499
1 0.9212295869356388 0.36006825938566556 0.02113352545629199 0.06825938566552897
1 0.9380403458213257 0.28071672354948807 0.018251681075888593 0.05290102389078499
1 0.9370797310278578 0.24488054607508533 0.014409221902017322 0.035836177474402764
1 0.8919308357348703 0.22184300341296928 0.020172910662824117 0.040955631399317405
