1 0.11660156249999999 0.4473958333333333 0.069921875 0.09999999999999998
1 0.24453125 0.48046875 0.07500000000000001 0.12031250000000004
1 0.3177734375 0.36953125 0.04726562500000003 0.08385416666666667
1 0.24648437499999998 0.33046875 0.036718749999999994 0.06197916666666664
1 0.26972656250000004 0.3013020833333333 0.03398437500000001 0.04635416666666664
1 0.1814453125 0.32578125 0.034765624999999994 0.056770833333333326
1 0.10039062500000001 0.35703125 0.04375 0.07135416666666666
1 0.04375 0.3533854166666667 0.03828125 0.061979166666666696
1 0.33359375 0.2963541666666667 0.03359375000000003 0.04999999999999999
1 0.3515625 0.27630208333333334 0.028124999999999956 0.042187500000000044
1 0.4044921875 0.2846354166666667 0.025390625 0.04322916666666671
1 0.418359375 0.26536458333333335 0.021875000000000033 0.03385416666666666
1 0.4673828125 0.26588541666666665 0.027734375000000033 0.03906249999999997
1 0.460546875 0.25546875 0.02031250000000001 0.03802083333333334
1 0.5078125 0.26171875 0.021875000000000033 0.041145833333333326
1 0.4943359375 0.3106770833333333 0.030859375000000022 0.06093749999999998
1 0.51953125 0.33046875 0.03750000000000009 0.06406249999999997
1 0.446484375 0.33671875 0.03749999999999998 0.0630208333333333
1 0.4267578125 0.37812500000000004 0.045703124999999956 0.07708333333333334
1 0.5599609375 0.29453125 0.029296875 0.05885416666666671
1 0.5822265625 0.30078125 0.03398437500000007 0.0546875
1 0.605078125 0.2713541666666667 0.022656250000000044 0.04374999999999998
1 0.634765625 0.2833333333333333 0.030468750000000044 0.05208333333333337
1 0.64375 0.25286458333333334 0.025000000000000022 0.0390625
1 0.6791015625 0.26536458333333335 0.024609375000000044 0.04218749999999999
1 0.712109375 0.2388020833333333 0.0234375 0.03489583333333332
1 0.7279296875000001 0.5252604166666667 0.08632812499999998 0.16927083333333331
1 0.7958984375 0.43697916666666664 0.07382812499999991 0.109375
1 0.8349609375 0.33489583333333334 0.04335937500000009 0.0854166666666667
1 0.8560546875 0.26875000000000004 0.033203125 0.057291666666666685
1 0.8716796874999999 0.24557291666666664 0.026953125000000022 0.03906249999999997
1 0.8751953125 0.27760416666666665 0.021484375 0.048958333333333326
1 0.9431640625 0.25859375 0.026953125000000022 0.04322916666666668
1 0.96328125 0.29166666666666663 0.0390625 0.07500000000000001
