1 0.09183673469387756 0.654639175257732 0.047619047619047616 0.06529209621993126
1 0.20181405895691612 0.6460481099656358 0.03628117913832199 0.061855670103092786
1 0.2675736961451247 0.6494845360824743 0.04535147392290251 0.054982817869415834
1 0.36621315192743764 0.6374570446735395 0.038548752834467126 0.05154639175257725
1 0.445578231292517 0.634020618556701 0.02947845804988658 0.05154639175257736
1 0.526077097505669 0.6305841924398625 0.031746031746031744 0.05841924398625431
1 0.6235827664399093 0.6288659793814433 0.03628117913832196 0.061855670103092786
1 0.7052154195011338 0.6374570446735395 0.03628117913832196 0.07216494845360832
1 0.8095238095238095 0.6357388316151202 0.031746031746031744 0.061855670103092786
1 0.8786848072562359 0.6134020618556701 0.02947845804988669 0.06529209621993126
1 0.17913832199546487 0.8900343642611683 0.08616780045351471 0.10996563573883156
1 0.25170068027210885 0.8298969072164948 0.04535147392290251 0.07903780068728528
1 0.2891156462585034 0.8642611683848798 0.05215419501133789 0.1202749140893471
1 0.3877551020408163 0.9398625429553265 0.09523809523809523 0.1202749140893471
1 0.4308390022675737 0.8298969072164948 0.06349206349206349 0.08591065292096223
1 0.37755102040816324 0.8041237113402062 0.047619047619047616 0.07560137457044669
1 0.35941043083900226 0.865979381443299 0.06575963718820865 0.08247422680412375
1 0.1054421768707483 0.8127147766323024 0.05668934240362812 0.06529209621993126
1 0.12585034013605442 0.8831615120274914 0.05668934240362811 0.1030927835051546
1 0.5158730158730159 0.8642611683848798 0.05668934240362816 0.10652920962199308
1 0.5839002267573696 0.8986254295532646 0.07482993197278909 0.07216494845360821
1 0.6564625850340136 0.7938144329896908 0.043083900226757454 0.0756013745704468
1 0.7233560090702948 0.8213058419243986 0.049886621315192836 0.06872852233676974
1 0.7086167800453516 0.8745704467353952 0.06575963718820865 0.08591065292096212
1 0.7902494331065759 0.8900343642611683 0.06575963718820865 0.10996563573883156
1 0.7959183673469388 0.8041237113402062 0.049886621315192725 0.07560137457044669
1 0.8605442176870748 0.8883161512027491 0.06575963718820865 0.12714776632302405
1 0.844671201814059 0.8109965635738832 0.04308390022675734 0.07560137457044669
1 0.9319727891156463 0.8487972508591065 0.049886621315192725 0.08247422680412364
1 0.9160997732426304 0.7886597938144331 0.049886621315192725 0.07903780068728528
1 0.9784580498866213 0.8264604810996563 0.03401360544217691 0.12027491408934698
