1 0.137 0.7852852852852852 0.094 0.14714714714714716
1 0.263 0.42342342342342343 0.05399999999999999 0.0780780780780781
1 0.394 0.6576576576576576 0.07200000000000001 0.13213213213213215
1 0.552 0.8768768768768769 0.14400000000000002 0.2282282282282282
1 0.604 0.6336336336336337 0.07600000000000007 0.13813813813813813
1 0.653 0.5990990990990991 0.05400000000000005 0.08708708708708701
1 0.6 0.509009009009009 0.028000000000000025 0.04504504504504503
1 0.65 0.46546546546546547 0.020000000000000018 0.042042042042042094
1 0.683 0.47897897897897895 0.025999999999999912 0.05105105105105101
1 0.747 0.4804804804804804 0.026000000000000023 0.04804804804804802
1 0.752 0.572072072072072 0.04800000000000004 0.06906906906906907
1 0.772 0.6846846846846847 0.07600000000000007 0.13213213213213204
1 0.781 0.493993993993994 0.030000000000000027 0.045045045045045085
1 0.799 0.4504504504504504 0.026000000000000023 0.04204204204204204
1 0.873 0.4624624624624625 0.030000000000000027 0.04204204204204204
1 0.923 0.463963963963964 0.029999999999999916 0.051051051051051066
1 0.937 0.8663663663663663 0.126 0.2552552552552553
1 0.907 0.5930930930930931 0.05800000000000005 0.09909909909909909
1 0.948 0.5660660660660661 0.051999999999999935 0.08108108108108103
1 0.927 0.5405405405405406 0.041999999999999926 0.06606606606606602
