1 0.04688731284475965 0.6371100164203612 0.051221434200157595 0.12151067323481124
1 0.23207249802994484 0.26436781609195403 0.014972419227738398 0.04269293924466336
1 0.24901497241922774 0.26683087027914615 0.017336485421591774 0.04761904761904759
1 0.2691095350669819 0.25369458128078815 0.014972419227738398 0.04433497536945813
1 0.32308904649330183 0.24548440065681446 0.018912529550827395 0.04105090311986864
1 0.3207249802994484 0.21182266009852216 0.020488573680063016 0.0394088669950739
1 0.3585500394011032 0.24794745484400657 0.020488573680063016 0.03612479474548441
1 0.3750985027580772 0.26929392446633826 0.020488573680063016 0.04926108374384233
1 0.3605200945626478 0.21592775041050905 0.016548463356973964 0.03448275862068964
1 0.37825059101654845 0.19540229885057472 0.01733648542159183 0.042692939244663386
1 0.41922773837667454 0.18226600985221675 0.01576044129235621 0.03612479474548441
1 0.4144996059889677 0.23645320197044337 0.01733648542159183 0.0394088669950739
1 0.44602048857368004 0.3087027914614121 0.018912529550827395 0.05254515599343185
1 0.487785657998424 0.26929392446633826 0.017336485421591774 0.04926108374384233
1 0.49881796690307323 0.20525451559934318 0.017336485421591774 0.042692939244663386
1 0.48187549251379036 0.17159277504105092 0.014972419227738343 0.04433497536945813
1 0.4728132387706856 0.15599343185550082 0.012608353033884967 0.032840722495894925
1 0.5 0.15435139573070608 0.014972419227738343 0.042692939244663386
1 0.5220646178092987 0.16502463054187191 0.01654846335697402 0.047619047619047616
1 0.4637509850275808 0.1658456486042693 0.011820330969267157 0.0328407224958949
1 0.5394011032308905 0.17077175697865354 0.011820330969267157 0.03940886699507387
1 0.5594956658786446 0.16091954022988506 0.01576044129235621 0.032840722495894925
1 0.5630417651694248 0.14039408866995073 0.014972419227738398 0.03776683087027914
1 0.5823483057525611 0.1412151067323481 0.015760441292356098 0.03284072249589491
1 0.5811662726556344 0.20279146141215107 0.016548463356973908 0.04433497536945813
1 0.5606776989755713 0.22167487684729065 0.01654846335697402 0.042692939244663386
1 0.6166272655634357 0.17898193760262726 0.014972419227738398 0.03612479474548441
1 0.6272655634357762 0.2110016420361248 0.01733648542159183 0.04105090311986864
1 0.6103230890464932 0.15106732348111657 0.013396375098502777 0.036124794745484384
1 0.6059889676910953 0.12151067323481116 0.012608353033884967 0.029556650246305424
1 0.5894405043341213 0.17405582922824303 0.01576044129235621 0.036124794745484384
1 0.6382978723404256 0.13054187192118227 0.012608353033884967 0.03448275862068967
1 0.6658786446020488 0.12561576354679804 0.014184397163120588 0.03448275862068964
1 0.6666666666666666 0.18555008210180624 0.012608353033884967 0.026272577996715923
1 0.661150512214342 0.16666666666666669 0.011032308904649346 0.027914614121510667
1 0.6922773837667455 0.16748768472906403 0.01654846335697402 0.04597701149425287
1 0.6962174940898345 0.13957307060755336 0.01654846335697402 0.0361247947454844
1 0.7218282111899134 0.15435139573070608 0.01576044129235621 0.0394088669950739
1 0.6934594168636722 0.21592775041050905 0.01891252955082745 0.0443349753694581
1 0.6698187549251379 0.22988505747126436 0.025216706067769934 0.05911330049261085
1 0.6032308904649331 0.3004926108374384 0.026004728132387744 0.06239737274220031
1 0.5772261623325453 0.3341543513957307 0.024428684003152012 0.060755336617405564
1 0.6036249014972419 0.3694581280788177 0.025216706067769934 0.06239737274220036
1 0.6643026004728132 0.4014778325123153 0.029944838455476686 0.0640394088669951
1 0.7234042553191489 0.2586206896551724 0.02206461780929858 0.06403940886699505
1 0.7466509062253743 0.2315270935960591 0.01654846335697402 0.04926108374384239
1 0.7620173364854216 0.19786535303776684 0.01576044129235621 0.037766830870279156
1 0.7828999211977936 0.20853858784893267 0.014972419227738398 0.042692939244663386
1 0.7781717888100868 0.18226600985221675 0.01654846335697402 0.0394088669950739
1 0.8152088258471237 0.19376026272577998 0.016548463356973908 0.04597701149425287
1 0.8254531126871552 0.22742200328407225 0.01812450748620964 0.04433497536945813
1 0.7998423955870764 0.26518883415435135 0.02206461780929858 0.05418719211822659
1 0.768715524034673 0.2898193760262726 0.021276595744680882 0.05418719211822659
1 0.7308904649330181 0.4014778325123153 0.027580772261623254 0.0640394088669951
1 0.8006304176516943 0.4540229885057471 0.03309692671394793 0.07717569786535305
1 0.8684003152088259 0.5057471264367817 0.028368794326241176 0.08210180623973728
1 0.8829787234042553 0.4187192118226601 0.026004728132387633 0.07553366174055831
1 0.8652482269503546 0.3390804597701149 0.022064617809298692 0.05747126436781608
1 0.8179669030732861 0.30706075533661736 0.02206461780929858 0.05911330049261082
1 0.8750985027580773 0.23316912972085385 0.01812450748620964 0.03940886699507393
1 0.900709219858156 0.22413793103448276 0.01576044129235621 0.03119868637110018
1 0.9038613081166272 0.2602627257799672 0.01576044129235621 0.041050903119868615
1 0.8967691095350669 0.2816091954022989 0.01733648542159183 0.0509031198686371
1 0.9259259259259259 0.3464696223316913 0.02048857368006307 0.04926108374384236
1 0.9401103230890465 0.409688013136289 0.023640661938534313 0.0673234811165846
1 0.9448384554767534 0.3727422003284072 0.01891252955082745 0.04597701149425287
1 0.9775413711583925 0.367816091954023 0.01812450748620964 0.05254515599343185
1 0.9720252167060677 0.30952380952380953 0.01812450748620964 0.0509031198686371
1 0.9885736800630418 0.2684729064039409 0.014972419227738398 0.031198686371100126
1 0.9318360914105595 0.2660098522167488 0.01654846335697402 0.03940886699507387
1 0.9523246650906225 0.24302134646962234 0.013396375098502777 0.032840722495894925
