1 0.20194274028629858 0.31669691470054445 0.041922290388548056 0.0852994555353902
1 0.532719836400818 0.2014519056261343 0.02249488752556239 0.03992740471869327
1 0.5894683026584867 0.1751361161524501 0.015337423312883347 0.030852994555353896
1 0.6651329243353783 0.1960072595281307 0.015337423312883458 0.03629764065335753
1 0.6165644171779141 0.2087114337568058 0.020449897750511203 0.04718693284936479
1 0.6595092024539877 0.2540834845735027 0.02249488752556239 0.05444646098003633
1 0.7116564417177914 0.20235934664246824 0.01635991820040905 0.03448275862068967
1 0.7443762781186094 0.20689655172413793 0.018404907975460127 0.04355716878402904
1 0.7285276073619631 0.2695099818511797 0.021472392638036797 0.04537205081669693
1 0.7699386503067485 0.26134301270417426 0.02249488752556239 0.05081669691470053
1 0.8123721881390593 0.2713248638838476 0.021472392638036797 0.049001814882032646
1 0.7346625766871165 0.36932849364791287 0.033742331288343586 0.07803992740471871
1 0.8087934560327199 0.40018148820326677 0.030674846625766805 0.0852994555353902
1 0.8987730061349692 0.41379310344827586 0.04089979550102252 0.08711433756805809
1 0.6733128834355828 0.22141560798548093 0.017382413087934534 0.05081669691470056
