1 0.08609539207760711 0.5697879858657244 0.04284559417946644 0.11837455830388699
1 0.2550525464834276 0.25176678445229683 0.0169765561843169 0.04770318021201414
1 0.2978981406628941 0.25 0.016976556184316927 0.04063604240282684
1 0.3088116410670978 0.21996466431095407 0.019401778496362154 0.04770318021201414
1 0.3326596604688763 0.24823321554770317 0.018593371059013764 0.05830388692579502
1 0.3528698464025869 0.21731448763250882 0.016976556184316927 0.04593639575971731
1 0.3641875505254648 0.28180212014134276 0.021827000808407437 0.054770318021201414
1 0.3856103476151981 0.19876325088339222 0.012934518997574751 0.03356890459363959
1 0.3936944219886823 0.24646643109540636 0.014551333872271643 0.040636042402826866
1 0.4284559417946645 0.323321554770318 0.021018593371059047 0.06007067137809191
1 0.42643492320129345 0.19699646643109542 0.015359741309620034 0.0441696113074205
1 0.4353274050121261 0.1687279151943463 0.01535974130962009 0.040636042402826866
1 0.4696847210994341 0.18197879858657245 0.01616814874696848 0.045936395759717336
1 0.4737267582861762 0.2597173144876325 0.019401778496362154 0.04946996466431097
1 0.4927243330638642 0.2164310954063604 0.013742926434923197 0.04770318021201411
1 0.4911075181891673 0.15459363957597172 0.012126111560226305 0.04063604240282684
1 0.5258690379951496 0.16784452296819788 0.015359741309620145 0.038869257950530034
1 0.5432497978981408 0.2164310954063604 0.019401778496362154 0.04770318021201411
1 0.5424413904607923 0.17402826855123676 0.012934518997574806 0.03710247349823323
1 0.5505254648342764 0.14487632508833923 0.014551333872271588 0.038869257950530034
1 0.5739692805173808 0.1431095406360424 0.014551333872271699 0.03886925795053002
1 0.5925626515763945 0.13604240282685512 0.014551333872271588 0.038869257950530034
1 0.5509296685529507 0.35954063604240283 0.021827000808407382 0.054770318021201414
1 0.5755860953920776 0.21113074204946997 0.014551333872271588 0.04770318021201414
1 0.6026677445432498 0.18904593639575973 0.01212611156022636 0.04240282685512367
1 0.6111560226354082 0.16342756183745583 0.014551333872271588 0.03356890459363959
1 0.6503637833468068 0.07597173144876325 0.015359741309620034 0.038869257950530034
1 0.6281325788197252 0.12809187279151943 0.012934518997574806 0.030035335689045928
1 0.6434923201293452 0.1457597173144876 0.012934518997574806 0.03710247349823323
1 0.6119644300727567 0.21113074204946997 0.01616814874696848 0.04770318021201414
1 0.6479385610347614 0.19169611307420495 0.01212611156022636 0.03356890459363959
1 0.6818916734033953 0.161660777385159 0.013742926434923142 0.04063604240282684
1 0.6891673403395311 0.142226148409894 0.01212611156022636 0.033568904593639565
1 0.7097817299919159 0.16342756183745583 0.014551333872271588 0.0371024734982332
1 0.6139854486661278 0.308303886925795 0.018593371059013708 0.054770318021201414
1 0.6042845594179467 0.392226148409894 0.0202101859337106 0.05300353356890458
1 0.6535974130962005 0.4293286219081272 0.025060630557801167 0.06713780918727918
1 0.6580436540016168 0.2676678445229682 0.019401778496362154 0.04770318021201414
1 0.7113985448666128 0.2226148409893993 0.014551333872271588 0.04946996466431097
1 0.7089733225545676 0.28975265017667845 0.017784963621665262 0.05300353356890464
1 0.7170573969280517 0.4372791519434629 0.022635408245755828 0.07243816254416957
1 0.7348423605497171 0.21201413427561838 0.014551333872271588 0.04593639575971731
1 0.7477768795472919 0.19787985865724383 0.011317704122877914 0.0353356890459364
1 0.7437348423605498 0.24381625441696114 0.01616814874696848 0.045936395759717336
1 0.778496362166532 0.1793286219081272 0.01616814874696848 0.040636042402826866
1 0.7776879547291835 0.215547703180212 0.014551333872271588 0.04240282685512367
1 0.7639450282942604 0.29858657243816256 0.017784963621665262 0.05300353356890458
1 0.7865804365400162 0.2712014134275618 0.019401778496362154 0.04770318021201411
1 0.8059822150363783 0.19964664310954064 0.012934518997574695 0.038869257950530034
1 0.8201293451899757 0.2252650176678445 0.015359741309620034 0.0441696113074205
1 0.8075990299110751 0.24911660777385158 0.012934518997574806 0.04593639575971731
1 0.8112368633791431 0.31095406360424027 0.018593371059013708 0.06360424028268552
1 0.7825383993532741 0.4628975265017668 0.025869037995149613 0.0848056537102474
1 0.8613581244947454 0.35954063604240283 0.01859337105901382 0.054770318021201414
1 0.8694421988682296 0.24469964664310956 0.016976556184316927 0.04063604240282684
1 0.9042037186742118 0.22879858657243818 0.016976556184316927 0.03710247349823323
1 0.8953112368633791 0.27385159010600707 0.015359741309620034 0.04946996466431097
1 0.9506871463217461 0.2508833922261484 0.009700889248181022 0.035335689045936425
1 0.9397736459175424 0.2915194346289753 0.016976556184316927 0.04593639575971731
1 0.9195634599838318 0.3339222614840989 0.013742926434923253 0.04946996466431097
1 0.9349232012934519 0.3666077738515901 0.016976556184316816 0.051236749116607805
1 0.891269199676637 0.4293286219081272 0.023443815683104274 0.06360424028268552
1 0.8682295877122069 0.5415194346289753 0.022635408245755828 0.08657243816254423
1 0.9527081649151172 0.450530035335689 0.023443815683104274 0.060070671378091856
1 0.9765561843168957 0.3913427561837456 0.01616814874696848 0.051236749116607805
1 0.9721099434114795 0.35600706713780916 0.01212611156022636 0.040636042402826866
1 0.9749393694421988 0.31537102473498235 0.012934518997574806 0.03356890459363954
1 0.9781729991915926 0.2712014134275618 0.012934518997574806 0.044169611307420475
