1 0.03028846153846154 0.32516025641025637 0.05096153846153846 0.07532051282051283
1 0.10132211538461539 0.35464743589743586 0.05793269230769231 0.07211538461538464
1 0.203125 0.24310897435897436 0.09759615384615383 0.1471153846153846
1 0.43822115384615384 0.4032051282051282 0.07355769230769227 0.11538461538461536
1 0.4762019230769231 0.5145833333333333 0.11490384615384613 0.17916666666666664
1 0.6128605769230768 0.3993589743589744 0.08052884615384615 0.13141025641025644
1 0.7070913461538462 0.4950320512820513 0.10216346153846156 0.14006410256410257
1 0.807451923076923 0.40224358974358976 0.08942307692307694 0.1391025641025641
1 0.885576923076923 0.4394230769230769 0.11346153846153839 0.14935897435897433
1 0.9587740384615384 0.33926282051282053 0.05697115384615381 0.0971153846153846
1 0.9828125 0.32387820512820514 0.034375000000000044 0.09262820512820513
