1 0.08666666666666667 0.4925187032418953 0.16666666666666669 0.3067331670822942
1 0.11166666666666668 0.32044887780548625 0.15000000000000002 0.11720698254364087
1 0.045000000000000005 0.2506234413965087 0.08333333333333334 0.07730673316708231
1 0.10500000000000001 0.2256857855361596 0.08333333333333333 0.05735660847880297
1 0.33333333333333337 0.24937655860349128 0.0733333333333333 0.054862842892768104
1 0.28833333333333333 0.22194513715710723 0.05666666666666664 0.04987531172069826
1 0.25166666666666665 0.2107231920199501 0.04333333333333331 0.03241895261845387
1 0.41666666666666663 0.2805486284289277 0.09333333333333332 0.0922693266832918
1 0.5983333333333334 0.3316708229426434 0.19000000000000006 0.16957605985037405
1 0.48333333333333334 0.22942643391521197 0.07333333333333336 0.06483790523690774
1 0.4166666666666667 0.22693266832917705 0.053333333333333344 0.03491271820448877
1 0.5900000000000001 0.2231920199501247 0.053333333333333344 0.03740648379052369
1 0.675 0.2643391521197007 0.07666666666666666 0.06483790523690774
1 0.765 0.2506234413965087 0.07000000000000006 0.05735660847880297
1 0.86 0.24064837905236908 0.06000000000000005 0.04738154613466336
1 0.8916666666666666 0.32169576059850374 0.11666666666666659 0.10473815461346636
1 0.975 0.28428927680798005 0.050000000000000044 0.07481296758104738
1 0.7466666666666666 0.1596009975062344 0.05999999999999994 0.05486284289276808
