1 0.20978363123236124 0.2303921568627451 0.016933207902163683 0.032679738562091526
1 0.3570084666039511 0.2973856209150327 0.0235183443085607 0.0326797385620915
1 0.39840075258701785 0.29166666666666663 0.021636876763875823 0.04411764705882354
1 0.367826904985889 0.19526143790849673 0.022577610536218207 0.03431372549019607
1 0.3951081843838194 0.18055555555555555 0.01881467544684856 0.03431372549019607
1 0.41015992474129825 0.19689542483660133 0.022577610536218262 0.037581699346405234
1 0.45296331138287865 0.1781045751633987 0.0159924741298213 0.02941176470588236
1 0.46378174976481656 0.22875816993464052 0.020696142991533384 0.0326797385620915
1 0.48024459078080906 0.18055555555555558 0.014111006585136365 0.037581699346405234
1 0.49576669802445905 0.20098039215686275 0.018814675446848506 0.035947712418300665
1 0.4929444967074318 0.23447712418300654 0.02069614299153333 0.04084967320261437
1 0.5780809031044214 0.13562091503267973 0.01411100658513631 0.029411764705882346
1 0.4938852304797742 0.30228758169934644 0.028222013170272786 0.04901960784313725
1 0.6147695202257761 0.2638888888888889 0.027281279397930347 0.04084967320261437
1 0.7173095014111006 0.19199346405228757 0.019755409219191056 0.04084967320261437
1 0.8640639698965193 0.07434640522875817 0.0159924741298213 0.027777777777777783
1 0.7699905926622765 0.21977124183006536 0.021636876763875823 0.04738562091503268
1 0.40921919096895576 0.2246732026143791 0.022577610536218262 0.03431372549019607
