1 0.04553415061295972 0.4797913950456323 0.08231173380035026 0.10951760104302471
1 0.09063047285464099 0.40743155149934807 0.05516637478108581 0.09778357235984353
1 0.1554290718038529 0.3376792698826597 0.041155866900175114 0.06779661016949151
1 0.186077057793345 0.3200782268578879 0.0288966725043783 0.050847457627118675
1 0.22854640980735552 0.35462842242503256 0.045534150612959734 0.07301173402868316
1 0.23161120840630472 0.29074315514993476 0.025394045534150617 0.04172099087353326
1 0.2688266199649737 0.2972620599739244 0.03152364273204905 0.05475880052151244
1 0.2946584938704028 0.2692307692307692 0.03239929947460596 0.04563233376792697
1 0.44702276707530647 0.12842242503259452 0.1007005253940455 0.20730117340286833
1 0.4938704028021016 0.2633637548891786 0.036777583187390495 0.07301173402868322
1 0.5175131348511384 0.31486310299869624 0.0525394045534151 0.08213820078226858
1 0.5385288966725044 0.41199478487614083 0.08406304728546415 0.14602346805736638
1 0.5205779334500875 0.23402868318122555 0.027145359019264403 0.05345501955671447
1 0.5713660245183888 0.288135593220339 0.04290718038528896 0.07040417209908734
1 0.5823117338003503 0.2346805736636245 0.031523642732048995 0.04432855280312906
1 0.6120840630472855 0.2711864406779661 0.028021015761821366 0.05736636245110824
1 0.6401050788091068 0.2803129074315515 0.03327495621716281 0.07040417209908736
1 0.6725043782837128 0.28096479791395046 0.04553415061295962 0.09778357235984356
1 0.7246059544658494 0.3722294654498044 0.07793345008756569 0.1316818774445893
1 0.7171628721541157 0.6981747066492829 0.12784588441331002 0.26205997392438074
1 0.7570052539404553 0.23402868318122555 0.03239929947460596 0.03780964797913952
1 0.8161120840630474 0.21968709256844848 0.024518388791593737 0.04302477183833117
1 0.8362521891418564 0.2516297262059974 0.028021015761821366 0.059973924380704036
1 0.8752189141856392 0.22033898305084745 0.028896672504378218 0.054758800521512385
1 0.9549036777583187 0.2438070404172099 0.04465849387040288 0.07561929595827899
1 0.9899299474605954 0.20534550195567144 0.01838879159369522 0.043024771838331144
