1 0.12059859154929578 0.7083333333333333 0.11795774647887325 0.13732394366197187
1 0.037411971830985914 0.6220657276995305 0.07306338028169014 0.11032863849765251
1 0.1289612676056338 0.5950704225352113 0.07130281690140845 0.10328638497652576
1 0.24075704225352113 0.6338028169014085 0.08890845070422537 0.10093896713615025
1 0.20818661971830987 0.5328638497652582 0.05545774647887322 0.07276995305164313
1 0.29225352112676056 0.5616197183098592 0.059859154929577496 0.07159624413145538
1 0.3516725352112676 0.5534037558685445 0.04665492957746481 0.07159624413145538
1 0.47579225352112675 0.38380281690140844 0.05721830985915494 0.09859154929577463
1 0.554137323943662 0.585680751173709 0.05017605633802813 0.07276995305164313
1 0.5796654929577465 0.6173708920187793 0.058978873239436624 0.09154929577464788
1 0.6126760563380282 0.6836854460093897 0.07042253521126762 0.11150234741784038
1 0.6817781690140845 0.9166666666666667 0.141725352112676 0.16431924882629112
1 0.894806338028169 0.7171361502347418 0.10475352112676051 0.1338028169014085
1 0.7940140845070423 0.6455399061032865 0.07042253521126751 0.09154929577464788
1 0.7222711267605634 0.5933098591549295 0.053697183098591506 0.08333333333333337
1 0.6888204225352113 0.5715962441314554 0.039612676056338 0.07276995305164324
1 0.554137323943662 0.556924882629108 0.03609154929577463 0.045774647887323994
1 0.8987676056338028 0.5651408450704225 0.04577464788732388 0.06924882629107987
