1 0.2583333333333333 0.75625 0.19791666666666669 0.24583333333333335
1 0.5432291666666667 0.5993055555555555 0.10312500000000008 0.13749999999999996
1 0.621875 0.5305555555555556 0.07708333333333328 0.10833333333333339
1 0.7036458333333333 0.46458333333333335 0.059374999999999956 0.09861111111111104
1 0.73125 0.41388888888888886 0.05208333333333337 0.08055555555555555
1 0.7958333333333334 0.4083333333333333 0.04583333333333328 0.07222222222222219
1 0.8296875 0.38125 0.04270833333333335 0.05972222222222223
1 0.5729166666666667 0.29236111111111107 0.033333333333333326 0.04583333333333334
1 0.559375 0.3923611111111111 0.03541666666666665 0.054166666666666696
1 0.5119791666666667 0.41388888888888886 0.046875 0.05277777777777776
1 0.3640625 0.4423611111111111 0.055208333333333304 0.06805555555555554
1 0.2989583333333333 0.4243055555555556 0.03749999999999998 0.04583333333333334
1 0.21979166666666666 0.5069444444444444 0.05416666666666667 0.0805555555555556
1 0.15781250000000002 0.48125 0.06770833333333334 0.09305555555555556
1 0.17552083333333335 0.4215277777777778 0.04270833333333332 0.05972222222222223
1 0.22395833333333334 0.42083333333333334 0.03125 0.04166666666666663
1 0.1234375 0.44027777777777777 0.038541666666666655 0.05277777777777781
1 0.058854166666666666 0.43194444444444446 0.04479166666666667 0.05277777777777776
1 0.02239583333333333 0.4673611111111111 0.04270833333333333 0.08194444444444443
1 0.014583333333333334 0.5493055555555555 0.027083333333333334 0.10972222222222217
