1 0.07177322074788903 0.4051172707889126 0.03256936067551267 0.08528784648187637
1 0.08262967430639324 0.5042643923240938 0.05669481302774427 0.10874200426439229
1 0.1344993968636912 0.4125799573560768 0.03256936067551265 0.08742004264392322
1 0.14173703256936068 0.30703624733475476 0.015681544028950556 0.03411513859275056
1 0.24607961399276235 0.349680170575693 0.03618817852834741 0.07249466950959488
1 0.2744270205066345 0.26759061833688697 0.027744270205066368 0.05330490405117269
1 0.4161640530759952 0.26332622601279315 0.024125452352231624 0.044776119402985065
1 0.3866103739445115 0.20362473347547977 0.02050663449939688 0.03624733475479744
1 0.3896260554885404 0.24307036247334757 0.016887816646562137 0.03411513859275053
1 0.45174909529553675 0.21748400852878463 0.015681544028950556 0.038379530916844345
1 0.5669481302774427 0.13113006396588486 0.00965018094089265 0.019189765458422173
1 0.5892641737032569 0.26759061833688697 0.020506634499396825 0.044776119402985065
