1 0.19704198473282442 0.4460370994940978 0.04866412213740459 0.09274873524451943
1 0.43416030534351147 0.15767284991568298 0.013358778625954193 0.028667790893760536
1 0.45610687022900764 0.16020236087689715 0.01717557251908397 0.030354131534569978
1 0.4847328244274809 0.18043844856661045 0.020992366412213748 0.03709949409780777
1 0.5081106870229007 0.1888701517706577 0.0181297709923664 0.03372681281618886
1 0.48616412213740456 0.1357504215851602 0.012404580152671763 0.032040472175379434
1 0.5062022900763359 0.14418212478920742 0.018129770992366456 0.028667790893760536
1 0.5295801526717556 0.14586846543001686 0.01717557251908397 0.03204047217537942
1 0.7022900763358779 0.1854974704890388 0.019083969465648942 0.037099494097807745
1 0.7213740458015268 0.193929173693086 0.01908396946564883 0.04047217537942663
1 0.7437977099236641 0.18802698145025296 0.018129770992366456 0.0354131534569983
1 0.7619274809160306 0.18381112984822934 0.018129770992366345 0.03372681281618886
1 0.8015267175572518 0.18043844856661045 0.01717557251908397 0.03709949409780777
1 0.8392175572519084 0.19477234401349072 0.016221374045801484 0.04215851602023607
1 0.8826335877862596 0.2934232715008432 0.020992366412213803 0.05733558178752107
1 0.9093511450381679 0.1703204047217538 0.01717557251908397 0.037099494097807745
1 0.9465648854961832 0.1753794266441821 0.01526717557251911 0.03372681281618886
1 0.9389312977099237 0.23187183811129847 0.01526717557251911 0.038785834738617186
