1 0.06654170571696345 0.4132231404958678 0.03373945641986879 0.06280991735537189
1 0.5721649484536082 0.12561983471074378 0.015932521087160256 0.03636363636363635
1 0.599343955014058 0.12148760330578512 0.014058106841612017 0.02479338842975208
1 0.6246485473289598 0.11652892561983472 0.015932521087160256 0.028099173553719006
1 0.6387066541705717 0.11818181818181818 0.010309278350515427 0.024793388429752067
1 0.6850984067478914 0.12727272727272726 0.013120899718837786 0.026446280991735543
1 0.7183692596063731 0.13636363636363635 0.015932521087160256 0.034710743801652885
1 0.7422680412371134 0.11735537190082646 0.020618556701030966 0.029752066115702483
1 0.774601686972821 0.12727272727272726 0.017806935332708496 0.03636363636363636
1 0.8167760074976569 0.12892561983471074 0.014058106841612017 0.02975206611570247
1 0.46251171508903466 0.1371900826446281 0.01968134957825679 0.02975206611570247
1 0.4896907216494846 0.13636363636363635 0.012183692596063722 0.03140495867768593
1 0.866447985004686 0.15289256198347106 0.015932521087160256 0.038016528925619825
1 0.8894095595126523 0.16611570247933882 0.014995313964386137 0.038016528925619825
1 0.9058106841611997 0.15289256198347106 0.015932521087160256 0.038016528925619825
1 0.5 0.1512396694214876 0.014058106841611961 0.038016528925619825
1 0.5337394564198688 0.1669421487603306 0.025304592314901564 0.0396694214876033
1 0.5763823805060919 0.1743801652892562 0.020618556701030966 0.0347107438016529
1 0.6579194001874414 0.18181818181818182 0.020618556701030855 0.0396694214876033
1 0.6387066541705717 0.2016528925619835 0.017806935332708607 0.042975206611570255
1 0.6954076850984068 0.1793388429752066 0.020618556701030966 0.04793388429752066
1 0.7268041237113403 0.17024793388429751 0.017806935332708496 0.036363636363636376
1 0.7661668228678538 0.17355371900826444 0.019681349578256735 0.0396694214876033
1 0.7895970009372071 0.14793388429752066 0.017806935332708496 0.031404958677685946
1 0.8069353327085286 0.16363636363636364 0.016869728209934376 0.03966942148760333
1 0.8341143392689785 0.1462809917355372 0.013120899718837786 0.024793388429752067
1 0.8486410496719775 0.18016528925619835 0.015932521087160367 0.04628099173553718
1 0.8350515463917525 0.21652892561983472 0.022492970946579205 0.0396694214876033
1 0.9058106841611996 0.2181818181818182 0.025304592314901564 0.04628099173553721
1 0.7806935332708529 0.2016528925619835 0.022492970946579205 0.042975206611570255
1 0.9372071227741331 0.22644628099173553 0.018744142455482615 0.042975206611570255
1 0.930178069353327 0.2603305785123967 0.021555763823804974 0.05454545454545451
1 0.8716026241799437 0.25123966942148757 0.022492970946579205 0.04628099173553718
1 0.7300843486410497 0.21570247933884296 0.026241799437675795 0.04132231404958678
1 0.3767572633552015 0.1884297520661157 0.009372071227741308 0.03966942148760333
1 0.3922211808809747 0.19090909090909092 0.015932521087160256 0.04132231404958678
1 0.41377694470477977 0.19504132231404958 0.01780693533270855 0.042975206611570255
1 0.44095595126522963 0.19669421487603306 0.015932521087160256 0.03966942148760333
1 0.4835988753514527 0.2206611570247934 0.014995313964386137 0.031404958677685946
1 0.5342080599812559 0.21074380165289255 0.020618556701030855 0.0347107438016529
1 0.5627928772258669 0.24380165289256198 0.025304592314901564 0.05785123966942146
1 0.6330834114339269 0.24793388429752067 0.021555763823805085 0.049586776859504106
1 0.6855670103092784 0.2462809917355372 0.025304592314901564 0.05289256198347106
1 0.7656982193064668 0.2462809917355372 0.028116213683224034 0.06280991735537189
1 0.7272727272727273 0.27685950413223137 0.026241799437675795 0.05785123966942146
1 0.7839737582005624 0.2710743801652893 0.027179006560449914 0.049586776859504134
1 0.8434864104967197 0.284297520661157 0.022492970946579205 0.04297520661157023
1 0.32989690721649484 0.2115702479338843 0.013120899718837897 0.02975206611570247
1 0.3397375820056232 0.22561983471074382 0.01780693533270855 0.03471074380165287
1 0.6105904404873477 0.30743801652892566 0.025304592314901564 0.05619834710743804
1 0.5515463917525774 0.3041322314049587 0.025304592314901564 0.059504132231404994
1 0.5121836925960637 0.29504132231404956 0.019681349578256735 0.04793388429752071
1 0.35941893158388005 0.2628099173553719 0.01780693533270855 0.03966942148760333
1 0.36316776007497653 0.30082644628099175 0.02155576382380503 0.04297520661157023
1 0.42174320524835984 0.2487603305785124 0.01874414245548267 0.041322314049586806
1 0.2867853795688847 0.2628099173553719 0.014995313964386137 0.02975206611570247
1 0.26569821930646675 0.26776859504132233 0.02155576382380503 0.036363636363636376
1 0.3406747891283973 0.25950413223140495 0.01968134957825679 0.03636363636363635
1 0.3673851921274602 0.2190082644628099 0.016869728209934376 0.038016528925619825
1 0.5923149015932521 0.14628099173553719 0.013120899718837786 0.0347107438016529
1 0.6152764761012184 0.14132231404958678 0.014058106841612017 0.024793388429752067
1 0.7539831302717901 0.13801652892561983 0.019681349578256846 0.03801652892561984
1 0.6677600749765699 0.20661157024793386 0.023430178069353325 0.042975206611570255
1 0.47094657919400185 0.20082644628099172 0.02155576382380503 0.04132231404958678
1 0.48078725398313027 0.16446280991735537 0.014995313964386137 0.03801652892561985
1 0.40393626991565135 0.2181818181818182 0.01874414245548267 0.04628099173553721
