1 0.12292358803986712 0.5927230046948357 0.18936877076411962 0.27934272300469487
1 0.1287375415282392 0.3004694835680751 0.10132890365448506 0.1596244131455399
1 0.0473421926910299 0.18309859154929575 0.0813953488372093 0.14553990610328638
1 0.2616279069767442 0.1431924882629108 0.07142857142857142 0.1267605633802817
1 0.2574750830564784 0.2734741784037559 0.1029900332225914 0.15727699530516429
1 0.4111295681063123 0.18779342723004694 0.08139534883720934 0.1267605633802817
1 0.4102990033222591 0.352112676056338 0.12292358803986708 0.19248826291079812
1 0.4518272425249169 0.30516431924882625 0.09966777408637867 0.17840375586854457
1 0.6245847176079735 0.21713615023474178 0.07973421926910296 0.14788732394366194
1 0.7267441860465116 0.45892018779342725 0.12126245847176087 0.23239436619718307
1 0.8405315614617941 0.33333333333333337 0.1129568106312292 0.1830985915492958
1 0.7940199335548173 0.22300469483568075 0.0830564784053156 0.15023474178403753
1 0.7707641196013288 0.11971830985915494 0.06312292358803984 0.09859154929577464
1 0.8820598006644518 0.08568075117370891 0.06976744186046513 0.1244131455399061
1 0.9651162790697674 0.11619718309859156 0.0598006644518273 0.13380281690140847
