1 0.045112781954887216 0.4342762063227953 0.02819548872180451 0.059900166389351084
1 0.26033834586466165 0.26955074875207985 0.018796992481203034 0.02995008319467557
1 0.274906015037594 0.2670549084858569 0.017857142857142905 0.0382695507487521
1 0.3157894736842105 0.24459234608985025 0.01879699248120298 0.04326123128119799
1 0.33176691729323304 0.21963394342762063 0.01879699248120298 0.036605657237936795
1 0.337406015037594 0.2512479201331115 0.020676691729323293 0.03660565723793677
1 0.3637218045112782 0.28702163061564057 0.02067669172932335 0.041597337770382714
1 0.3890977443609023 0.29118136439267883 0.022556390977443608 0.04658901830282863
1 0.3543233082706767 0.25707154742096505 0.01691729323308272 0.03161397670549082
1 0.3594924812030075 0.2237936772046589 0.021616541353383478 0.041597337770382714
1 0.3839285714285714 0.18552412645590682 0.01785714285714285 0.03494176372712146
1 0.39708646616541354 0.21464226289517468 0.01785714285714285 0.033277870216306155
1 0.4083646616541353 0.17803660565723795 0.01597744360902259 0.033277870216306155
1 0.41964285714285715 0.19883527454242927 0.015977443609022535 0.041597337770382686
1 0.44125939849624063 0.19550748752079866 0.01785714285714285 0.038269550748752074
1 0.4548872180451128 0.2221297836938436 0.022556390977443608 0.0382695507487521
1 0.47227443609022557 0.23211314475873546 0.025375939849624052 0.0449251247920133
1 0.4760338345864662 0.19550748752079866 0.021616541353383478 0.038269550748752074
1 0.4605263157894737 0.14891846921797003 0.018796992481203034 0.02163061564059901
1 0.4755639097744361 0.1663893510815308 0.018796992481203034 0.029950083194675542
1 0.5159774436090225 0.18718801996672213 0.018796992481203034 0.03494176372712149
1 0.5319548872180451 0.21547420965058237 0.020676691729323293 0.04492512479201333
1 0.5032894736842105 0.13227953410981697 0.012218045112781961 0.024958402662229623
1 0.5512218045112782 0.15391014975041595 0.015977443609022535 0.03161397670549085
1 0.5784774436090225 0.21880199667221298 0.019736842105263164 0.04492512479201333
1 0.5009398496240601 0.29450915141430944 0.026315789473684237 0.05657237936772047
1 0.5770676691729323 0.2953410981697171 0.03007518796992481 0.064891846921797
1 0.569078947368421 0.12479201331114809 0.014097744360902276 0.026622296173044915
1 0.5874060150375939 0.12479201331114809 0.013157894736842146 0.03327787021630617
1 0.5845864661654135 0.16389351081530784 0.016917293233082775 0.03161397670549085
1 0.6000939849624061 0.14309484193011646 0.015977443609022646 0.02662229617304493
1 0.618421052631579 0.14475873544093176 0.013157894736842146 0.02662229617304493
1 0.6165413533834586 0.11647254575707155 0.011278195488721776 0.026622296173044915
1 0.6494360902255639 0.12146422628951747 0.013157894736842035 0.023294509151414303
1 0.644736842105263 0.1439267886855241 0.015037593984962405 0.024958402662229623
1 0.6132518796992481 0.19883527454242927 0.017857142857142794 0.03161397670549085
1 0.6569548872180451 0.17970049916805325 0.016917293233082664 0.033277870216306155
1 0.6701127819548872 0.19800332778702162 0.020676691729323293 0.03660565723793677
1 0.6738721804511278 0.1530782029950083 0.015037593984962405 0.029950083194675542
1 0.6813909774436091 0.1264559068219634 0.015037593984962405 0.03327787021630617
1 0.6917293233082706 0.14725457570715472 0.016917293233082664 0.03161397670549085
1 0.7208646616541353 0.1663893510815308 0.016917293233082775 0.03660565723793677
1 0.7095864661654135 0.1530782029950083 0.011278195488721776 0.02662229617304493
1 0.699718045112782 0.1821963394342762 0.017857142857142905 0.038269550748752074
1 0.6264097744360901 0.24292845257903495 0.02913533834586468 0.05324459234608983
1 0.612781954887218 0.30116472545757067 0.03195488721804518 0.0632279534109817
1 0.6616541353383458 0.281198003327787 0.024436090225563922 0.05324459234608986
1 0.7048872180451128 0.2886855241264559 0.026315789473684292 0.05823627287853578
1 0.7250939849624061 0.22628951747088188 0.021616541353383423 0.04326123128119799
1 0.7354323308270676 0.19883527454242927 0.017857142857142905 0.03494176372712146
1 0.7429511278195489 0.11564059900166389 0.015977443609022535 0.03161397670549085
1 0.7556390977443609 0.13560732113144758 0.016917293233082775 0.03494176372712146
1 0.7697368421052632 0.12895174708818635 0.013157894736842035 0.03161397670549086
1 0.7814849624060151 0.14309484193011646 0.015977443609022535 0.02662229617304493
1 0.7800751879699248 0.17138103161397672 0.018796992481203034 0.03660565723793677
1 0.7664473684210527 0.16722129783693845 0.014097744360902276 0.03161397670549085
1 0.7678571428571429 0.20465890183028285 0.020676691729323293 0.04326123128119799
1 0.7579887218045113 0.240432612312812 0.023496240601503793 0.051580698835274524
1 0.7702067669172932 0.28036605657237934 0.027255639097744422 0.05823627287853578
1 0.8280075187969924 0.2088186356073211 0.022556390977443663 0.04825291181364391
1 0.8463345864661654 0.32113144758735446 0.03289473684210531 0.05657237936772047
1 0.8609022556390977 0.23710482529118138 0.022556390977443552 0.04825291181364391
1 0.8430451127819549 0.19550748752079866 0.018796992481202923 0.041597337770382686
1 0.8392857142857143 0.1530782029950083 0.016917293233082775 0.033277870216306155
1 0.8585526315789473 0.15973377703826955 0.014097744360902276 0.04326123128119802
1 0.8867481203007519 0.16222961730449253 0.014097744360902276 0.03161397670549085
1 0.8961466165413534 0.1589018302828619 0.010338345864661647 0.021630615640598982
1 0.9013157894736843 0.1821963394342762 0.015037593984962405 0.03161397670549085
1 0.8933270676691729 0.20798668885191346 0.017857142857142794 0.03660565723793677
1 0.9083646616541353 0.2329450915141431 0.017857142857142794 0.04326123128119799
1 0.9201127819548872 0.2562396006655574 0.022556390977443552 0.04991680532445922
