1 0.16666666666666669 0.04336734693877551 0.028475711892797323 0.061224489795918366
1 0.0845896147403685 0.3163265306122449 0.08207705192629815 0.13265306122448978
1 0.1440536013400335 0.4910714285714286 0.1306532663316583 0.20153061224489793
1 0.2897822445561139 0.27168367346938777 0.06365159128978226 0.09438775510204081
1 0.4547738693467337 0.4693877551020408 0.08877721943048572 0.1581632653061224
1 0.4765494137353434 0.29591836734693877 0.061976549413735316 0.0969387755102041
1 0.46147403685092125 0.7512755102040816 0.185929648241206 0.28826530612244905
1 0.7529313232830821 0.5561224489795918 0.15242881072026804 0.2346938775510204
1 0.8484087102177554 0.5178571428571429 0.09547738693467345 0.18877551020408162
1 0.8668341708542713 0.2806122448979592 0.07872696817420433 0.11734693877551022
1 0.9798994974874372 0.1875 0.04020100502512558 0.08418367346938777
1 0.7830820770519262 0.2142857142857143 0.035175879396984855 0.06632653061224489
1 0.7504187604690118 0.15051020408163265 0.03015075376884424 0.056122448979591844
1 0.6549413735343383 0.15816326530612246 0.02345058626465657 0.04591836734693877
1 0.5561139028475712 0.16454081632653061 0.02010050251256279 0.038265306122448994
