1 0.042218543046357616 0.5244565217391304 0.07781456953642384 0.11956521739130432
1 0.04056291390728477 0.4483695652173913 0.054635761589403975 0.07608695652173914
1 0.054635761589403975 0.6603260869565217 0.08609271523178808 0.13586956521739135
1 0.11920529801324503 0.5733695652173914 0.08940397350993377 0.10869565217391297
1 0.09188741721854304 0.3804347826086957 0.041390728476821195 0.07608695652173914
1 0.1564569536423841 0.35190217391304346 0.05132450331125826 0.0733695652173913
1 0.20860927152317882 0.42934782608695654 0.059602649006622516 0.09239130434782611
1 0.2549668874172185 0.37907608695652173 0.05298013245033112 0.0842391304347826
1 0.3576158940397351 0.3070652173913043 0.03642384105960261 0.06521739130434784
1 0.41887417218543044 0.36277173913043476 0.046357615894039694 0.0625
1 0.4652317880794702 0.40625 0.05298013245033112 0.0842391304347826
1 0.43543046357615894 0.5054347826086957 0.08609271523178808 0.10869565217391308
1 0.32947019867549665 0.6698369565217391 0.09933774834437087 0.1657608695652173
1 0.6688741721854305 0.5720108695652174 0.09933774834437081 0.15489130434782616
1 0.7756622516556291 0.5149456521739131 0.09437086092715241 0.1440217391304348
1 0.6622516556291391 0.39266304347826086 0.05298013245033106 0.06793478260869568
1 0.5943708609271523 0.4076086956521739 0.04304635761589404 0.07608695652173914
1 0.597682119205298 0.31385869565217395 0.0298013245033113 0.05706521739130438
1 0.6581125827814569 0.328804347826087 0.04470198675496684 0.05434782608695654
1 0.706953642384106 0.33559782608695654 0.036423841059602724 0.06793478260869562
1 0.7698675496688743 0.32608695652173914 0.04304635761589404 0.05978260869565222
1 0.8336092715231789 0.4008152173913043 0.05132450331125826 0.0733695652173913
1 0.8617549668874172 0.33967391304347827 0.05132450331125826 0.06521739130434784
1 0.9693708609271523 0.4252717391304348 0.0612582781456954 0.10597826086956524
1 0.9693708609271523 0.3532608695652174 0.04801324503311255 0.07608695652173914
